"","total","pacotes","custo"
"1",4885,977,3908
"2",4030,806,3224
"3",7045,1409,5636
"4",5965,1193,4772
"5",4845,969,3876
"6",4205,841,3364
"7",7035,1407,5628
"8",4630,926,3704
"9",5555,1111,4444
"10",6650,1330,5320
"11",3805,761,3044
"12",5265,1053,4212
"13",4750,950,3800
"14",4925,985,3940
"15",4085,817,3268
"16",4380,876,3504
"17",6345,1269,5076
"18",4345,869,3476
"19",2975,595,2380
"20",4065,813,3252
"21",3925,785,3140
"22",5680,1136,4544
"23",3615,723,2892
"24",3970,794,3176
"25",4800,960,3840
"26",4525,905,3620
"27",4850,970,3880
"28",4350,870,3480
"29",4400,880,3520
"30",5540,1108,4432
"31",4035,807,3228
"32",4825,965,3860
"33",4230,846,3384
"34",4215,843,3372
"35",4170,834,3336
"36",4755,951,3804
"37",7680,1536,6144
"38",4845,969,3876
"39",3620,724,2896
"40",4935,987,3948
"41",4380,876,3504
"42",5200,1040,4160
"43",5785,1157,4628
"44",4390,878,3512
"45",4510,902,3608
"46",3945,789,3156
"47",3865,773,3092
"48",4185,837,3348
"49",5825,1165,4660
"50",4705,941,3764
"51",4070,814,3256
"52",5695,1139,4556
"53",5510,1102,4408
"54",5055,1011,4044
"55",6675,1335,5340
"56",5490,1098,4392
"57",5470,1094,4376
"58",5495,1099,4396
"59",4890,978,3912
"60",4795,959,3836
"61",4780,956,3824
"62",3605,721,2884
"63",3635,727,2908
"64",4065,813,3252
"65",3940,788,3152
"66",3835,767,3068
"67",4240,848,3392
"68",4245,849,3396
"69",6040,1208,4832
"70",5410,1082,4328
"71",5075,1015,4060
"72",4500,900,3600
"73",7135,1427,5708
"74",4240,848,3392
"75",5300,1060,4240
"76",5935,1187,4748
"77",4280,856,3424
"78",4110,822,3288
"79",4560,912,3648
"80",4125,825,3300
"81",4465,893,3572
"82",4965,993,3972
"83",4785,957,3828
"84",4515,903,3612
"85",4975,995,3980
"86",4385,877,3508
"87",4410,882,3528
"88",5640,1128,4512
"89",3920,784,3136
"90",5840,1168,4672
"91",5800,1160,4640
"92",4110,822,3288
"93",4830,966,3864
"94",4315,863,3452
"95",4765,953,3812
"96",4845,969,3876
"97",5795,1159,4636
"98",4730,946,3784
"99",5120,1024,4096
"100",3870,774,3096
"101",4835,967,3868
"102",4575,915,3660
"103",4350,870,3480
"104",3580,716,2864
"105",5480,1096,4384
"106",7365,1473,5892
"107",4225,845,3380
"108",3525,705,2820
"109",4255,851,3404
"110",4410,882,3528
"111",3460,692,2768
"112",4140,828,3312
"113",4015,803,3212
"114",4080,816,3264
"115",5760,1152,4608
"116",4450,890,3560
"117",5055,1011,4044
"118",3635,727,2908
"119",5225,1045,4180
"120",3710,742,2968
"121",4020,804,3216
"122",3785,757,3028
"123",4025,805,3220
"124",6705,1341,5364
"125",6105,1221,4884
"126",4155,831,3324
"127",4105,821,3284
"128",4015,803,3212
"129",4860,972,3888
"130",4005,801,3204
"131",5125,1025,4100
"132",6435,1287,5148
"133",5355,1071,4284
"134",4150,830,3320
"135",4490,898,3592
"136",4255,851,3404
"137",5125,1025,4100
"138",5480,1096,4384
"139",4245,849,3396
"140",5490,1098,4392
"141",3780,756,3024
"142",4175,835,3340
"143",6440,1288,5152
"144",4435,887,3548
"145",5240,1048,4192
"146",5295,1059,4236
"147",3735,747,2988
"148",3570,714,2856
"149",4110,822,3288
"150",4270,854,3416
"151",4710,942,3768
"152",4230,846,3384
"153",5255,1051,4204
"154",4095,819,3276
"155",4245,849,3396
"156",6465,1293,5172
"157",4995,999,3996
"158",7330,1466,5864
"159",3680,736,2944
"160",3640,728,2912
"161",4685,937,3748
"162",6580,1316,5264
"163",3905,781,3124
"164",5250,1050,4200
"165",5560,1112,4448
"166",5105,1021,4084
"167",4240,848,3392
"168",4680,936,3744
"169",3910,782,3128
"170",4415,883,3532
"171",4865,973,3892
"172",3945,789,3156
"173",9720,1944,7776
"174",4510,902,3608
"175",4990,998,3992
"176",3875,775,3100
"177",6100,1220,4880
"178",4505,901,3604
"179",4555,911,3644
"180",5530,1106,4424
"181",3730,746,2984
"182",3500,700,2800
"183",7050,1410,5640
"184",4440,888,3552
"185",3975,795,3180
"186",4095,819,3276
"187",6180,1236,4944
"188",3715,743,2972
"189",6775,1355,5420
"190",8180,1636,6544
"191",5595,1119,4476
"192",4410,882,3528
"193",4060,812,3248
"194",4745,949,3796
"195",4285,857,3428
"196",3720,744,2976
"197",4605,921,3684
"198",4735,947,3788
"199",4385,877,3508
"200",4605,921,3684
"201",4510,902,3608
"202",7290,1458,5832
"203",4400,880,3520
"204",4405,881,3524
"205",5585,1117,4468
"206",3695,739,2956
"207",4095,819,3276
"208",6680,1336,5344
"209",4020,804,3216
"210",5890,1178,4712
"211",3775,755,3020
"212",4815,963,3852
"213",4400,880,3520
"214",4410,882,3528
"215",3760,752,3008
"216",4005,801,3204
"217",6290,1258,5032
"218",5180,1036,4144
"219",5635,1127,4508
"220",4540,908,3632
"221",4995,999,3996
"222",5105,1021,4084
"223",5245,1049,4196
"224",3895,779,3116
"225",4440,888,3552
"226",3460,692,2768
"227",3980,796,3184
"228",4340,868,3472
"229",3780,756,3024
"230",5965,1193,4772
"231",3915,783,3132
"232",4540,908,3632
"233",4865,973,3892
"234",5245,1049,4196
"235",4195,839,3356
"236",3710,742,2968
"237",5175,1035,4140
"238",5735,1147,4588
"239",5210,1042,4168
"240",5060,1012,4048
"241",4160,832,3328
"242",3670,734,2936
"243",3880,776,3104
"244",4060,812,3248
"245",4680,936,3744
"246",4955,991,3964
"247",5320,1064,4256
"248",3550,710,2840
"249",4925,985,3940
"250",4880,976,3904
"251",4515,903,3612
"252",5525,1105,4420
"253",4565,913,3652
"254",4320,864,3456
"255",4715,943,3772
"256",3685,737,2948
"257",3915,783,3132
"258",4245,849,3396
"259",4720,944,3776
"260",4990,998,3992
"261",3700,740,2960
"262",3820,764,3056
"263",4205,841,3364
"264",6450,1290,5160
"265",3960,792,3168
"266",5430,1086,4344
"267",5200,1040,4160
"268",5175,1035,4140
"269",7185,1437,5748
"270",5205,1041,4164
"271",3860,772,3088
"272",4535,907,3628
"273",4410,882,3528
"274",4335,867,3468
"275",5710,1142,4568
"276",3595,719,2876
"277",6950,1390,5560
"278",4165,833,3332
"279",3465,693,2772
"280",5345,1069,4276
"281",3980,796,3184
"282",4295,859,3436
"283",5810,1162,4648
"284",3845,769,3076
"285",4130,826,3304
"286",4860,972,3888
"287",4855,971,3884
"288",4430,886,3544
"289",6110,1222,4888
"290",4990,998,3992
"291",4610,922,3688
"292",4190,838,3352
"293",5715,1143,4572
"294",3910,782,3128
"295",5420,1084,4336
"296",4420,884,3536
"297",7465,1493,5972
"298",4375,875,3500
"299",6510,1302,5208
"300",3335,667,2668
"301",3790,758,3032
"302",4920,984,3936
"303",5295,1059,4236
"304",6295,1259,5036
"305",4705,941,3764
"306",5725,1145,4580
"307",4795,959,3836
"308",4120,824,3296
"309",4865,973,3892
"310",4615,923,3692
"311",5295,1059,4236
"312",4730,946,3784
"313",4425,885,3540
"314",4740,948,3792
"315",3590,718,2872
"316",5080,1016,4064
"317",4675,935,3740
"318",4965,993,3972
"319",4335,867,3468
"320",4855,971,3884
"321",3890,778,3112
"322",4405,881,3524
"323",5510,1102,4408
"324",4555,911,3644
"325",4030,806,3224
"326",4100,820,3280
"327",4990,998,3992
"328",4635,927,3708
"329",4700,940,3760
"330",5055,1011,4044
"331",4285,857,3428
"332",4630,926,3704
"333",4020,804,3216
"334",4740,948,3792
"335",4200,840,3360
"336",7070,1414,5656
"337",6700,1340,5360
"338",3825,765,3060
"339",6035,1207,4828
"340",6525,1305,5220
"341",4885,977,3908
"342",4120,824,3296
"343",4810,962,3848
"344",4955,991,3964
"345",5045,1009,4036
"346",3655,731,2924
"347",4660,932,3728
"348",3705,741,2964
"349",4190,838,3352
"350",4530,906,3624
"351",4445,889,3556
"352",3255,651,2604
"353",5260,1052,4208
"354",6340,1268,5072
"355",3975,795,3180
"356",3580,716,2864
"357",6755,1351,5404
"358",4775,955,3820
"359",4110,822,3288
"360",6055,1211,4844
"361",4310,862,3448
"362",4570,914,3656
"363",3870,774,3096
"364",4940,988,3952
"365",5985,1197,4788
"366",4260,852,3408
"367",4855,971,3884
"368",5165,1033,4132
"369",4245,849,3396
"370",4090,818,3272
"371",5625,1125,4500
"372",4300,860,3440
"373",6575,1315,5260
"374",3645,729,2916
"375",5760,1152,4608
"376",4975,995,3980
"377",3845,769,3076
"378",3945,789,3156
"379",3760,752,3008
"380",4235,847,3388
"381",4265,853,3412
"382",3770,754,3016
"383",3955,791,3164
"384",5095,1019,4076
"385",4480,896,3584
"386",4845,969,3876
"387",7400,1480,5920
"388",3205,641,2564
"389",4235,847,3388
"390",4760,952,3808
"391",4300,860,3440
"392",5525,1105,4420
"393",3315,663,2652
"394",5590,1118,4472
"395",3570,714,2856
"396",3700,740,2960
"397",4095,819,3276
"398",4390,878,3512
"399",5510,1102,4408
"400",4365,873,3492
"401",3770,754,3016
"402",6180,1236,4944
"403",4930,986,3944
"404",4610,922,3688
"405",4405,881,3524
"406",4190,838,3352
"407",4375,875,3500
"408",4290,858,3432
"409",4065,813,3252
"410",4085,817,3268
"411",4350,870,3480
"412",5520,1104,4416
"413",6350,1270,5080
"414",4735,947,3788
"415",4305,861,3444
"416",4525,905,3620
"417",5880,1176,4704
"418",4620,924,3696
"419",4700,940,3760
"420",5220,1044,4176
"421",6870,1374,5496
"422",3680,736,2944
"423",6315,1263,5052
"424",4790,958,3832
"425",5655,1131,4524
"426",5845,1169,4676
"427",5870,1174,4696
"428",4600,920,3680
"429",4755,951,3804
"430",4465,893,3572
"431",4510,902,3608
"432",4870,974,3896
"433",4945,989,3956
"434",4345,869,3476
"435",4295,859,3436
"436",4365,873,3492
"437",4810,962,3848
"438",5520,1104,4416
"439",4445,889,3556
"440",4320,864,3456
"441",3995,799,3196
"442",4995,999,3996
"443",4620,924,3696
"444",5055,1011,4044
"445",4090,818,3272
"446",4570,914,3656
"447",3195,639,2556
"448",4415,883,3532
"449",3960,792,3168
"450",4115,823,3292
"451",4915,983,3932
"452",6230,1246,4984
"453",4150,830,3320
"454",4980,996,3984
"455",4445,889,3556
"456",5285,1057,4228
"457",4025,805,3220
"458",5035,1007,4028
"459",4340,868,3472
"460",3155,631,2524
"461",4265,853,3412
"462",4775,955,3820
"463",4475,895,3580
"464",4085,817,3268
"465",4170,834,3336
"466",4260,852,3408
"467",4165,833,3332
"468",4380,876,3504
"469",4170,834,3336
"470",4360,872,3488
"471",3750,750,3000
"472",4015,803,3212
"473",5450,1090,4360
"474",3990,798,3192
"475",4150,830,3320
"476",3770,754,3016
"477",8805,1761,7044
"478",4595,919,3676
"479",5920,1184,4736
"480",4775,955,3820
"481",5345,1069,4276
"482",5960,1192,4768
"483",4025,805,3220
"484",4475,895,3580
"485",4965,993,3972
"486",3965,793,3172
"487",4920,984,3936
"488",4790,958,3832
"489",5255,1051,4204
"490",3400,680,2720
"491",3415,683,2732
"492",5010,1002,4008
"493",4285,857,3428
"494",4135,827,3308
"495",5635,1127,4508
"496",3990,798,3192
"497",5430,1086,4344
"498",5000,1000,4000
"499",6615,1323,5292
"500",4815,963,3852
"501",4165,833,3332
"502",5705,1141,4564
"503",5655,1131,4524
"504",5680,1136,4544
"505",4820,964,3856
"506",3795,759,3036
"507",5190,1038,4152
"508",3905,781,3124
"509",5210,1042,4168
"510",3505,701,2804
"511",4515,903,3612
"512",4780,956,3824
"513",5250,1050,4200
"514",3795,759,3036
"515",6175,1235,4940
"516",5490,1098,4392
"517",4765,953,3812
"518",4675,935,3740
"519",5130,1026,4104
"520",4390,878,3512
"521",6965,1393,5572
"522",3675,735,2940
"523",4635,927,3708
"524",4075,815,3260
"525",4960,992,3968
"526",4615,923,3692
"527",5095,1019,4076
"528",3825,765,3060
"529",4580,916,3664
"530",5790,1158,4632
"531",4585,917,3668
"532",4530,906,3624
"533",5320,1064,4256
"534",4900,980,3920
"535",3855,771,3084
"536",5580,1116,4464
"537",3660,732,2928
"538",5015,1003,4012
"539",4860,972,3888
"540",5535,1107,4428
"541",3670,734,2936
"542",4725,945,3780
"543",4150,830,3320
"544",3805,761,3044
"545",3775,755,3020
"546",5040,1008,4032
"547",4670,934,3736
"548",4425,885,3540
"549",4150,830,3320
"550",5285,1057,4228
"551",3570,714,2856
"552",3775,755,3020
"553",4815,963,3852
"554",4515,903,3612
"555",4135,827,3308
"556",4250,850,3400
"557",3400,680,2720
"558",5090,1018,4072
"559",5015,1003,4012
"560",4560,912,3648
"561",5975,1195,4780
"562",5140,1028,4112
"563",5885,1177,4708
"564",4235,847,3388
"565",4085,817,3268
"566",6025,1205,4820
"567",5415,1083,4332
"568",4560,912,3648
"569",3910,782,3128
"570",5785,1157,4628
"571",4815,963,3852
"572",4430,886,3544
"573",4120,824,3296
"574",4320,864,3456
"575",4680,936,3744
"576",5375,1075,4300
"577",6985,1397,5588
"578",4320,864,3456
"579",4010,802,3208
"580",4035,807,3228
"581",5315,1063,4252
"582",4020,804,3216
"583",5105,1021,4084
"584",4840,968,3872
"585",4265,853,3412
"586",4040,808,3232
"587",3855,771,3084
"588",5110,1022,4088
"589",4270,854,3416
"590",4110,822,3288
"591",4200,840,3360
"592",4420,884,3536
"593",5650,1130,4520
"594",4140,828,3312
"595",5175,1035,4140
"596",4070,814,3256
"597",4935,987,3948
"598",4240,848,3392
"599",4215,843,3372
"600",3900,780,3120
"601",4825,965,3860
"602",4200,840,3360
"603",6055,1211,4844
"604",3720,744,2976
"605",3580,716,2864
"606",4015,803,3212
"607",4655,931,3724
"608",5490,1098,4392
"609",4750,950,3800
"610",5020,1004,4016
"611",4025,805,3220
"612",4030,806,3224
"613",5005,1001,4004
"614",4540,908,3632
"615",4225,845,3380
"616",4910,982,3928
"617",6425,1285,5140
"618",3535,707,2828
"619",5475,1095,4380
"620",4785,957,3828
"621",4300,860,3440
"622",4275,855,3420
"623",4620,924,3696
"624",3675,735,2940
"625",4255,851,3404
"626",3985,797,3188
"627",3890,778,3112
"628",4030,806,3224
"629",3620,724,2896
"630",6230,1246,4984
"631",4605,921,3684
"632",4555,911,3644
"633",5830,1166,4664
"634",4195,839,3356
"635",4760,952,3808
"636",4385,877,3508
"637",4580,916,3664
"638",5455,1091,4364
"639",6085,1217,4868
"640",5780,1156,4624
"641",7130,1426,5704
"642",5390,1078,4312
"643",3920,784,3136
"644",4095,819,3276
"645",3935,787,3148
"646",3785,757,3028
"647",5405,1081,4324
"648",7435,1487,5948
"649",5375,1075,4300
"650",4915,983,3932
"651",5710,1142,4568
"652",6940,1388,5552
"653",4095,819,3276
"654",4785,957,3828
"655",7570,1514,6056
"656",4220,844,3376
"657",5945,1189,4756
"658",4300,860,3440
"659",4210,842,3368
"660",4045,809,3236
"661",4020,804,3216
"662",4010,802,3208
"663",4815,963,3852
"664",5650,1130,4520
"665",4395,879,3516
"666",4070,814,3256
"667",4425,885,3540
"668",5515,1103,4412
"669",3535,707,2828
"670",6145,1229,4916
"671",4930,986,3944
"672",4040,808,3232
"673",3780,756,3024
"674",5295,1059,4236
"675",4145,829,3316
"676",3910,782,3128
"677",4660,932,3728
"678",4665,933,3732
"679",4595,919,3676
"680",5410,1082,4328
"681",6375,1275,5100
"682",4155,831,3324
"683",4720,944,3776
"684",4125,825,3300
"685",4640,928,3712
"686",5520,1104,4416
"687",6165,1233,4932
"688",4755,951,3804
"689",4260,852,3408
"690",3650,730,2920
"691",4920,984,3936
"692",5445,1089,4356
"693",4060,812,3248
"694",5375,1075,4300
"695",3915,783,3132
"696",5970,1194,4776
"697",5215,1043,4172
"698",4900,980,3920
"699",5000,1000,4000
"700",4800,960,3840
"701",4020,804,3216
"702",6205,1241,4964
"703",4860,972,3888
"704",4220,844,3376
"705",3650,730,2920
"706",4800,960,3840
"707",4700,940,3760
"708",4320,864,3456
"709",4675,935,3740
"710",5430,1086,4344
"711",3935,787,3148
"712",4420,884,3536
"713",4695,939,3756
"714",5620,1124,4496
"715",3705,741,2964
"716",5985,1197,4788
"717",5810,1162,4648
"718",4545,909,3636
"719",4750,950,3800
"720",4490,898,3592
"721",3850,770,3080
"722",4655,931,3724
"723",5075,1015,4060
"724",4980,996,3984
"725",5095,1019,4076
"726",5325,1065,4260
"727",4405,881,3524
"728",3620,724,2896
"729",4590,918,3672
"730",4820,964,3856
"731",3850,770,3080
"732",3540,708,2832
"733",3415,683,2732
"734",4260,852,3408
"735",3860,772,3088
"736",5190,1038,4152
"737",4330,866,3464
"738",3690,738,2952
"739",3485,697,2788
"740",8595,1719,6876
"741",2990,598,2392
"742",6120,1224,4896
"743",4330,866,3464
"744",6820,1364,5456
"745",4045,809,3236
"746",4000,800,3200
"747",3745,749,2996
"748",3930,786,3144
"749",5485,1097,4388
"750",5330,1066,4264
"751",4075,815,3260
"752",4845,969,3876
"753",4490,898,3592
"754",4505,901,3604
"755",4830,966,3864
"756",4745,949,3796
"757",4965,993,3972
"758",3715,743,2972
"759",4075,815,3260
"760",4640,928,3712
"761",6255,1251,5004
"762",4850,970,3880
"763",5715,1143,4572
"764",5600,1120,4480
"765",4680,936,3744
"766",5175,1035,4140
"767",4280,856,3424
"768",5115,1023,4092
"769",3445,689,2756
"770",7320,1464,5856
"771",4290,858,3432
"772",4420,884,3536
"773",4545,909,3636
"774",4775,955,3820
"775",4390,878,3512
"776",4240,848,3392
"777",4845,969,3876
"778",4330,866,3464
"779",4155,831,3324
"780",3810,762,3048
"781",3850,770,3080
"782",6035,1207,4828
"783",4045,809,3236
"784",3680,736,2944
"785",4490,898,3592
"786",5005,1001,4004
"787",3660,732,2928
"788",3340,668,2672
"789",3955,791,3164
"790",5825,1165,4660
"791",6865,1373,5492
"792",5505,1101,4404
"793",4760,952,3808
"794",4360,872,3488
"795",4180,836,3344
"796",5190,1038,4152
"797",4850,970,3880
"798",5495,1099,4396
"799",5015,1003,4012
"800",4730,946,3784
"801",5700,1140,4560
"802",3785,757,3028
"803",5665,1133,4532
"804",4350,870,3480
"805",5025,1005,4020
"806",4770,954,3816
"807",4040,808,3232
"808",5600,1120,4480
"809",3110,622,2488
"810",3740,748,2992
"811",4735,947,3788
"812",4525,905,3620
"813",4700,940,3760
"814",4860,972,3888
"815",3680,736,2944
"816",4530,906,3624
"817",5540,1108,4432
"818",4980,996,3984
"819",3910,782,3128
"820",3465,693,2772
"821",4625,925,3700
"822",3865,773,3092
"823",4580,916,3664
"824",3815,763,3052
"825",3935,787,3148
"826",5270,1054,4216
"827",4330,866,3464
"828",3955,791,3164
"829",3655,731,2924
"830",4245,849,3396
"831",4750,950,3800
"832",4280,856,3424
"833",4175,835,3340
"834",3585,717,2868
"835",3535,707,2828
"836",4705,941,3764
"837",5350,1070,4280
"838",4900,980,3920
"839",5325,1065,4260
"840",4590,918,3672
"841",3970,794,3176
"842",4480,896,3584
"843",4495,899,3596
"844",5925,1185,4740
"845",5160,1032,4128
"846",5775,1155,4620
"847",8105,1621,6484
"848",4365,873,3492
"849",4160,832,3328
"850",4620,924,3696
"851",4255,851,3404
"852",8675,1735,6940
"853",4345,869,3476
"854",4775,955,3820
"855",4770,954,3816
"856",3905,781,3124
"857",5075,1015,4060
"858",3235,647,2588
"859",3370,674,2696
"860",5485,1097,4388
"861",4305,861,3444
"862",5305,1061,4244
"863",4065,813,3252
"864",4775,955,3820
"865",4310,862,3448
"866",5475,1095,4380
"867",4930,986,3944
"868",3705,741,2964
"869",4485,897,3588
"870",5380,1076,4304
"871",5505,1101,4404
"872",4270,854,3416
"873",6040,1208,4832
"874",4845,969,3876
"875",5400,1080,4320
"876",4435,887,3548
"877",4870,974,3896
"878",4020,804,3216
"879",5430,1086,4344
"880",5430,1086,4344
"881",4480,896,3584
"882",5305,1061,4244
"883",4710,942,3768
"884",6010,1202,4808
"885",5630,1126,4504
"886",4615,923,3692
"887",4250,850,3400
"888",4850,970,3880
"889",5305,1061,4244
"890",3995,799,3196
"891",3900,780,3120
"892",3995,799,3196
"893",4005,801,3204
"894",4690,938,3752
"895",3505,701,2804
"896",4880,976,3904
"897",4750,950,3800
"898",4765,953,3812
"899",3740,748,2992
"900",4085,817,3268
"901",4230,846,3384
"902",4080,816,3264
"903",3920,784,3136
"904",4715,943,3772
"905",3990,798,3192
"906",4725,945,3780
"907",4280,856,3424
"908",6345,1269,5076
"909",4955,991,3964
"910",7650,1530,6120
"911",5770,1154,4616
"912",4885,977,3908
"913",3605,721,2884
"914",4605,921,3684
"915",3965,793,3172
"916",5265,1053,4212
"917",4130,826,3304
"918",3385,677,2708
"919",4965,993,3972
"920",6205,1241,4964
"921",5895,1179,4716
"922",7785,1557,6228
"923",4575,915,3660
"924",4495,899,3596
"925",4305,861,3444
"926",5990,1198,4792
"927",4985,997,3988
"928",3965,793,3172
"929",5020,1004,4016
"930",4900,980,3920
"931",6890,1378,5512
"932",4390,878,3512
"933",3880,776,3104
"934",5040,1008,4032
"935",5665,1133,4532
"936",3870,774,3096
"937",5015,1003,4012
"938",3495,699,2796
"939",4635,927,3708
"940",5530,1106,4424
"941",3840,768,3072
"942",4920,984,3936
"943",4540,908,3632
"944",4860,972,3888
"945",5245,1049,4196
"946",4820,964,3856
"947",4950,990,3960
"948",3770,754,3016
"949",3240,648,2592
"950",4420,884,3536
"951",5980,1196,4784
"952",4960,992,3968
"953",4095,819,3276
"954",5145,1029,4116
"955",6370,1274,5096
"956",3535,707,2828
"957",5670,1134,4536
"958",5000,1000,4000
"959",4915,983,3932
"960",4310,862,3448
"961",4480,896,3584
"962",4825,965,3860
"963",5620,1124,4496
"964",3810,762,3048
"965",4415,883,3532
"966",3670,734,2936
"967",3715,743,2972
"968",5340,1068,4272
"969",4065,813,3252
"970",4005,801,3204
"971",4250,850,3400
"972",4220,844,3376
"973",4820,964,3856
"974",5400,1080,4320
"975",4385,877,3508
"976",5230,1046,4184
"977",4895,979,3916
"978",4795,959,3836
"979",6795,1359,5436
"980",5515,1103,4412
"981",4870,974,3896
"982",4280,856,3424
"983",6505,1301,5204
"984",4175,835,3340
"985",5315,1063,4252
"986",3980,796,3184
"987",5985,1197,4788
"988",6155,1231,4924
"989",4840,968,3872
"990",4225,845,3380
"991",4920,984,3936
"992",4570,914,3656
"993",6310,1262,5048
"994",4840,968,3872
"995",4620,924,3696
"996",5175,1035,4140
"997",5045,1009,4036
"998",3815,763,3052
"999",4990,998,3992
"1000",4955,991,3964
"1001",3960,792,3168
"1002",7895,1579,6316
"1003",6280,1256,5024
"1004",4285,857,3428
"1005",4805,961,3844
"1006",4645,929,3716
"1007",4335,867,3468
"1008",5860,1172,4688
"1009",3850,770,3080
"1010",4370,874,3496
"1011",5075,1015,4060
"1012",5385,1077,4308
"1013",4505,901,3604
"1014",5640,1128,4512
"1015",4665,933,3732
"1016",5625,1125,4500
"1017",8555,1711,6844
"1018",4510,902,3608
"1019",4845,969,3876
"1020",3605,721,2884
"1021",3235,647,2588
"1022",5065,1013,4052
"1023",3615,723,2892
"1024",4150,830,3320
"1025",3595,719,2876
"1026",3765,753,3012
"1027",5745,1149,4596
"1028",4840,968,3872
"1029",4055,811,3244
"1030",4910,982,3928
"1031",4135,827,3308
"1032",4185,837,3348
"1033",4735,947,3788
"1034",6155,1231,4924
"1035",5350,1070,4280
"1036",4745,949,3796
"1037",4585,917,3668
"1038",4440,888,3552
"1039",5375,1075,4300
"1040",5460,1092,4368
"1041",4165,833,3332
"1042",4705,941,3764
"1043",5400,1080,4320
"1044",4950,990,3960
"1045",4270,854,3416
"1046",5485,1097,4388
"1047",5035,1007,4028
"1048",3825,765,3060
"1049",6615,1323,5292
"1050",3955,791,3164
"1051",4160,832,3328
"1052",3610,722,2888
"1053",4050,810,3240
"1054",3895,779,3116
"1055",3655,731,2924
"1056",4440,888,3552
"1057",5340,1068,4272
"1058",6220,1244,4976
"1059",3880,776,3104
"1060",6335,1267,5068
"1061",4560,912,3648
"1062",4775,955,3820
"1063",3875,775,3100
"1064",5350,1070,4280
"1065",5290,1058,4232
"1066",4255,851,3404
"1067",5885,1177,4708
"1068",5380,1076,4304
"1069",5890,1178,4712
"1070",4495,899,3596
"1071",7265,1453,5812
"1072",6675,1335,5340
"1073",4475,895,3580
"1074",5110,1022,4088
"1075",4025,805,3220
"1076",3925,785,3140
"1077",4830,966,3864
"1078",5200,1040,4160
"1079",4435,887,3548
"1080",4525,905,3620
"1081",4025,805,3220
"1082",5835,1167,4668
"1083",4245,849,3396
"1084",3870,774,3096
"1085",5575,1115,4460
"1086",7270,1454,5816
"1087",4085,817,3268
"1088",5040,1008,4032
"1089",4265,853,3412
"1090",7115,1423,5692
"1091",4605,921,3684
"1092",4935,987,3948
"1093",5990,1198,4792
"1094",4830,966,3864
"1095",4540,908,3632
"1096",4620,924,3696
"1097",4895,979,3916
"1098",5350,1070,4280
"1099",3585,717,2868
"1100",4010,802,3208
"1101",4300,860,3440
"1102",4280,856,3424
"1103",5275,1055,4220
"1104",4320,864,3456
"1105",4725,945,3780
"1106",6495,1299,5196
"1107",4220,844,3376
"1108",4790,958,3832
"1109",4730,946,3784
"1110",4380,876,3504
"1111",6020,1204,4816
"1112",5070,1014,4056
"1113",5500,1100,4400
"1114",4565,913,3652
"1115",3710,742,2968
"1116",3755,751,3004
"1117",5875,1175,4700
"1118",6045,1209,4836
"1119",5220,1044,4176
"1120",4560,912,3648
"1121",4910,982,3928
"1122",5070,1014,4056
"1123",3920,784,3136
"1124",4360,872,3488
"1125",5595,1119,4476
"1126",4515,903,3612
"1127",4565,913,3652
"1128",5805,1161,4644
"1129",4720,944,3776
"1130",4980,996,3984
"1131",5015,1003,4012
"1132",5420,1084,4336
"1133",3810,762,3048
"1134",3945,789,3156
"1135",4430,886,3544
"1136",7855,1571,6284
"1137",4195,839,3356
"1138",4265,853,3412
"1139",3785,757,3028
"1140",4090,818,3272
"1141",3690,738,2952
"1142",4915,983,3932
"1143",3670,734,2936
"1144",3985,797,3188
"1145",5055,1011,4044
"1146",4355,871,3484
"1147",4390,878,3512
"1148",4190,838,3352
"1149",4965,993,3972
"1150",5455,1091,4364
"1151",4515,903,3612
"1152",4915,983,3932
"1153",4510,902,3608
"1154",4210,842,3368
"1155",3870,774,3096
"1156",3815,763,3052
"1157",4500,900,3600
"1158",5935,1187,4748
"1159",5425,1085,4340
"1160",4210,842,3368
"1161",6285,1257,5028
"1162",3805,761,3044
"1163",5535,1107,4428
"1164",4255,851,3404
"1165",6135,1227,4908
"1166",5350,1070,4280
"1167",7625,1525,6100
"1168",5680,1136,4544
"1169",4215,843,3372
"1170",6520,1304,5216
"1171",4635,927,3708
"1172",4520,904,3616
"1173",4390,878,3512
"1174",3500,700,2800
"1175",4470,894,3576
"1176",4860,972,3888
"1177",4490,898,3592
"1178",5280,1056,4224
"1179",4725,945,3780
"1180",4365,873,3492
"1181",5350,1070,4280
"1182",4645,929,3716
"1183",4010,802,3208
"1184",4545,909,3636
"1185",5680,1136,4544
"1186",4900,980,3920
"1187",5840,1168,4672
"1188",5410,1082,4328
"1189",4740,948,3792
"1190",6590,1318,5272
"1191",4150,830,3320
"1192",3950,790,3160
"1193",5625,1125,4500
"1194",3625,725,2900
"1195",3575,715,2860
"1196",5420,1084,4336
"1197",3990,798,3192
"1198",4455,891,3564
"1199",4480,896,3584
"1200",3895,779,3116
"1201",5335,1067,4268
"1202",4375,875,3500
"1203",6095,1219,4876
"1204",4470,894,3576
"1205",5025,1005,4020
"1206",3590,718,2872
"1207",5595,1119,4476
"1208",3365,673,2692
"1209",5310,1062,4248
"1210",5120,1024,4096
"1211",4165,833,3332
"1212",4525,905,3620
"1213",4535,907,3628
"1214",5560,1112,4448
"1215",3540,708,2832
"1216",6575,1315,5260
"1217",4950,990,3960
"1218",3790,758,3032
"1219",5100,1020,4080
"1220",4800,960,3840
"1221",3965,793,3172
"1222",5345,1069,4276
"1223",5600,1120,4480
"1224",4130,826,3304
"1225",4875,975,3900
"1226",4565,913,3652
"1227",5445,1089,4356
"1228",3955,791,3164
"1229",3985,797,3188
"1230",4245,849,3396
"1231",4135,827,3308
"1232",6980,1396,5584
"1233",5300,1060,4240
"1234",5580,1116,4464
"1235",5095,1019,4076
"1236",4655,931,3724
"1237",4470,894,3576
"1238",4810,962,3848
"1239",5230,1046,4184
"1240",4005,801,3204
"1241",4240,848,3392
"1242",4275,855,3420
"1243",5925,1185,4740
"1244",5940,1188,4752
"1245",4380,876,3504
"1246",5700,1140,4560
"1247",4895,979,3916
"1248",3000,600,2400
"1249",4525,905,3620
"1250",5985,1197,4788
"1251",4870,974,3896
"1252",4355,871,3484
"1253",3965,793,3172
"1254",4050,810,3240
"1255",4435,887,3548
"1256",5985,1197,4788
"1257",5765,1153,4612
"1258",4615,923,3692
"1259",5580,1116,4464
"1260",4150,830,3320
"1261",4205,841,3364
"1262",3890,778,3112
"1263",4005,801,3204
"1264",5155,1031,4124
"1265",4270,854,3416
"1266",4750,950,3800
"1267",4235,847,3388
"1268",4450,890,3560
"1269",4940,988,3952
"1270",4140,828,3312
"1271",3770,754,3016
"1272",5095,1019,4076
"1273",4575,915,3660
"1274",3980,796,3184
"1275",4895,979,3916
"1276",4885,977,3908
"1277",4195,839,3356
"1278",4415,883,3532
"1279",5045,1009,4036
"1280",6225,1245,4980
"1281",3775,755,3020
"1282",5950,1190,4760
"1283",4575,915,3660
"1284",4265,853,3412
"1285",5365,1073,4292
"1286",3845,769,3076
"1287",4605,921,3684
"1288",5265,1053,4212
"1289",5200,1040,4160
"1290",4620,924,3696
"1291",5090,1018,4072
"1292",6055,1211,4844
"1293",3635,727,2908
"1294",5200,1040,4160
"1295",4325,865,3460
"1296",4905,981,3924
"1297",3765,753,3012
"1298",3925,785,3140
"1299",4800,960,3840
"1300",3385,677,2708
"1301",6020,1204,4816
"1302",4245,849,3396
"1303",4885,977,3908
"1304",3795,759,3036
"1305",4810,962,3848
"1306",5955,1191,4764
"1307",5175,1035,4140
"1308",4880,976,3904
"1309",4420,884,3536
"1310",3990,798,3192
"1311",5720,1144,4576
"1312",3640,728,2912
"1313",3925,785,3140
"1314",4980,996,3984
"1315",3855,771,3084
"1316",4020,804,3216
"1317",4080,816,3264
"1318",5795,1159,4636
"1319",3315,663,2652
"1320",4560,912,3648
"1321",3920,784,3136
"1322",4990,998,3992
"1323",4355,871,3484
"1324",5280,1056,4224
"1325",3485,697,2788
"1326",3950,790,3160
"1327",4705,941,3764
"1328",4700,940,3760
"1329",5005,1001,4004
"1330",6465,1293,5172
"1331",6845,1369,5476
"1332",4330,866,3464
"1333",3900,780,3120
"1334",4950,990,3960
"1335",5980,1196,4784
"1336",4455,891,3564
"1337",4565,913,3652
"1338",4335,867,3468
"1339",6170,1234,4936
"1340",5005,1001,4004
"1341",6450,1290,5160
"1342",5260,1052,4208
"1343",3605,721,2884
"1344",6270,1254,5016
"1345",4245,849,3396
"1346",4800,960,3840
"1347",7575,1515,6060
"1348",4845,969,3876
"1349",4590,918,3672
"1350",4485,897,3588
"1351",4480,896,3584
"1352",5895,1179,4716
"1353",4520,904,3616
"1354",3735,747,2988
"1355",3870,774,3096
"1356",5125,1025,4100
"1357",6395,1279,5116
"1358",4880,976,3904
"1359",6420,1284,5136
"1360",4855,971,3884
"1361",4915,983,3932
"1362",6015,1203,4812
"1363",5840,1168,4672
"1364",4215,843,3372
"1365",3630,726,2904
"1366",4990,998,3992
"1367",5090,1018,4072
"1368",4475,895,3580
"1369",4170,834,3336
"1370",3860,772,3088
"1371",5635,1127,4508
"1372",5060,1012,4048
"1373",4570,914,3656
"1374",5110,1022,4088
"1375",4280,856,3424
"1376",5615,1123,4492
"1377",5750,1150,4600
"1378",4520,904,3616
"1379",5055,1011,4044
"1380",3785,757,3028
"1381",5820,1164,4656
"1382",3545,709,2836
"1383",5110,1022,4088
"1384",5660,1132,4528
"1385",4425,885,3540
"1386",5725,1145,4580
"1387",4265,853,3412
"1388",5520,1104,4416
"1389",6310,1262,5048
"1390",4510,902,3608
"1391",5700,1140,4560
"1392",4010,802,3208
"1393",3805,761,3044
"1394",4705,941,3764
"1395",4305,861,3444
"1396",5120,1024,4096
"1397",5140,1028,4112
"1398",4380,876,3504
"1399",4740,948,3792
"1400",5725,1145,4580
"1401",5055,1011,4044
"1402",5525,1105,4420
"1403",5040,1008,4032
"1404",4230,846,3384
"1405",5210,1042,4168
"1406",4025,805,3220
"1407",6910,1382,5528
"1408",5810,1162,4648
"1409",3645,729,2916
"1410",3825,765,3060
"1411",4175,835,3340
"1412",5975,1195,4780
"1413",3970,794,3176
"1414",4040,808,3232
"1415",5170,1034,4136
"1416",4425,885,3540
"1417",4320,864,3456
"1418",5905,1181,4724
"1419",3885,777,3108
"1420",4690,938,3752
"1421",4410,882,3528
"1422",4840,968,3872
"1423",4210,842,3368
"1424",5030,1006,4024
"1425",5770,1154,4616
"1426",4505,901,3604
"1427",4790,958,3832
"1428",4465,893,3572
"1429",5045,1009,4036
"1430",4655,931,3724
"1431",4420,884,3536
"1432",4200,840,3360
"1433",4390,878,3512
"1434",4250,850,3400
"1435",4210,842,3368
"1436",5020,1004,4016
"1437",3890,778,3112
"1438",4320,864,3456
"1439",4235,847,3388
"1440",4120,824,3296
"1441",6350,1270,5080
"1442",4185,837,3348
"1443",4115,823,3292
"1444",4685,937,3748
"1445",6030,1206,4824
"1446",3800,760,3040
"1447",5955,1191,4764
"1448",5340,1068,4272
"1449",4480,896,3584
"1450",5275,1055,4220
"1451",5440,1088,4352
"1452",4875,975,3900
"1453",4870,974,3896
"1454",5170,1034,4136
"1455",3880,776,3104
"1456",5630,1126,4504
"1457",4180,836,3344
"1458",4240,848,3392
"1459",4850,970,3880
"1460",6235,1247,4988
"1461",5845,1169,4676
"1462",6005,1201,4804
"1463",4865,973,3892
"1464",4740,948,3792
"1465",4040,808,3232
"1466",4360,872,3488
"1467",4160,832,3328
"1468",4425,885,3540
"1469",5035,1007,4028
"1470",3965,793,3172
"1471",5660,1132,4528
"1472",6065,1213,4852
"1473",3990,798,3192
"1474",4190,838,3352
"1475",5025,1005,4020
"1476",3175,635,2540
"1477",4705,941,3764
"1478",4705,941,3764
"1479",3970,794,3176
"1480",3915,783,3132
"1481",3305,661,2644
"1482",6225,1245,4980
"1483",3810,762,3048
"1484",4895,979,3916
"1485",3740,748,2992
"1486",3740,748,2992
"1487",3730,746,2984
"1488",3825,765,3060
"1489",4485,897,3588
"1490",4145,829,3316
"1491",6290,1258,5032
"1492",5640,1128,4512
"1493",4860,972,3888
"1494",5870,1174,4696
"1495",4680,936,3744
"1496",4385,877,3508
"1497",5335,1067,4268
"1498",4235,847,3388
"1499",4755,951,3804
"1500",5770,1154,4616
"1501",4065,813,3252
"1502",5095,1019,4076
"1503",5005,1001,4004
"1504",5840,1168,4672
"1505",4600,920,3680
"1506",3955,791,3164
"1507",3250,650,2600
"1508",5285,1057,4228
"1509",4125,825,3300
"1510",3930,786,3144
"1511",4015,803,3212
"1512",7025,1405,5620
"1513",4870,974,3896
"1514",3465,693,2772
"1515",4935,987,3948
"1516",4620,924,3696
"1517",4485,897,3588
"1518",5750,1150,4600
"1519",5240,1048,4192
"1520",5305,1061,4244
"1521",4490,898,3592
"1522",3900,780,3120
"1523",5020,1004,4016
"1524",4860,972,3888
"1525",5065,1013,4052
"1526",3840,768,3072
"1527",5330,1066,4264
"1528",4480,896,3584
"1529",5615,1123,4492
"1530",4710,942,3768
"1531",4045,809,3236
"1532",4175,835,3340
"1533",6665,1333,5332
"1534",6020,1204,4816
"1535",4640,928,3712
"1536",4490,898,3592
"1537",4755,951,3804
"1538",5185,1037,4148
"1539",5795,1159,4636
"1540",4530,906,3624
"1541",4030,806,3224
"1542",7470,1494,5976
"1543",4735,947,3788
"1544",5480,1096,4384
"1545",4860,972,3888
"1546",4535,907,3628
"1547",3915,783,3132
"1548",7275,1455,5820
"1549",4515,903,3612
"1550",3950,790,3160
"1551",4255,851,3404
"1552",4050,810,3240
"1553",5365,1073,4292
"1554",5200,1040,4160
"1555",4090,818,3272
"1556",6330,1266,5064
"1557",4625,925,3700
"1558",5145,1029,4116
"1559",3630,726,2904
"1560",5985,1197,4788
"1561",3695,739,2956
"1562",4155,831,3324
"1563",4970,994,3976
"1564",4530,906,3624
"1565",3570,714,2856
"1566",4425,885,3540
"1567",5240,1048,4192
"1568",4415,883,3532
"1569",4855,971,3884
"1570",4715,943,3772
"1571",5185,1037,4148
"1572",3830,766,3064
"1573",4960,992,3968
"1574",5580,1116,4464
"1575",5285,1057,4228
"1576",4495,899,3596
"1577",4245,849,3396
"1578",4585,917,3668
"1579",4305,861,3444
"1580",4175,835,3340
"1581",3915,783,3132
"1582",3825,765,3060
"1583",4475,895,3580
"1584",5560,1112,4448
"1585",4790,958,3832
"1586",4555,911,3644
"1587",5645,1129,4516
"1588",3765,753,3012
"1589",3465,693,2772
"1590",4955,991,3964
"1591",5380,1076,4304
"1592",4875,975,3900
"1593",5070,1014,4056
"1594",4690,938,3752
"1595",4550,910,3640
"1596",4905,981,3924
"1597",4075,815,3260
"1598",4395,879,3516
"1599",3575,715,2860
"1600",4125,825,3300
"1601",4750,950,3800
"1602",4660,932,3728
"1603",4640,928,3712
"1604",4230,846,3384
"1605",3990,798,3192
"1606",4010,802,3208
"1607",6310,1262,5048
"1608",4695,939,3756
"1609",4545,909,3636
"1610",4855,971,3884
"1611",4405,881,3524
"1612",4290,858,3432
"1613",5315,1063,4252
"1614",7360,1472,5888
"1615",7110,1422,5688
"1616",5475,1095,4380
"1617",4325,865,3460
"1618",6010,1202,4808
"1619",4290,858,3432
"1620",3610,722,2888
"1621",4250,850,3400
"1622",4115,823,3292
"1623",4870,974,3896
"1624",3435,687,2748
"1625",4100,820,3280
"1626",4645,929,3716
"1627",4315,863,3452
"1628",4260,852,3408
"1629",3845,769,3076
"1630",4700,940,3760
"1631",4445,889,3556
"1632",4485,897,3588
"1633",5525,1105,4420
"1634",4670,934,3736
"1635",6385,1277,5108
"1636",4245,849,3396
"1637",5525,1105,4420
"1638",4895,979,3916
"1639",4855,971,3884
"1640",5325,1065,4260
"1641",3730,746,2984
"1642",4925,985,3940
"1643",4840,968,3872
"1644",4945,989,3956
"1645",5265,1053,4212
"1646",5445,1089,4356
"1647",4595,919,3676
"1648",6135,1227,4908
"1649",5020,1004,4016
"1650",3550,710,2840
"1651",4830,966,3864
"1652",4185,837,3348
"1653",5990,1198,4792
"1654",5090,1018,4072
"1655",6130,1226,4904
"1656",5200,1040,4160
"1657",5160,1032,4128
"1658",4390,878,3512
"1659",4810,962,3848
"1660",3935,787,3148
"1661",5020,1004,4016
"1662",4775,955,3820
"1663",5405,1081,4324
"1664",5530,1106,4424
"1665",5595,1119,4476
"1666",4170,834,3336
"1667",5325,1065,4260
"1668",4915,983,3932
"1669",4770,954,3816
"1670",4230,846,3384
"1671",4815,963,3852
"1672",4455,891,3564
"1673",5185,1037,4148
"1674",4225,845,3380
"1675",4485,897,3588
"1676",4425,885,3540
"1677",4715,943,3772
"1678",3685,737,2948
"1679",3635,727,2908
"1680",4670,934,3736
"1681",4025,805,3220
"1682",5165,1033,4132
"1683",5090,1018,4072
"1684",4050,810,3240
"1685",4040,808,3232
"1686",3690,738,2952
"1687",4470,894,3576
"1688",5060,1012,4048
"1689",4010,802,3208
"1690",4255,851,3404
"1691",4560,912,3648
"1692",4075,815,3260
"1693",4745,949,3796
"1694",4070,814,3256
"1695",5360,1072,4288
"1696",5130,1026,4104
"1697",4170,834,3336
"1698",4205,841,3364
"1699",4360,872,3488
"1700",5810,1162,4648
"1701",3665,733,2932
"1702",4065,813,3252
"1703",4040,808,3232
"1704",4940,988,3952
"1705",5775,1155,4620
"1706",5550,1110,4440
"1707",4640,928,3712
"1708",4395,879,3516
"1709",4050,810,3240
"1710",4210,842,3368
"1711",4100,820,3280
"1712",4135,827,3308
"1713",3670,734,2936
"1714",6205,1241,4964
"1715",3865,773,3092
"1716",5020,1004,4016
"1717",5045,1009,4036
"1718",4045,809,3236
"1719",3820,764,3056
"1720",3430,686,2744
"1721",4665,933,3732
"1722",5120,1024,4096
"1723",4695,939,3756
"1724",4360,872,3488
"1725",4735,947,3788
"1726",4920,984,3936
"1727",5845,1169,4676
"1728",4285,857,3428
"1729",5035,1007,4028
"1730",5380,1076,4304
"1731",4280,856,3424
"1732",5075,1015,4060
"1733",3965,793,3172
"1734",4185,837,3348
"1735",3750,750,3000
"1736",6005,1201,4804
"1737",4515,903,3612
"1738",4395,879,3516
"1739",3955,791,3164
"1740",4060,812,3248
"1741",3955,791,3164
"1742",7135,1427,5708
"1743",4030,806,3224
"1744",4610,922,3688
"1745",4325,865,3460
"1746",5805,1161,4644
"1747",5555,1111,4444
"1748",6480,1296,5184
"1749",5375,1075,4300
"1750",3335,667,2668
"1751",5415,1083,4332
"1752",5790,1158,4632
"1753",5265,1053,4212
"1754",5295,1059,4236
"1755",4785,957,3828
"1756",4195,839,3356
"1757",4140,828,3312
"1758",3945,789,3156
"1759",4390,878,3512
"1760",3965,793,3172
"1761",5735,1147,4588
"1762",4135,827,3308
"1763",5080,1016,4064
"1764",4350,870,3480
"1765",4745,949,3796
"1766",5830,1166,4664
"1767",4390,878,3512
"1768",4060,812,3248
"1769",6400,1280,5120
"1770",3890,778,3112
"1771",4955,991,3964
"1772",4010,802,3208
"1773",3875,775,3100
"1774",4155,831,3324
"1775",3995,799,3196
"1776",4285,857,3428
"1777",3395,679,2716
"1778",4525,905,3620
"1779",4430,886,3544
"1780",5475,1095,4380
"1781",4150,830,3320
"1782",4640,928,3712
"1783",4415,883,3532
"1784",4735,947,3788
"1785",5145,1029,4116
"1786",4500,900,3600
"1787",3930,786,3144
"1788",6225,1245,4980
"1789",6515,1303,5212
"1790",4945,989,3956
"1791",5690,1138,4552
"1792",6595,1319,5276
"1793",5480,1096,4384
"1794",4030,806,3224
"1795",3655,731,2924
"1796",4690,938,3752
"1797",4400,880,3520
"1798",5255,1051,4204
"1799",4585,917,3668
"1800",4550,910,3640
"1801",4930,986,3944
"1802",4085,817,3268
"1803",4435,887,3548
"1804",3955,791,3164
"1805",3780,756,3024
"1806",4840,968,3872
"1807",3225,645,2580
"1808",4570,914,3656
"1809",4580,916,3664
"1810",4725,945,3780
"1811",4420,884,3536
"1812",5070,1014,4056
"1813",7005,1401,5604
"1814",3885,777,3108
"1815",5890,1178,4712
"1816",4800,960,3840
"1817",5565,1113,4452
"1818",3385,677,2708
"1819",4045,809,3236
"1820",3980,796,3184
"1821",4395,879,3516
"1822",5190,1038,4152
"1823",4195,839,3356
"1824",4960,992,3968
"1825",4055,811,3244
"1826",5030,1006,4024
"1827",4835,967,3868
"1828",5715,1143,4572
"1829",3290,658,2632
"1830",4440,888,3552
"1831",4325,865,3460
"1832",3830,766,3064
"1833",4920,984,3936
"1834",5345,1069,4276
"1835",3985,797,3188
"1836",5025,1005,4020
"1837",5265,1053,4212
"1838",4070,814,3256
"1839",3875,775,3100
"1840",4720,944,3776
"1841",4540,908,3632
"1842",5135,1027,4108
"1843",4405,881,3524
"1844",4315,863,3452
"1845",4300,860,3440
"1846",4080,816,3264
"1847",4855,971,3884
"1848",3285,657,2628
"1849",4070,814,3256
"1850",5000,1000,4000
"1851",4350,870,3480
"1852",5545,1109,4436
"1853",3880,776,3104
"1854",5655,1131,4524
"1855",4080,816,3264
"1856",4590,918,3672
"1857",4485,897,3588
"1858",4760,952,3808
"1859",4500,900,3600
"1860",3935,787,3148
"1861",4090,818,3272
"1862",4460,892,3568
"1863",3735,747,2988
"1864",4860,972,3888
"1865",4495,899,3596
"1866",4405,881,3524
"1867",5210,1042,4168
"1868",4530,906,3624
"1869",4495,899,3596
"1870",4980,996,3984
"1871",6270,1254,5016
"1872",4070,814,3256
"1873",4825,965,3860
"1874",3965,793,3172
"1875",5705,1141,4564
"1876",4345,869,3476
"1877",4590,918,3672
"1878",3825,765,3060
"1879",4390,878,3512
"1880",4770,954,3816
"1881",4000,800,3200
"1882",4020,804,3216
"1883",5515,1103,4412
"1884",3745,749,2996
"1885",5095,1019,4076
"1886",4150,830,3320
"1887",4365,873,3492
"1888",3770,754,3016
"1889",4975,995,3980
"1890",5170,1034,4136
"1891",4715,943,3772
"1892",5155,1031,4124
"1893",5235,1047,4188
"1894",3950,790,3160
"1895",4660,932,3728
"1896",4415,883,3532
"1897",4000,800,3200
"1898",3900,780,3120
"1899",4550,910,3640
"1900",3690,738,2952
"1901",4115,823,3292
"1902",3640,728,2912
"1903",7015,1403,5612
"1904",5155,1031,4124
"1905",3685,737,2948
"1906",4070,814,3256
"1907",4600,920,3680
"1908",4260,852,3408
"1909",4275,855,3420
"1910",3855,771,3084
"1911",5575,1115,4460
"1912",6330,1266,5064
"1913",4695,939,3756
"1914",3840,768,3072
"1915",5560,1112,4448
"1916",4365,873,3492
"1917",5000,1000,4000
"1918",5695,1139,4556
"1919",3405,681,2724
"1920",4625,925,3700
"1921",4840,968,3872
"1922",5435,1087,4348
"1923",7680,1536,6144
"1924",3900,780,3120
"1925",4700,940,3760
"1926",4620,924,3696
"1927",5345,1069,4276
"1928",4940,988,3952
"1929",5060,1012,4048
"1930",3250,650,2600
"1931",4835,967,3868
"1932",4380,876,3504
"1933",4640,928,3712
"1934",4445,889,3556
"1935",3890,778,3112
"1936",3650,730,2920
"1937",3910,782,3128
"1938",5125,1025,4100
"1939",5855,1171,4684
"1940",5390,1078,4312
"1941",3540,708,2832
"1942",5200,1040,4160
"1943",4275,855,3420
"1944",4125,825,3300
"1945",3840,768,3072
"1946",4720,944,3776
"1947",4560,912,3648
"1948",4095,819,3276
"1949",4295,859,3436
"1950",4185,837,3348
"1951",5945,1189,4756
"1952",4490,898,3592
"1953",5095,1019,4076
"1954",4290,858,3432
"1955",4170,834,3336
"1956",5415,1083,4332
"1957",5415,1083,4332
"1958",4500,900,3600
"1959",5650,1130,4520
"1960",4615,923,3692
"1961",4430,886,3544
"1962",3620,724,2896
"1963",4035,807,3228
"1964",4320,864,3456
"1965",4935,987,3948
"1966",4090,818,3272
"1967",5460,1092,4368
"1968",3610,722,2888
"1969",5285,1057,4228
"1970",3785,757,3028
"1971",4795,959,3836
"1972",5185,1037,4148
"1973",4075,815,3260
"1974",4505,901,3604
"1975",3730,746,2984
"1976",5880,1176,4704
"1977",3925,785,3140
"1978",4870,974,3896
"1979",5360,1072,4288
"1980",4610,922,3688
"1981",5885,1177,4708
"1982",3670,734,2936
"1983",4010,802,3208
"1984",6180,1236,4944
"1985",5265,1053,4212
"1986",4645,929,3716
"1987",5055,1011,4044
"1988",6000,1200,4800
"1989",4510,902,3608
"1990",7715,1543,6172
"1991",4900,980,3920
"1992",5640,1128,4512
"1993",3555,711,2844
"1994",5485,1097,4388
"1995",5175,1035,4140
"1996",4700,940,3760
"1997",5210,1042,4168
"1998",4875,975,3900
"1999",5665,1133,4532
"2000",5900,1180,4720
"2001",5100,1020,4080
"2002",4735,947,3788
"2003",6690,1338,5352
"2004",4545,909,3636
"2005",6660,1332,5328
"2006",5165,1033,4132
"2007",5025,1005,4020
"2008",5765,1153,4612
"2009",5090,1018,4072
"2010",4540,908,3632
"2011",4560,912,3648
"2012",5090,1018,4072
"2013",4635,927,3708
"2014",3410,682,2728
"2015",4785,957,3828
"2016",6330,1266,5064
"2017",4675,935,3740
"2018",4140,828,3312
"2019",5355,1071,4284
"2020",5205,1041,4164
"2021",4780,956,3824
"2022",3855,771,3084
"2023",4420,884,3536
"2024",5820,1164,4656
"2025",3720,744,2976
"2026",5600,1120,4480
"2027",5455,1091,4364
"2028",4785,957,3828
"2029",3880,776,3104
"2030",5940,1188,4752
"2031",6250,1250,5000
"2032",3835,767,3068
"2033",4415,883,3532
"2034",4420,884,3536
"2035",5210,1042,4168
"2036",4055,811,3244
"2037",4145,829,3316
"2038",3950,790,3160
"2039",6265,1253,5012
"2040",4775,955,3820
"2041",5135,1027,4108
"2042",4310,862,3448
"2043",3685,737,2948
"2044",4705,941,3764
"2045",5155,1031,4124
"2046",5815,1163,4652
"2047",4010,802,3208
"2048",3970,794,3176
"2049",3990,798,3192
"2050",3650,730,2920
"2051",4295,859,3436
"2052",4810,962,3848
"2053",4625,925,3700
"2054",4360,872,3488
"2055",3825,765,3060
"2056",6575,1315,5260
"2057",3880,776,3104
"2058",6850,1370,5480
"2059",3750,750,3000
"2060",7245,1449,5796
"2061",3820,764,3056
"2062",6320,1264,5056
"2063",4640,928,3712
"2064",5065,1013,4052
"2065",3805,761,3044
"2066",4350,870,3480
"2067",5005,1001,4004
"2068",5295,1059,4236
"2069",4480,896,3584
"2070",5025,1005,4020
"2071",4480,896,3584
"2072",5505,1101,4404
"2073",4435,887,3548
"2074",4115,823,3292
"2075",4840,968,3872
"2076",4210,842,3368
"2077",4885,977,3908
"2078",4590,918,3672
"2079",4345,869,3476
"2080",5470,1094,4376
"2081",6625,1325,5300
"2082",4465,893,3572
"2083",4215,843,3372
"2084",5220,1044,4176
"2085",6445,1289,5156
"2086",3725,745,2980
"2087",5670,1134,4536
"2088",4815,963,3852
"2089",4200,840,3360
"2090",4265,853,3412
"2091",4455,891,3564
"2092",4495,899,3596
"2093",3565,713,2852
"2094",4695,939,3756
"2095",4240,848,3392
"2096",4765,953,3812
"2097",6760,1352,5408
"2098",6360,1272,5088
"2099",4545,909,3636
"2100",3350,670,2680
"2101",3810,762,3048
"2102",5910,1182,4728
"2103",4435,887,3548
"2104",4795,959,3836
"2105",4205,841,3364
"2106",4705,941,3764
"2107",5820,1164,4656
"2108",4775,955,3820
"2109",4250,850,3400
"2110",4180,836,3344
"2111",4370,874,3496
"2112",5350,1070,4280
"2113",4045,809,3236
"2114",5130,1026,4104
"2115",4120,824,3296
"2116",5750,1150,4600
"2117",4595,919,3676
"2118",4345,869,3476
"2119",5770,1154,4616
"2120",5710,1142,4568
"2121",4610,922,3688
"2122",5145,1029,4116
"2123",3870,774,3096
"2124",4350,870,3480
"2125",5040,1008,4032
"2126",3685,737,2948
"2127",4040,808,3232
"2128",5490,1098,4392
"2129",3945,789,3156
"2130",4315,863,3452
"2131",4805,961,3844
"2132",3935,787,3148
"2133",3700,740,2960
"2134",4300,860,3440
"2135",4225,845,3380
"2136",3480,696,2784
"2137",4960,992,3968
"2138",3740,748,2992
"2139",6115,1223,4892
"2140",4870,974,3896
"2141",4280,856,3424
"2142",4075,815,3260
"2143",3490,698,2792
"2144",4335,867,3468
"2145",4090,818,3272
"2146",4655,931,3724
"2147",5940,1188,4752
"2148",5150,1030,4120
"2149",4585,917,3668
"2150",4660,932,3728
"2151",5485,1097,4388
"2152",3880,776,3104
"2153",4630,926,3704
"2154",4840,968,3872
"2155",5700,1140,4560
"2156",4930,986,3944
"2157",6170,1234,4936
"2158",4075,815,3260
"2159",3775,755,3020
"2160",3770,754,3016
"2161",4495,899,3596
"2162",4290,858,3432
"2163",4575,915,3660
"2164",6605,1321,5284
"2165",6110,1222,4888
"2166",9040,1808,7232
"2167",5120,1024,4096
"2168",4935,987,3948
"2169",4700,940,3760
"2170",7085,1417,5668
"2171",4195,839,3356
"2172",3855,771,3084
"2173",4780,956,3824
"2174",4355,871,3484
"2175",4535,907,3628
"2176",3605,721,2884
"2177",3515,703,2812
"2178",3690,738,2952
"2179",4425,885,3540
"2180",5500,1100,4400
"2181",6565,1313,5252
"2182",4595,919,3676
"2183",5495,1099,4396
"2184",7680,1536,6144
"2185",5070,1014,4056
"2186",4130,826,3304
"2187",4400,880,3520
"2188",6180,1236,4944
"2189",4695,939,3756
"2190",4020,804,3216
"2191",4265,853,3412
"2192",4270,854,3416
"2193",5930,1186,4744
"2194",5130,1026,4104
"2195",3595,719,2876
"2196",4710,942,3768
"2197",4650,930,3720
"2198",5070,1014,4056
"2199",4270,854,3416
"2200",5875,1175,4700
"2201",7535,1507,6028
"2202",4135,827,3308
"2203",6145,1229,4916
"2204",4715,943,3772
"2205",4070,814,3256
"2206",5495,1099,4396
"2207",4035,807,3228
"2208",5380,1076,4304
"2209",4840,968,3872
"2210",6240,1248,4992
"2211",4520,904,3616
"2212",6730,1346,5384
"2213",4745,949,3796
"2214",4275,855,3420
"2215",4460,892,3568
"2216",6205,1241,4964
"2217",4050,810,3240
"2218",5335,1067,4268
"2219",3840,768,3072
"2220",5015,1003,4012
"2221",4200,840,3360
"2222",6610,1322,5288
"2223",4275,855,3420
"2224",4920,984,3936
"2225",4460,892,3568
"2226",3505,701,2804
"2227",4690,938,3752
"2228",3790,758,3032
"2229",4305,861,3444
"2230",5710,1142,4568
"2231",3775,755,3020
"2232",5290,1058,4232
"2233",3990,798,3192
"2234",4065,813,3252
"2235",4045,809,3236
"2236",4395,879,3516
"2237",5460,1092,4368
"2238",4285,857,3428
"2239",3505,701,2804
"2240",6480,1296,5184
"2241",3955,791,3164
"2242",5725,1145,4580
"2243",3450,690,2760
"2244",4730,946,3784
"2245",3980,796,3184
"2246",4415,883,3532
"2247",6130,1226,4904
"2248",5640,1128,4512
"2249",4745,949,3796
"2250",3980,796,3184
"2251",3570,714,2856
"2252",4525,905,3620
"2253",6245,1249,4996
"2254",4220,844,3376
"2255",4995,999,3996
"2256",5170,1034,4136
"2257",4555,911,3644
"2258",3970,794,3176
"2259",5370,1074,4296
"2260",5140,1028,4112
"2261",3800,760,3040
"2262",4865,973,3892
"2263",6760,1352,5408
"2264",5360,1072,4288
"2265",4530,906,3624
"2266",4425,885,3540
"2267",6215,1243,4972
"2268",6710,1342,5368
"2269",4335,867,3468
"2270",4305,861,3444
"2271",4230,846,3384
"2272",4990,998,3992
"2273",4180,836,3344
"2274",5775,1155,4620
"2275",6045,1209,4836
"2276",5955,1191,4764
"2277",4065,813,3252
"2278",5130,1026,4104
"2279",4205,841,3364
"2280",4190,838,3352
"2281",3610,722,2888
"2282",4225,845,3380
"2283",5410,1082,4328
"2284",6490,1298,5192
"2285",3525,705,2820
"2286",5845,1169,4676
"2287",4575,915,3660
"2288",4135,827,3308
"2289",4375,875,3500
"2290",4615,923,3692
"2291",4235,847,3388
"2292",4630,926,3704
"2293",4465,893,3572
"2294",4000,800,3200
"2295",3815,763,3052
"2296",4550,910,3640
"2297",4945,989,3956
"2298",4935,987,3948
"2299",6170,1234,4936
"2300",4780,956,3824
"2301",5615,1123,4492
"2302",4320,864,3456
"2303",4845,969,3876
"2304",3580,716,2864
"2305",5310,1062,4248
"2306",5165,1033,4132
"2307",4235,847,3388
"2308",5060,1012,4048
"2309",4895,979,3916
"2310",3510,702,2808
"2311",4740,948,3792
"2312",4285,857,3428
"2313",3685,737,2948
"2314",6090,1218,4872
"2315",4705,941,3764
"2316",3710,742,2968
"2317",4700,940,3760
"2318",5615,1123,4492
"2319",4280,856,3424
"2320",4525,905,3620
"2321",4125,825,3300
"2322",5485,1097,4388
"2323",5925,1185,4740
"2324",4990,998,3992
"2325",4995,999,3996
"2326",4225,845,3380
"2327",4720,944,3776
"2328",4695,939,3756
"2329",4585,917,3668
"2330",3510,702,2808
"2331",8225,1645,6580
"2332",5875,1175,4700
"2333",4220,844,3376
"2334",4910,982,3928
"2335",3715,743,2972
"2336",5810,1162,4648
"2337",5070,1014,4056
"2338",4890,978,3912
"2339",6350,1270,5080
"2340",4110,822,3288
"2341",5125,1025,4100
"2342",4810,962,3848
"2343",5235,1047,4188
"2344",5205,1041,4164
"2345",3790,758,3032
"2346",3995,799,3196
"2347",5135,1027,4108
"2348",4870,974,3896
"2349",5105,1021,4084
"2350",6395,1279,5116
"2351",5215,1043,4172
"2352",5140,1028,4112
"2353",6115,1223,4892
"2354",4295,859,3436
"2355",5805,1161,4644
"2356",5795,1159,4636
"2357",5095,1019,4076
"2358",4030,806,3224
"2359",4600,920,3680
"2360",4730,946,3784
"2361",4505,901,3604
"2362",4700,940,3760
"2363",4880,976,3904
"2364",3990,798,3192
"2365",5215,1043,4172
"2366",4015,803,3212
"2367",4920,984,3936
"2368",4265,853,3412
"2369",4305,861,3444
"2370",4825,965,3860
"2371",6090,1218,4872
"2372",6160,1232,4928
"2373",4105,821,3284
"2374",4715,943,3772
"2375",4970,994,3976
"2376",5240,1048,4192
"2377",3700,740,2960
"2378",6735,1347,5388
"2379",4440,888,3552
"2380",5680,1136,4544
"2381",4950,990,3960
"2382",4015,803,3212
"2383",4460,892,3568
"2384",5220,1044,4176
"2385",4375,875,3500
"2386",6090,1218,4872
"2387",4390,878,3512
"2388",5180,1036,4144
"2389",5530,1106,4424
"2390",3890,778,3112
"2391",3845,769,3076
"2392",4310,862,3448
"2393",5415,1083,4332
"2394",5120,1024,4096
"2395",5235,1047,4188
"2396",4530,906,3624
"2397",5090,1018,4072
"2398",4670,934,3736
"2399",4115,823,3292
"2400",4440,888,3552
"2401",4960,992,3968
"2402",3855,771,3084
"2403",4565,913,3652
"2404",3185,637,2548
"2405",4020,804,3216
"2406",4385,877,3508
"2407",6185,1237,4948
"2408",4305,861,3444
"2409",5965,1193,4772
"2410",9235,1847,7388
"2411",4545,909,3636
"2412",6445,1289,5156
"2413",4990,998,3992
"2414",5430,1086,4344
"2415",3775,755,3020
"2416",4045,809,3236
"2417",3850,770,3080
"2418",5870,1174,4696
"2419",3895,779,3116
"2420",5830,1166,4664
"2421",6125,1225,4900
"2422",5140,1028,4112
"2423",4565,913,3652
"2424",4720,944,3776
"2425",3460,692,2768
"2426",4830,966,3864
"2427",3150,630,2520
"2428",5080,1016,4064
"2429",5605,1121,4484
"2430",6125,1225,4900
"2431",4475,895,3580
"2432",4460,892,3568
"2433",4650,930,3720
"2434",4410,882,3528
"2435",4520,904,3616
"2436",6610,1322,5288
"2437",4595,919,3676
"2438",6410,1282,5128
"2439",6105,1221,4884
"2440",3795,759,3036
"2441",4190,838,3352
"2442",4770,954,3816
"2443",3915,783,3132
"2444",4380,876,3504
"2445",4630,926,3704
"2446",4030,806,3224
"2447",5195,1039,4156
"2448",4460,892,3568
"2449",7020,1404,5616
"2450",4200,840,3360
"2451",4475,895,3580
"2452",3790,758,3032
"2453",5400,1080,4320
"2454",5330,1066,4264
"2455",4385,877,3508
"2456",4145,829,3316
"2457",5055,1011,4044
"2458",5660,1132,4528
"2459",4635,927,3708
"2460",6390,1278,5112
"2461",5395,1079,4316
"2462",3415,683,2732
"2463",4055,811,3244
"2464",4210,842,3368
"2465",4670,934,3736
"2466",4105,821,3284
"2467",5015,1003,4012
"2468",4400,880,3520
"2469",3960,792,3168
"2470",5605,1121,4484
"2471",3730,746,2984
"2472",5040,1008,4032
"2473",4580,916,3664
"2474",4735,947,3788
"2475",4105,821,3284
"2476",4725,945,3780
"2477",5100,1020,4080
"2478",6955,1391,5564
"2479",3945,789,3156
"2480",4490,898,3592
"2481",4095,819,3276
"2482",6080,1216,4864
"2483",4110,822,3288
"2484",4325,865,3460
"2485",5620,1124,4496
"2486",5225,1045,4180
"2487",3615,723,2892
"2488",3950,790,3160
"2489",3190,638,2552
"2490",4175,835,3340
"2491",4095,819,3276
"2492",4190,838,3352
"2493",4530,906,3624
"2494",4440,888,3552
"2495",4120,824,3296
"2496",5120,1024,4096
"2497",5380,1076,4304
"2498",6280,1256,5024
"2499",4570,914,3656
"2500",4095,819,3276
"2501",4530,906,3624
"2502",4255,851,3404
"2503",4250,850,3400
"2504",6035,1207,4828
"2505",4675,935,3740
"2506",4330,866,3464
"2507",4155,831,3324
"2508",3945,789,3156
"2509",4000,800,3200
"2510",4855,971,3884
"2511",5155,1031,4124
"2512",5750,1150,4600
"2513",4510,902,3608
"2514",4245,849,3396
"2515",5795,1159,4636
"2516",3910,782,3128
"2517",4675,935,3740
"2518",4485,897,3588
"2519",4830,966,3864
"2520",4315,863,3452
"2521",3975,795,3180
"2522",3625,725,2900
"2523",5960,1192,4768
"2524",6565,1313,5252
"2525",4805,961,3844
"2526",3620,724,2896
"2527",4185,837,3348
"2528",3650,730,2920
"2529",5220,1044,4176
"2530",5390,1078,4312
"2531",3835,767,3068
"2532",5195,1039,4156
"2533",4645,929,3716
"2534",3970,794,3176
"2535",4760,952,3808
"2536",6550,1310,5240
"2537",5020,1004,4016
"2538",4585,917,3668
"2539",5130,1026,4104
"2540",5060,1012,4048
"2541",4720,944,3776
"2542",3805,761,3044
"2543",4245,849,3396
"2544",5075,1015,4060
"2545",6170,1234,4936
"2546",4955,991,3964
"2547",5335,1067,4268
"2548",5160,1032,4128
"2549",5390,1078,4312
"2550",5155,1031,4124
"2551",5895,1179,4716
"2552",5025,1005,4020
"2553",5020,1004,4016
"2554",5085,1017,4068
"2555",4710,942,3768
"2556",3835,767,3068
"2557",4205,841,3364
"2558",5500,1100,4400
"2559",4875,975,3900
"2560",4975,995,3980
"2561",3920,784,3136
"2562",3955,791,3164
"2563",5040,1008,4032
"2564",5110,1022,4088
"2565",5335,1067,4268
"2566",3345,669,2676
"2567",4580,916,3664
"2568",3890,778,3112
"2569",4445,889,3556
"2570",4315,863,3452
"2571",5430,1086,4344
"2572",5925,1185,4740
"2573",5920,1184,4736
"2574",4400,880,3520
"2575",4165,833,3332
"2576",3350,670,2680
"2577",5300,1060,4240
"2578",4900,980,3920
"2579",5370,1074,4296
"2580",3830,766,3064
"2581",4865,973,3892
"2582",4845,969,3876
"2583",4230,846,3384
"2584",3335,667,2668
"2585",3690,738,2952
"2586",5065,1013,4052
"2587",4615,923,3692
"2588",5180,1036,4144
"2589",4080,816,3264
"2590",4435,887,3548
"2591",5400,1080,4320
"2592",4735,947,3788
"2593",5310,1062,4248
"2594",4470,894,3576
"2595",4105,821,3284
"2596",4310,862,3448
"2597",4020,804,3216
"2598",5410,1082,4328
"2599",4670,934,3736
"2600",3405,681,2724
"2601",6055,1211,4844
"2602",4420,884,3536
"2603",4965,993,3972
"2604",4090,818,3272
"2605",4880,976,3904
"2606",4830,966,3864
"2607",4365,873,3492
"2608",4025,805,3220
"2609",4945,989,3956
"2610",4535,907,3628
"2611",3800,760,3040
"2612",4715,943,3772
"2613",4400,880,3520
"2614",4195,839,3356
"2615",5185,1037,4148
"2616",4260,852,3408
"2617",4590,918,3672
"2618",4780,956,3824
"2619",6505,1301,5204
"2620",5330,1066,4264
"2621",6595,1319,5276
"2622",4200,840,3360
"2623",6530,1306,5224
"2624",5480,1096,4384
"2625",5300,1060,4240
"2626",6135,1227,4908
"2627",4335,867,3468
"2628",4810,962,3848
"2629",4330,866,3464
"2630",5030,1006,4024
"2631",4955,991,3964
"2632",6050,1210,4840
"2633",5060,1012,4048
"2634",4925,985,3940
"2635",4330,866,3464
"2636",5645,1129,4516
"2637",3995,799,3196
"2638",4590,918,3672
"2639",4380,876,3504
"2640",4630,926,3704
"2641",4630,926,3704
"2642",4490,898,3592
"2643",3950,790,3160
"2644",4755,951,3804
"2645",5585,1117,4468
"2646",4340,868,3472
"2647",4350,870,3480
"2648",5530,1106,4424
"2649",4685,937,3748
"2650",4530,906,3624
"2651",3735,747,2988
"2652",4880,976,3904
"2653",5225,1045,4180
"2654",5215,1043,4172
"2655",4840,968,3872
"2656",4295,859,3436
"2657",4185,837,3348
"2658",4575,915,3660
"2659",3730,746,2984
"2660",3770,754,3016
"2661",5395,1079,4316
"2662",4285,857,3428
"2663",4045,809,3236
"2664",5285,1057,4228
"2665",4885,977,3908
"2666",5310,1062,4248
"2667",4530,906,3624
"2668",3875,775,3100
"2669",4200,840,3360
"2670",5090,1018,4072
"2671",4495,899,3596
"2672",5110,1022,4088
"2673",5225,1045,4180
"2674",3745,749,2996
"2675",4305,861,3444
"2676",4660,932,3728
"2677",4695,939,3756
"2678",3830,766,3064
"2679",5740,1148,4592
"2680",5290,1058,4232
"2681",4665,933,3732
"2682",5995,1199,4796
"2683",5525,1105,4420
"2684",4430,886,3544
"2685",5140,1028,4112
"2686",3960,792,3168
"2687",3690,738,2952
"2688",4780,956,3824
"2689",4315,863,3452
"2690",3865,773,3092
"2691",4370,874,3496
"2692",4065,813,3252
"2693",6150,1230,4920
"2694",3695,739,2956
"2695",5110,1022,4088
"2696",4030,806,3224
"2697",5575,1115,4460
"2698",3765,753,3012
"2699",3910,782,3128
"2700",4680,936,3744
"2701",5565,1113,4452
"2702",3560,712,2848
"2703",4620,924,3696
"2704",5850,1170,4680
"2705",5860,1172,4688
"2706",6530,1306,5224
"2707",4420,884,3536
"2708",4520,904,3616
"2709",4595,919,3676
"2710",4355,871,3484
"2711",4710,942,3768
"2712",3640,728,2912
"2713",3935,787,3148
"2714",5785,1157,4628
"2715",7275,1455,5820
"2716",5935,1187,4748
"2717",4140,828,3312
"2718",5620,1124,4496
"2719",4070,814,3256
"2720",3825,765,3060
"2721",4845,969,3876
"2722",3520,704,2816
"2723",3920,784,3136
"2724",3530,706,2824
"2725",5710,1142,4568
"2726",5740,1148,4592
"2727",3850,770,3080
"2728",4895,979,3916
"2729",3825,765,3060
"2730",3920,784,3136
"2731",3805,761,3044
"2732",5790,1158,4632
"2733",4930,986,3944
"2734",3335,667,2668
"2735",3845,769,3076
"2736",6500,1300,5200
"2737",4005,801,3204
"2738",5550,1110,4440
"2739",5060,1012,4048
"2740",4070,814,3256
"2741",5580,1116,4464
"2742",4575,915,3660
"2743",5770,1154,4616
"2744",4175,835,3340
"2745",4065,813,3252
"2746",4595,919,3676
"2747",4255,851,3404
"2748",3750,750,3000
"2749",3905,781,3124
"2750",3345,669,2676
"2751",4825,965,3860
"2752",4715,943,3772
"2753",5625,1125,4500
"2754",5065,1013,4052
"2755",6045,1209,4836
"2756",4040,808,3232
"2757",4980,996,3984
"2758",4435,887,3548
"2759",4315,863,3452
"2760",5580,1116,4464
"2761",4900,980,3920
"2762",4645,929,3716
"2763",5320,1064,4256
"2764",4470,894,3576
"2765",3985,797,3188
"2766",6565,1313,5252
"2767",5975,1195,4780
"2768",4540,908,3632
"2769",4370,874,3496
"2770",4245,849,3396
"2771",5075,1015,4060
"2772",4305,861,3444
"2773",4730,946,3784
"2774",6015,1203,4812
"2775",4720,944,3776
"2776",3940,788,3152
"2777",4335,867,3468
"2778",5560,1112,4448
"2779",5590,1118,4472
"2780",4860,972,3888
"2781",5965,1193,4772
"2782",5115,1023,4092
"2783",5325,1065,4260
"2784",4690,938,3752
"2785",4465,893,3572
"2786",4635,927,3708
"2787",4180,836,3344
"2788",5510,1102,4408
"2789",4820,964,3856
"2790",5480,1096,4384
"2791",4680,936,3744
"2792",4055,811,3244
"2793",5025,1005,4020
"2794",5425,1085,4340
"2795",4405,881,3524
"2796",4060,812,3248
"2797",4820,964,3856
"2798",3785,757,3028
"2799",5770,1154,4616
"2800",3965,793,3172
"2801",6420,1284,5136
"2802",6065,1213,4852
"2803",4500,900,3600
"2804",5485,1097,4388
"2805",4315,863,3452
"2806",5480,1096,4384
"2807",5700,1140,4560
"2808",5790,1158,4632
"2809",4325,865,3460
"2810",3995,799,3196
"2811",4960,992,3968
"2812",4090,818,3272
"2813",4250,850,3400
"2814",4280,856,3424
"2815",3340,668,2672
"2816",5785,1157,4628
"2817",3095,619,2476
"2818",4660,932,3728
"2819",4560,912,3648
"2820",4715,943,3772
"2821",4610,922,3688
"2822",4060,812,3248
"2823",4550,910,3640
"2824",3640,728,2912
"2825",4995,999,3996
"2826",4695,939,3756
"2827",4970,994,3976
"2828",3325,665,2660
"2829",4870,974,3896
"2830",5305,1061,4244
"2831",4410,882,3528
"2832",6565,1313,5252
"2833",5265,1053,4212
"2834",4205,841,3364
"2835",4925,985,3940
"2836",3905,781,3124
"2837",4810,962,3848
"2838",5890,1178,4712
"2839",4140,828,3312
"2840",5130,1026,4104
"2841",4840,968,3872
"2842",6795,1359,5436
"2843",5305,1061,4244
"2844",3795,759,3036
"2845",5495,1099,4396
"2846",5925,1185,4740
"2847",5420,1084,4336
"2848",4110,822,3288
"2849",4190,838,3352
"2850",5220,1044,4176
"2851",7305,1461,5844
"2852",3875,775,3100
"2853",4355,871,3484
"2854",4340,868,3472
"2855",5250,1050,4200
"2856",4950,990,3960
"2857",3890,778,3112
"2858",5180,1036,4144
"2859",5085,1017,4068
"2860",3575,715,2860
"2861",4420,884,3536
"2862",5615,1123,4492
"2863",4500,900,3600
"2864",6130,1226,4904
"2865",4185,837,3348
"2866",4840,968,3872
"2867",4410,882,3528
"2868",4150,830,3320
"2869",5370,1074,4296
"2870",4165,833,3332
"2871",6370,1274,5096
"2872",5690,1138,4552
"2873",6920,1384,5536
"2874",4215,843,3372
"2875",3880,776,3104
"2876",4165,833,3332
"2877",4830,966,3864
"2878",4615,923,3692
"2879",3995,799,3196
"2880",5260,1052,4208
"2881",3790,758,3032
"2882",6180,1236,4944
"2883",4605,921,3684
"2884",3790,758,3032
"2885",4580,916,3664
"2886",4810,962,3848
"2887",5475,1095,4380
"2888",5905,1181,4724
"2889",4915,983,3932
"2890",4725,945,3780
"2891",4775,955,3820
"2892",3795,759,3036
"2893",3705,741,2964
"2894",5100,1020,4080
"2895",4880,976,3904
"2896",4195,839,3356
"2897",5645,1129,4516
"2898",4490,898,3592
"2899",4020,804,3216
"2900",4730,946,3784
"2901",4895,979,3916
"2902",4395,879,3516
"2903",4230,846,3384
"2904",5930,1186,4744
"2905",3895,779,3116
"2906",5050,1010,4040
"2907",5510,1102,4408
"2908",3870,774,3096
"2909",4690,938,3752
"2910",5120,1024,4096
"2911",3705,741,2964
"2912",4290,858,3432
"2913",3825,765,3060
"2914",4670,934,3736
"2915",4120,824,3296
"2916",4555,911,3644
"2917",4645,929,3716
"2918",3960,792,3168
"2919",4495,899,3596
"2920",5835,1167,4668
"2921",4085,817,3268
"2922",4615,923,3692
"2923",4510,902,3608
"2924",5260,1052,4208
"2925",4250,850,3400
"2926",4925,985,3940
"2927",6370,1274,5096
"2928",4045,809,3236
"2929",4285,857,3428
"2930",3790,758,3032
"2931",3160,632,2528
"2932",5625,1125,4500
"2933",4025,805,3220
"2934",4735,947,3788
"2935",4620,924,3696
"2936",5120,1024,4096
"2937",5000,1000,4000
"2938",3830,766,3064
"2939",4070,814,3256
"2940",4850,970,3880
"2941",3990,798,3192
"2942",4760,952,3808
"2943",3590,718,2872
"2944",4835,967,3868
"2945",5275,1055,4220
"2946",4180,836,3344
"2947",4310,862,3448
"2948",4710,942,3768
"2949",4635,927,3708
"2950",4610,922,3688
"2951",4250,850,3400
"2952",4345,869,3476
"2953",4580,916,3664
"2954",4205,841,3364
"2955",4815,963,3852
"2956",5710,1142,4568
"2957",4405,881,3524
"2958",7705,1541,6164
"2959",3990,798,3192
"2960",3915,783,3132
"2961",3925,785,3140
"2962",4080,816,3264
"2963",4330,866,3464
"2964",4125,825,3300
"2965",4275,855,3420
"2966",4125,825,3300
"2967",5170,1034,4136
"2968",4310,862,3448
"2969",3830,766,3064
"2970",4980,996,3984
"2971",4200,840,3360
"2972",3425,685,2740
"2973",4365,873,3492
"2974",3920,784,3136
"2975",5025,1005,4020
"2976",4440,888,3552
"2977",3995,799,3196
"2978",5635,1127,4508
"2979",3750,750,3000
"2980",5455,1091,4364
"2981",4225,845,3380
"2982",6035,1207,4828
"2983",4785,957,3828
"2984",4285,857,3428
"2985",5360,1072,4288
"2986",4520,904,3616
"2987",3945,789,3156
"2988",4650,930,3720
"2989",5710,1142,4568
"2990",4120,824,3296
"2991",4325,865,3460
"2992",3570,714,2856
"2993",4285,857,3428
"2994",5430,1086,4344
"2995",6360,1272,5088
"2996",3695,739,2956
"2997",4360,872,3488
"2998",4810,962,3848
"2999",3695,739,2956
"3000",4785,957,3828
"3001",4930,986,3944
"3002",4355,871,3484
"3003",4445,889,3556
"3004",4030,806,3224
"3005",3910,782,3128
"3006",4095,819,3276
"3007",5270,1054,4216
"3008",3355,671,2684
"3009",4335,867,3468
"3010",4120,824,3296
"3011",4240,848,3392
"3012",5255,1051,4204
"3013",4370,874,3496
"3014",4070,814,3256
"3015",5210,1042,4168
"3016",6835,1367,5468
"3017",4240,848,3392
"3018",5270,1054,4216
"3019",4115,823,3292
"3020",4420,884,3536
"3021",4440,888,3552
"3022",5295,1059,4236
"3023",5520,1104,4416
"3024",3690,738,2952
"3025",5030,1006,4024
"3026",4005,801,3204
"3027",4245,849,3396
"3028",6580,1316,5264
"3029",4580,916,3664
"3030",5675,1135,4540
"3031",4450,890,3560
"3032",4015,803,3212
"3033",5095,1019,4076
"3034",4115,823,3292
"3035",4215,843,3372
"3036",6215,1243,4972
"3037",5440,1088,4352
"3038",3390,678,2712
"3039",4755,951,3804
"3040",4060,812,3248
"3041",4415,883,3532
"3042",6000,1200,4800
"3043",6125,1225,4900
"3044",5290,1058,4232
"3045",5295,1059,4236
"3046",4040,808,3232
"3047",4820,964,3856
"3048",5515,1103,4412
"3049",5660,1132,4528
"3050",5325,1065,4260
"3051",5250,1050,4200
"3052",4715,943,3772
"3053",4100,820,3280
"3054",3780,756,3024
"3055",4765,953,3812
"3056",4070,814,3256
"3057",3690,738,2952
"3058",5630,1126,4504
"3059",5105,1021,4084
"3060",4850,970,3880
"3061",7290,1458,5832
"3062",6205,1241,4964
"3063",3635,727,2908
"3064",6250,1250,5000
"3065",3940,788,3152
"3066",4555,911,3644
"3067",4360,872,3488
"3068",4720,944,3776
"3069",3140,628,2512
"3070",7665,1533,6132
"3071",4450,890,3560
"3072",5555,1111,4444
"3073",5065,1013,4052
"3074",3830,766,3064
"3075",4575,915,3660
"3076",4475,895,3580
"3077",4075,815,3260
"3078",4600,920,3680
"3079",4705,941,3764
"3080",4605,921,3684
"3081",3570,714,2856
"3082",3970,794,3176
"3083",4535,907,3628
"3084",3695,739,2956
"3085",4820,964,3856
"3086",3760,752,3008
"3087",4720,944,3776
"3088",4235,847,3388
"3089",5600,1120,4480
"3090",5370,1074,4296
"3091",4450,890,3560
"3092",4250,850,3400
"3093",4025,805,3220
"3094",4730,946,3784
"3095",5525,1105,4420
"3096",5930,1186,4744
"3097",4480,896,3584
"3098",4575,915,3660
"3099",5160,1032,4128
"3100",6705,1341,5364
"3101",4375,875,3500
"3102",4675,935,3740
"3103",5455,1091,4364
"3104",5115,1023,4092
"3105",6465,1293,5172
"3106",4775,955,3820
"3107",4610,922,3688
"3108",5240,1048,4192
"3109",5555,1111,4444
"3110",4025,805,3220
"3111",5080,1016,4064
"3112",3680,736,2944
"3113",4390,878,3512
"3114",5560,1112,4448
"3115",4790,958,3832
"3116",4310,862,3448
"3117",4340,868,3472
"3118",4905,981,3924
"3119",5740,1148,4592
"3120",3790,758,3032
"3121",4330,866,3464
"3122",5290,1058,4232
"3123",5185,1037,4148
"3124",5355,1071,4284
"3125",5250,1050,4200
"3126",4665,933,3732
"3127",4020,804,3216
"3128",4440,888,3552
"3129",5190,1038,4152
"3130",4405,881,3524
"3131",5065,1013,4052
"3132",5710,1142,4568
"3133",5325,1065,4260
"3134",3755,751,3004
"3135",5715,1143,4572
"3136",4915,983,3932
"3137",4710,942,3768
"3138",4490,898,3592
"3139",8975,1795,7180
"3140",4835,967,3868
"3141",3995,799,3196
"3142",4220,844,3376
"3143",4050,810,3240
"3144",4430,886,3544
"3145",3210,642,2568
"3146",3495,699,2796
"3147",5620,1124,4496
"3148",4970,994,3976
"3149",3755,751,3004
"3150",5270,1054,4216
"3151",5170,1034,4136
"3152",4340,868,3472
"3153",3720,744,2976
"3154",4185,837,3348
"3155",3965,793,3172
"3156",4050,810,3240
"3157",4825,965,3860
"3158",4390,878,3512
"3159",4580,916,3664
"3160",5225,1045,4180
"3161",3925,785,3140
"3162",4075,815,3260
"3163",3790,758,3032
"3164",4645,929,3716
"3165",5850,1170,4680
"3166",4480,896,3584
"3167",4530,906,3624
"3168",4790,958,3832
"3169",5900,1180,4720
"3170",3830,766,3064
"3171",5590,1118,4472
"3172",6770,1354,5416
"3173",4330,866,3464
"3174",5810,1162,4648
"3175",3925,785,3140
"3176",3905,781,3124
"3177",6240,1248,4992
"3178",4120,824,3296
"3179",4335,867,3468
"3180",5240,1048,4192
"3181",3620,724,2896
"3182",3885,777,3108
"3183",4790,958,3832
"3184",4320,864,3456
"3185",3885,777,3108
"3186",3595,719,2876
"3187",3715,743,2972
"3188",5765,1153,4612
"3189",4115,823,3292
"3190",4135,827,3308
"3191",4080,816,3264
"3192",3515,703,2812
"3193",5035,1007,4028
"3194",4525,905,3620
"3195",4160,832,3328
"3196",5650,1130,4520
"3197",3510,702,2808
"3198",5870,1174,4696
"3199",4070,814,3256
"3200",4580,916,3664
"3201",4230,846,3384
"3202",4555,911,3644
"3203",5305,1061,4244
"3204",4630,926,3704
"3205",4705,941,3764
"3206",4545,909,3636
"3207",4320,864,3456
"3208",4335,867,3468
"3209",3735,747,2988
"3210",5065,1013,4052
"3211",4945,989,3956
"3212",3945,789,3156
"3213",4345,869,3476
"3214",4345,869,3476
"3215",3830,766,3064
"3216",4190,838,3352
"3217",6250,1250,5000
"3218",4530,906,3624
"3219",4600,920,3680
"3220",6895,1379,5516
"3221",3705,741,2964
"3222",4495,899,3596
"3223",3525,705,2820
"3224",3595,719,2876
"3225",4605,921,3684
"3226",4800,960,3840
"3227",5160,1032,4128
"3228",3665,733,2932
"3229",4700,940,3760
"3230",4160,832,3328
"3231",3730,746,2984
"3232",5010,1002,4008
"3233",4180,836,3344
"3234",4550,910,3640
"3235",4455,891,3564
"3236",3800,760,3040
"3237",4750,950,3800
"3238",4665,933,3732
"3239",4390,878,3512
"3240",4240,848,3392
"3241",4520,904,3616
"3242",4910,982,3928
"3243",4605,921,3684
"3244",5270,1054,4216
"3245",6780,1356,5424
"3246",6250,1250,5000
"3247",5475,1095,4380
"3248",4530,906,3624
"3249",5050,1010,4040
"3250",4215,843,3372
"3251",5490,1098,4392
"3252",4910,982,3928
"3253",4170,834,3336
"3254",4085,817,3268
"3255",4510,902,3608
"3256",4440,888,3552
"3257",3615,723,2892
"3258",4295,859,3436
"3259",3820,764,3056
"3260",4120,824,3296
"3261",3475,695,2780
"3262",4445,889,3556
"3263",3650,730,2920
"3264",5700,1140,4560
"3265",4415,883,3532
"3266",3805,761,3044
"3267",4680,936,3744
"3268",5010,1002,4008
"3269",5345,1069,4276
"3270",4010,802,3208
"3271",4380,876,3504
"3272",6135,1227,4908
"3273",5580,1116,4464
"3274",5640,1128,4512
"3275",4290,858,3432
"3276",4240,848,3392
"3277",5625,1125,4500
"3278",4475,895,3580
"3279",4095,819,3276
"3280",4850,970,3880
"3281",3795,759,3036
"3282",4605,921,3684
"3283",4975,995,3980
"3284",4910,982,3928
"3285",4785,957,3828
"3286",3715,743,2972
"3287",5120,1024,4096
"3288",4360,872,3488
"3289",4215,843,3372
"3290",3970,794,3176
"3291",5235,1047,4188
"3292",3610,722,2888
"3293",4785,957,3828
"3294",3940,788,3152
"3295",3885,777,3108
"3296",4585,917,3668
"3297",4190,838,3352
"3298",5265,1053,4212
"3299",5100,1020,4080
"3300",3850,770,3080
"3301",4440,888,3552
"3302",3675,735,2940
"3303",4350,870,3480
"3304",5075,1015,4060
"3305",3710,742,2968
"3306",4665,933,3732
"3307",3325,665,2660
"3308",4320,864,3456
"3309",4700,940,3760
"3310",4335,867,3468
"3311",6480,1296,5184
"3312",5035,1007,4028
"3313",6205,1241,4964
"3314",4110,822,3288
"3315",4255,851,3404
"3316",4125,825,3300
"3317",4330,866,3464
"3318",7680,1536,6144
"3319",4160,832,3328
"3320",4950,990,3960
"3321",4545,909,3636
"3322",5430,1086,4344
"3323",3655,731,2924
"3324",6305,1261,5044
"3325",5925,1185,4740
"3326",4880,976,3904
"3327",4600,920,3680
"3328",3790,758,3032
"3329",3785,757,3028
"3330",6875,1375,5500
"3331",5990,1198,4792
"3332",5075,1015,4060
"3333",4195,839,3356
"3334",4215,843,3372
"3335",5720,1144,4576
"3336",4680,936,3744
"3337",4800,960,3840
"3338",4375,875,3500
"3339",5435,1087,4348
"3340",3765,753,3012
"3341",4585,917,3668
"3342",6245,1249,4996
"3343",4115,823,3292
"3344",4305,861,3444
"3345",3630,726,2904
"3346",4520,904,3616
"3347",3910,782,3128
"3348",4640,928,3712
"3349",6220,1244,4976
"3350",4205,841,3364
"3351",4435,887,3548
"3352",4440,888,3552
"3353",4470,894,3576
"3354",4025,805,3220
"3355",5290,1058,4232
"3356",4690,938,3752
"3357",3285,657,2628
"3358",4195,839,3356
"3359",4505,901,3604
"3360",4255,851,3404
"3361",4320,864,3456
"3362",4825,965,3860
"3363",4645,929,3716
"3364",5260,1052,4208
"3365",5160,1032,4128
"3366",5550,1110,4440
"3367",3875,775,3100
"3368",4575,915,3660
"3369",4580,916,3664
"3370",5280,1056,4224
"3371",7565,1513,6052
"3372",4400,880,3520
"3373",5135,1027,4108
"3374",4630,926,3704
"3375",4885,977,3908
"3376",4055,811,3244
"3377",5925,1185,4740
"3378",3375,675,2700
"3379",5425,1085,4340
"3380",4100,820,3280
"3381",4060,812,3248
"3382",4310,862,3448
"3383",4400,880,3520
"3384",4605,921,3684
"3385",5395,1079,4316
"3386",4500,900,3600
"3387",4835,967,3868
"3388",3765,753,3012
"3389",5820,1164,4656
"3390",6895,1379,5516
"3391",4645,929,3716
"3392",6825,1365,5460
"3393",4180,836,3344
"3394",4020,804,3216
"3395",4285,857,3428
"3396",4280,856,3424
"3397",3885,777,3108
"3398",4370,874,3496
"3399",4080,816,3264
"3400",4660,932,3728
"3401",4120,824,3296
"3402",3390,678,2712
"3403",4610,922,3688
"3404",3845,769,3076
"3405",4610,922,3688
"3406",4900,980,3920
"3407",6365,1273,5092
"3408",5450,1090,4360
"3409",3625,725,2900
"3410",7455,1491,5964
"3411",5085,1017,4068
"3412",5425,1085,4340
"3413",3355,671,2684
"3414",4920,984,3936
"3415",3815,763,3052
"3416",5255,1051,4204
"3417",4395,879,3516
"3418",5485,1097,4388
"3419",3880,776,3104
"3420",5090,1018,4072
"3421",4210,842,3368
"3422",5485,1097,4388
"3423",4135,827,3308
"3424",5535,1107,4428
"3425",5720,1144,4576
"3426",3985,797,3188
"3427",4285,857,3428
"3428",4570,914,3656
"3429",3745,749,2996
"3430",4620,924,3696
"3431",5255,1051,4204
"3432",6900,1380,5520
"3433",5345,1069,4276
"3434",5390,1078,4312
"3435",4165,833,3332
"3436",3815,763,3052
"3437",5340,1068,4272
"3438",4365,873,3492
"3439",6820,1364,5456
"3440",4950,990,3960
"3441",4615,923,3692
"3442",4490,898,3592
"3443",4430,886,3544
"3444",4130,826,3304
"3445",5180,1036,4144
"3446",4970,994,3976
"3447",4355,871,3484
"3448",4695,939,3756
"3449",4920,984,3936
"3450",5180,1036,4144
"3451",4255,851,3404
"3452",4345,869,3476
"3453",5585,1117,4468
"3454",4180,836,3344
"3455",5210,1042,4168
"3456",4215,843,3372
"3457",3720,744,2976
"3458",5525,1105,4420
"3459",3640,728,2912
"3460",4435,887,3548
"3461",5195,1039,4156
"3462",5295,1059,4236
"3463",4295,859,3436
"3464",5550,1110,4440
"3465",4645,929,3716
"3466",4845,969,3876
"3467",5850,1170,4680
"3468",4155,831,3324
"3469",5220,1044,4176
"3470",3925,785,3140
"3471",4020,804,3216
"3472",4155,831,3324
"3473",3445,689,2756
"3474",3825,765,3060
"3475",5070,1014,4056
"3476",3880,776,3104
"3477",4970,994,3976
"3478",4915,983,3932
"3479",5155,1031,4124
"3480",4360,872,3488
"3481",3560,712,2848
"3482",4515,903,3612
"3483",5160,1032,4128
"3484",4770,954,3816
"3485",8395,1679,6716
"3486",4320,864,3456
"3487",4765,953,3812
"3488",4050,810,3240
"3489",5795,1159,4636
"3490",4305,861,3444
"3491",4380,876,3504
"3492",5280,1056,4224
"3493",6605,1321,5284
"3494",3610,722,2888
"3495",4465,893,3572
"3496",4115,823,3292
"3497",5305,1061,4244
"3498",3540,708,2832
"3499",4750,950,3800
"3500",5565,1113,4452
"3501",3805,761,3044
"3502",4445,889,3556
"3503",3790,758,3032
"3504",4870,974,3896
"3505",4615,923,3692
"3506",5090,1018,4072
"3507",4725,945,3780
"3508",5695,1139,4556
"3509",4620,924,3696
"3510",5760,1152,4608
"3511",4605,921,3684
"3512",4345,869,3476
"3513",5710,1142,4568
"3514",4415,883,3532
"3515",4285,857,3428
"3516",4035,807,3228
"3517",5475,1095,4380
"3518",4295,859,3436
"3519",5820,1164,4656
"3520",4925,985,3940
"3521",4135,827,3308
"3522",4320,864,3456
"3523",4020,804,3216
"3524",5295,1059,4236
"3525",4405,881,3524
"3526",5110,1022,4088
"3527",6970,1394,5576
"3528",6235,1247,4988
"3529",5050,1010,4040
"3530",3850,770,3080
"3531",4180,836,3344
"3532",4725,945,3780
"3533",4810,962,3848
"3534",7475,1495,5980
"3535",4570,914,3656
"3536",3975,795,3180
"3537",3610,722,2888
"3538",4250,850,3400
"3539",4785,957,3828
"3540",3365,673,2692
"3541",4100,820,3280
"3542",4025,805,3220
"3543",4435,887,3548
"3544",4185,837,3348
"3545",4235,847,3388
"3546",5090,1018,4072
"3547",5660,1132,4528
"3548",6055,1211,4844
"3549",4495,899,3596
"3550",4205,841,3364
"3551",5330,1066,4264
"3552",4075,815,3260
"3553",5625,1125,4500
"3554",4130,826,3304
"3555",4780,956,3824
"3556",4470,894,3576
"3557",4370,874,3496
"3558",4210,842,3368
"3559",4540,908,3632
"3560",5290,1058,4232
"3561",4755,951,3804
"3562",3975,795,3180
"3563",5715,1143,4572
"3564",4640,928,3712
"3565",6240,1248,4992
"3566",4525,905,3620
"3567",4900,980,3920
"3568",4755,951,3804
"3569",3670,734,2936
"3570",4835,967,3868
"3571",3755,751,3004
"3572",3525,705,2820
"3573",6010,1202,4808
"3574",5750,1150,4600
"3575",5880,1176,4704
"3576",4835,967,3868
"3577",4035,807,3228
"3578",3585,717,2868
"3579",5205,1041,4164
"3580",4875,975,3900
"3581",3820,764,3056
"3582",4845,969,3876
"3583",7240,1448,5792
"3584",4460,892,3568
"3585",5015,1003,4012
"3586",4600,920,3680
"3587",5080,1016,4064
"3588",3170,634,2536
"3589",7095,1419,5676
"3590",5620,1124,4496
"3591",3635,727,2908
"3592",5345,1069,4276
"3593",5250,1050,4200
"3594",5320,1064,4256
"3595",4080,816,3264
"3596",4830,966,3864
"3597",4005,801,3204
"3598",6130,1226,4904
"3599",4825,965,3860
"3600",5005,1001,4004
"3601",4770,954,3816
"3602",5660,1132,4528
"3603",3795,759,3036
"3604",4035,807,3228
"3605",6375,1275,5100
"3606",5245,1049,4196
"3607",4175,835,3340
"3608",5140,1028,4112
"3609",3775,755,3020
"3610",5475,1095,4380
"3611",4710,942,3768
"3612",4745,949,3796
"3613",5165,1033,4132
"3614",4995,999,3996
"3615",4820,964,3856
"3616",4385,877,3508
"3617",6575,1315,5260
"3618",4350,870,3480
"3619",3995,799,3196
"3620",6880,1376,5504
"3621",6105,1221,4884
"3622",5525,1105,4420
"3623",4185,837,3348
"3624",4455,891,3564
"3625",5005,1001,4004
"3626",4535,907,3628
"3627",4975,995,3980
"3628",4965,993,3972
"3629",4425,885,3540
"3630",4340,868,3472
"3631",6005,1201,4804
"3632",6840,1368,5472
"3633",4085,817,3268
"3634",3850,770,3080
"3635",4795,959,3836
"3636",4885,977,3908
"3637",5865,1173,4692
"3638",3755,751,3004
"3639",4575,915,3660
"3640",5485,1097,4388
"3641",6800,1360,5440
"3642",4200,840,3360
"3643",4295,859,3436
"3644",5435,1087,4348
"3645",5680,1136,4544
"3646",6110,1222,4888
"3647",6100,1220,4880
"3648",7240,1448,5792
"3649",6710,1342,5368
"3650",3965,793,3172
"3651",5960,1192,4768
"3652",4335,867,3468
"3653",4150,830,3320
"3654",4710,942,3768
"3655",4085,817,3268
"3656",4720,944,3776
"3657",4185,837,3348
"3658",4440,888,3552
"3659",4555,911,3644
"3660",5410,1082,4328
"3661",3710,742,2968
"3662",4755,951,3804
"3663",4450,890,3560
"3664",3255,651,2604
"3665",4765,953,3812
"3666",4805,961,3844
"3667",4305,861,3444
"3668",5450,1090,4360
"3669",4640,928,3712
"3670",4840,968,3872
"3671",5955,1191,4764
"3672",4240,848,3392
"3673",3915,783,3132
"3674",5220,1044,4176
"3675",4015,803,3212
"3676",5810,1162,4648
"3677",5030,1006,4024
"3678",5810,1162,4648
"3679",4415,883,3532
"3680",4395,879,3516
"3681",4905,981,3924
"3682",4470,894,3576
"3683",4635,927,3708
"3684",5840,1168,4672
"3685",4740,948,3792
"3686",3840,768,3072
"3687",3830,766,3064
"3688",4160,832,3328
"3689",3975,795,3180
"3690",4485,897,3588
"3691",3970,794,3176
"3692",4630,926,3704
"3693",3655,731,2924
"3694",4180,836,3344
"3695",5405,1081,4324
"3696",4995,999,3996
"3697",4640,928,3712
"3698",4875,975,3900
"3699",3865,773,3092
"3700",4800,960,3840
"3701",4745,949,3796
"3702",3735,747,2988
"3703",6185,1237,4948
"3704",4750,950,3800
"3705",3225,645,2580
"3706",3800,760,3040
"3707",4025,805,3220
"3708",5280,1056,4224
"3709",5310,1062,4248
"3710",4515,903,3612
"3711",5035,1007,4028
"3712",4695,939,3756
"3713",4835,967,3868
"3714",5715,1143,4572
"3715",4935,987,3948
"3716",5105,1021,4084
"3717",4520,904,3616
"3718",4175,835,3340
"3719",4960,992,3968
"3720",3875,775,3100
"3721",4715,943,3772
"3722",5070,1014,4056
"3723",3705,741,2964
"3724",4470,894,3576
"3725",4545,909,3636
"3726",4900,980,3920
"3727",4150,830,3320
"3728",4985,997,3988
"3729",4445,889,3556
"3730",5375,1075,4300
"3731",3690,738,2952
"3732",4830,966,3864
"3733",5155,1031,4124
"3734",4460,892,3568
"3735",5980,1196,4784
"3736",3905,781,3124
"3737",7700,1540,6160
"3738",4945,989,3956
"3739",4230,846,3384
"3740",4715,943,3772
"3741",4015,803,3212
"3742",6085,1217,4868
"3743",3970,794,3176
"3744",4065,813,3252
"3745",5375,1075,4300
"3746",3705,741,2964
"3747",4760,952,3808
"3748",4515,903,3612
"3749",6785,1357,5428
"3750",5000,1000,4000
"3751",3620,724,2896
"3752",4210,842,3368
"3753",4510,902,3608
"3754",4140,828,3312
"3755",4025,805,3220
"3756",5990,1198,4792
"3757",4950,990,3960
"3758",4130,826,3304
"3759",3755,751,3004
"3760",4400,880,3520
"3761",4185,837,3348
"3762",5070,1014,4056
"3763",4510,902,3608
"3764",3535,707,2828
"3765",6890,1378,5512
"3766",3655,731,2924
"3767",3835,767,3068
"3768",5210,1042,4168
"3769",4750,950,3800
"3770",3850,770,3080
"3771",5100,1020,4080
"3772",4210,842,3368
"3773",5035,1007,4028
"3774",4265,853,3412
"3775",4270,854,3416
"3776",4435,887,3548
"3777",3855,771,3084
"3778",4190,838,3352
"3779",4295,859,3436
"3780",5910,1182,4728
"3781",3775,755,3020
"3782",5795,1159,4636
"3783",5775,1155,4620
"3784",5555,1111,4444
"3785",4800,960,3840
"3786",3585,717,2868
"3787",5030,1006,4024
"3788",3590,718,2872
"3789",4290,858,3432
"3790",5655,1131,4524
"3791",5565,1113,4452
"3792",4835,967,3868
"3793",5110,1022,4088
"3794",5655,1131,4524
"3795",4655,931,3724
"3796",4600,920,3680
"3797",4995,999,3996
"3798",5220,1044,4176
"3799",5145,1029,4116
"3800",3750,750,3000
"3801",4165,833,3332
"3802",3600,720,2880
"3803",3895,779,3116
"3804",4450,890,3560
"3805",6720,1344,5376
"3806",8260,1652,6608
"3807",6005,1201,4804
"3808",5245,1049,4196
"3809",4425,885,3540
"3810",5915,1183,4732
"3811",3585,717,2868
"3812",4705,941,3764
"3813",4800,960,3840
"3814",4445,889,3556
"3815",3890,778,3112
"3816",6555,1311,5244
"3817",6380,1276,5104
"3818",4820,964,3856
"3819",4045,809,3236
"3820",4885,977,3908
"3821",6840,1368,5472
"3822",5005,1001,4004
"3823",4130,826,3304
"3824",4140,828,3312
"3825",4510,902,3608
"3826",4255,851,3404
"3827",4210,842,3368
"3828",4730,946,3784
"3829",5940,1188,4752
"3830",5190,1038,4152
"3831",4665,933,3732
"3832",4195,839,3356
"3833",3580,716,2864
"3834",5040,1008,4032
"3835",4065,813,3252
"3836",4040,808,3232
"3837",4645,929,3716
"3838",3615,723,2892
"3839",3700,740,2960
"3840",4560,912,3648
"3841",4350,870,3480
"3842",4905,981,3924
"3843",5855,1171,4684
"3844",5365,1073,4292
"3845",4265,853,3412
"3846",3910,782,3128
"3847",3615,723,2892
"3848",4800,960,3840
"3849",4975,995,3980
"3850",3650,730,2920
"3851",6810,1362,5448
"3852",6450,1290,5160
"3853",4525,905,3620
"3854",4795,959,3836
"3855",7330,1466,5864
"3856",4460,892,3568
"3857",4100,820,3280
"3858",4820,964,3856
"3859",6090,1218,4872
"3860",5995,1199,4796
"3861",4490,898,3592
"3862",4675,935,3740
"3863",4635,927,3708
"3864",4180,836,3344
"3865",5380,1076,4304
"3866",3995,799,3196
"3867",4385,877,3508
"3868",3670,734,2936
"3869",3995,799,3196
"3870",4890,978,3912
"3871",4340,868,3472
"3872",4875,975,3900
"3873",4220,844,3376
"3874",4305,861,3444
"3875",4180,836,3344
"3876",4145,829,3316
"3877",3785,757,3028
"3878",3695,739,2956
"3879",3970,794,3176
"3880",3755,751,3004
"3881",3880,776,3104
"3882",4270,854,3416
"3883",4495,899,3596
"3884",4455,891,3564
"3885",4905,981,3924
"3886",4210,842,3368
"3887",4785,957,3828
"3888",6420,1284,5136
"3889",6590,1318,5272
"3890",4175,835,3340
"3891",4860,972,3888
"3892",6275,1255,5020
"3893",4415,883,3532
"3894",4100,820,3280
"3895",4820,964,3856
"3896",4200,840,3360
"3897",5460,1092,4368
"3898",4620,924,3696
"3899",4800,960,3840
"3900",5785,1157,4628
"3901",4070,814,3256
"3902",4325,865,3460
"3903",3530,706,2824
"3904",3305,661,2644
"3905",4855,971,3884
"3906",4070,814,3256
"3907",3525,705,2820
"3908",5280,1056,4224
"3909",4795,959,3836
"3910",4485,897,3588
"3911",4485,897,3588
"3912",4920,984,3936
"3913",3720,744,2976
"3914",5850,1170,4680
"3915",6785,1357,5428
"3916",5240,1048,4192
"3917",4275,855,3420
"3918",4720,944,3776
"3919",4245,849,3396
"3920",4770,954,3816
"3921",4090,818,3272
"3922",4495,899,3596
"3923",3920,784,3136
"3924",4760,952,3808
"3925",5175,1035,4140
"3926",3765,753,3012
"3927",4920,984,3936
"3928",3960,792,3168
"3929",3390,678,2712
"3930",6555,1311,5244
"3931",4090,818,3272
"3932",5865,1173,4692
"3933",5030,1006,4024
"3934",4305,861,3444
"3935",5445,1089,4356
"3936",4450,890,3560
"3937",3760,752,3008
"3938",5910,1182,4728
"3939",4110,822,3288
"3940",4615,923,3692
"3941",3840,768,3072
"3942",4125,825,3300
"3943",5830,1166,4664
"3944",4750,950,3800
"3945",5290,1058,4232
"3946",6950,1390,5560
"3947",5120,1024,4096
"3948",5775,1155,4620
"3949",4175,835,3340
"3950",6510,1302,5208
"3951",4265,853,3412
"3952",6265,1253,5012
"3953",4445,889,3556
"3954",4290,858,3432
"3955",5445,1089,4356
"3956",4640,928,3712
"3957",4235,847,3388
"3958",4050,810,3240
"3959",4485,897,3588
"3960",6390,1278,5112
"3961",5480,1096,4384
"3962",4935,987,3948
"3963",5210,1042,4168
"3964",6640,1328,5312
"3965",4695,939,3756
"3966",4345,869,3476
"3967",3690,738,2952
"3968",5010,1002,4008
"3969",5005,1001,4004
"3970",5695,1139,4556
"3971",3570,714,2856
"3972",5930,1186,4744
"3973",4680,936,3744
"3974",4310,862,3448
"3975",4275,855,3420
"3976",3660,732,2928
"3977",4540,908,3632
"3978",8240,1648,6592
"3979",6210,1242,4968
"3980",4655,931,3724
"3981",4265,853,3412
"3982",4470,894,3576
"3983",4315,863,3452
"3984",4845,969,3876
"3985",4660,932,3728
"3986",7110,1422,5688
"3987",6380,1276,5104
"3988",4290,858,3432
"3989",3905,781,3124
"3990",8195,1639,6556
"3991",4690,938,3752
"3992",4550,910,3640
"3993",8080,1616,6464
"3994",4885,977,3908
"3995",4770,954,3816
"3996",4615,923,3692
"3997",4995,999,3996
"3998",5020,1004,4016
"3999",4965,993,3972
"4000",3755,751,3004
"4001",5410,1082,4328
"4002",4815,963,3852
"4003",5365,1073,4292
"4004",4285,857,3428
"4005",3945,789,3156
"4006",5140,1028,4112
"4007",3955,791,3164
"4008",4970,994,3976
"4009",5055,1011,4044
"4010",5060,1012,4048
"4011",4615,923,3692
"4012",3385,677,2708
"4013",5380,1076,4304
"4014",3870,774,3096
"4015",4385,877,3508
"4016",4875,975,3900
"4017",4625,925,3700
"4018",4250,850,3400
"4019",5135,1027,4108
"4020",7165,1433,5732
"4021",5900,1180,4720
"4022",4590,918,3672
"4023",3800,760,3040
"4024",4165,833,3332
"4025",4095,819,3276
"4026",4535,907,3628
"4027",4830,966,3864
"4028",4390,878,3512
"4029",5150,1030,4120
"4030",4050,810,3240
"4031",3745,749,2996
"4032",3745,749,2996
"4033",5655,1131,4524
"4034",4495,899,3596
"4035",3815,763,3052
"4036",7015,1403,5612
"4037",3780,756,3024
"4038",4125,825,3300
"4039",4985,997,3988
"4040",4610,922,3688
"4041",4530,906,3624
"4042",4285,857,3428
"4043",3445,689,2756
"4044",4220,844,3376
"4045",3570,714,2856
"4046",5965,1193,4772
"4047",4605,921,3684
"4048",4430,886,3544
"4049",4700,940,3760
"4050",3870,774,3096
"4051",5840,1168,4672
"4052",5110,1022,4088
"4053",6190,1238,4952
"4054",4535,907,3628
"4055",4475,895,3580
"4056",4180,836,3344
"4057",4920,984,3936
"4058",4910,982,3928
"4059",4345,869,3476
"4060",8145,1629,6516
"4061",3625,725,2900
"4062",4780,956,3824
"4063",5330,1066,4264
"4064",4865,973,3892
"4065",4745,949,3796
"4066",3555,711,2844
"4067",4875,975,3900
"4068",4265,853,3412
"4069",4695,939,3756
"4070",4255,851,3404
"4071",3530,706,2824
"4072",5595,1119,4476
"4073",5465,1093,4372
"4074",7700,1540,6160
"4075",3785,757,3028
"4076",5375,1075,4300
"4077",4775,955,3820
"4078",4195,839,3356
"4079",3980,796,3184
"4080",4000,800,3200
"4081",4820,964,3856
"4082",5265,1053,4212
"4083",4455,891,3564
"4084",4420,884,3536
"4085",4570,914,3656
"4086",5745,1149,4596
"4087",4540,908,3632
"4088",3980,796,3184
"4089",3635,727,2908
"4090",6610,1322,5288
"4091",4400,880,3520
"4092",5105,1021,4084
"4093",4365,873,3492
"4094",5200,1040,4160
"4095",4580,916,3664
"4096",3695,739,2956
"4097",4475,895,3580
"4098",4595,919,3676
"4099",4445,889,3556
"4100",4890,978,3912
"4101",4050,810,3240
"4102",4920,984,3936
"4103",4960,992,3968
"4104",4050,810,3240
"4105",4070,814,3256
"4106",4515,903,3612
"4107",4445,889,3556
"4108",3845,769,3076
"4109",4710,942,3768
"4110",4530,906,3624
"4111",4015,803,3212
"4112",3485,697,2788
"4113",4645,929,3716
"4114",4420,884,3536
"4115",5030,1006,4024
"4116",8295,1659,6636
"4117",5875,1175,4700
"4118",4260,852,3408
"4119",4250,850,3400
"4120",6135,1227,4908
"4121",5075,1015,4060
"4122",4305,861,3444
"4123",5875,1175,4700
"4124",5220,1044,4176
"4125",3860,772,3088
"4126",4270,854,3416
"4127",5645,1129,4516
"4128",4540,908,3632
"4129",4190,838,3352
"4130",4245,849,3396
"4131",4875,975,3900
"4132",4195,839,3356
"4133",5490,1098,4392
"4134",4785,957,3828
"4135",4590,918,3672
"4136",4045,809,3236
"4137",4285,857,3428
"4138",4475,895,3580
"4139",4625,925,3700
"4140",4480,896,3584
"4141",4065,813,3252
"4142",5540,1108,4432
"4143",5130,1026,4104
"4144",5555,1111,4444
"4145",6845,1369,5476
"4146",4535,907,3628
"4147",4675,935,3740
"4148",4440,888,3552
"4149",3920,784,3136
"4150",3960,792,3168
"4151",3415,683,2732
"4152",5290,1058,4232
"4153",4160,832,3328
"4154",3745,749,2996
"4155",4000,800,3200
"4156",6550,1310,5240
"4157",5430,1086,4344
"4158",4260,852,3408
"4159",3465,693,2772
"4160",6140,1228,4912
"4161",6820,1364,5456
"4162",4365,873,3492
"4163",5200,1040,4160
"4164",6460,1292,5168
"4165",5720,1144,4576
"4166",4955,991,3964
"4167",4540,908,3632
"4168",3995,799,3196
"4169",4255,851,3404
"4170",4425,885,3540
"4171",5000,1000,4000
"4172",5575,1115,4460
"4173",4950,990,3960
"4174",4720,944,3776
"4175",4730,946,3784
"4176",3630,726,2904
"4177",4615,923,3692
"4178",4235,847,3388
"4179",3575,715,2860
"4180",4810,962,3848
"4181",4590,918,3672
"4182",7010,1402,5608
"4183",6190,1238,4952
"4184",4675,935,3740
"4185",5535,1107,4428
"4186",5695,1139,4556
"4187",4525,905,3620
"4188",3490,698,2792
"4189",8870,1774,7096
"4190",4875,975,3900
"4191",4395,879,3516
"4192",5375,1075,4300
"4193",5165,1033,4132
"4194",4450,890,3560
"4195",5595,1119,4476
"4196",6325,1265,5060
"4197",5235,1047,4188
"4198",4010,802,3208
"4199",4410,882,3528
"4200",4220,844,3376
"4201",4190,838,3352
"4202",4320,864,3456
"4203",4990,998,3992
"4204",3970,794,3176
"4205",4600,920,3680
"4206",6515,1303,5212
"4207",6415,1283,5132
"4208",3890,778,3112
"4209",4925,985,3940
"4210",6330,1266,5064
"4211",4890,978,3912
"4212",3995,799,3196
"4213",4840,968,3872
"4214",3550,710,2840
"4215",5560,1112,4448
"4216",3985,797,3188
"4217",3685,737,2948
"4218",5050,1010,4040
"4219",4180,836,3344
"4220",5315,1063,4252
"4221",5105,1021,4084
"4222",6875,1375,5500
"4223",4140,828,3312
"4224",4890,978,3912
"4225",5340,1068,4272
"4226",4160,832,3328
"4227",4175,835,3340
"4228",6420,1284,5136
"4229",4900,980,3920
"4230",4150,830,3320
"4231",3850,770,3080
"4232",5380,1076,4304
"4233",4270,854,3416
"4234",5270,1054,4216
"4235",5070,1014,4056
"4236",5110,1022,4088
"4237",5050,1010,4040
"4238",5205,1041,4164
"4239",5200,1040,4160
"4240",5020,1004,4016
"4241",4565,913,3652
"4242",5010,1002,4008
"4243",3505,701,2804
"4244",4870,974,3896
"4245",4760,952,3808
"4246",4475,895,3580
"4247",4960,992,3968
"4248",5045,1009,4036
"4249",4005,801,3204
"4250",6400,1280,5120
"4251",4955,991,3964
"4252",4990,998,3992
"4253",5725,1145,4580
"4254",4485,897,3588
"4255",3360,672,2688
"4256",4875,975,3900
"4257",4305,861,3444
"4258",4320,864,3456
"4259",3770,754,3016
"4260",3435,687,2748
"4261",4585,917,3668
"4262",4025,805,3220
"4263",5635,1127,4508
"4264",5285,1057,4228
"4265",5985,1197,4788
"4266",4585,917,3668
"4267",5115,1023,4092
"4268",4490,898,3592
"4269",4335,867,3468
"4270",7255,1451,5804
"4271",4445,889,3556
"4272",5290,1058,4232
"4273",5900,1180,4720
"4274",4045,809,3236
"4275",3385,677,2708
"4276",3535,707,2828
"4277",4040,808,3232
"4278",4005,801,3204
"4279",3950,790,3160
"4280",4600,920,3680
"4281",4330,866,3464
"4282",4210,842,3368
"4283",4485,897,3588
"4284",5475,1095,4380
"4285",4690,938,3752
"4286",3665,733,2932
"4287",4560,912,3648
"4288",6280,1256,5024
"4289",4215,843,3372
"4290",5435,1087,4348
"4291",4320,864,3456
"4292",7430,1486,5944
"4293",5085,1017,4068
"4294",4005,801,3204
"4295",4000,800,3200
"4296",4620,924,3696
"4297",4895,979,3916
"4298",4460,892,3568
"4299",4925,985,3940
"4300",3520,704,2816
"4301",4475,895,3580
"4302",4750,950,3800
"4303",6910,1382,5528
"4304",4220,844,3376
"4305",4400,880,3520
"4306",4745,949,3796
"4307",5775,1155,4620
"4308",3785,757,3028
"4309",4945,989,3956
"4310",5790,1158,4632
"4311",4240,848,3392
"4312",4790,958,3832
"4313",4175,835,3340
"4314",4440,888,3552
"4315",3830,766,3064
"4316",4920,984,3936
"4317",4150,830,3320
"4318",4895,979,3916
"4319",3865,773,3092
"4320",3805,761,3044
"4321",4270,854,3416
"4322",4295,859,3436
"4323",5800,1160,4640
"4324",3710,742,2968
"4325",5015,1003,4012
"4326",3370,674,2696
"4327",5170,1034,4136
"4328",3640,728,2912
"4329",4205,841,3364
"4330",4945,989,3956
"4331",4995,999,3996
"4332",3865,773,3092
"4333",5440,1088,4352
"4334",4645,929,3716
"4335",4270,854,3416
"4336",4545,909,3636
"4337",3625,725,2900
"4338",4075,815,3260
"4339",5630,1126,4504
"4340",3910,782,3128
"4341",4510,902,3608
"4342",4165,833,3332
"4343",5365,1073,4292
"4344",6175,1235,4940
"4345",4920,984,3936
"4346",5650,1130,4520
"4347",3815,763,3052
"4348",3940,788,3152
"4349",5090,1018,4072
"4350",4105,821,3284
"4351",4600,920,3680
"4352",4845,969,3876
"4353",5675,1135,4540
"4354",4225,845,3380
"4355",4875,975,3900
"4356",4680,936,3744
"4357",5375,1075,4300
"4358",4225,845,3380
"4359",4690,938,3752
"4360",3365,673,2692
"4361",3590,718,2872
"4362",3945,789,3156
"4363",5070,1014,4056
"4364",3940,788,3152
"4365",4895,979,3916
"4366",5900,1180,4720
"4367",4740,948,3792
"4368",4500,900,3600
"4369",4355,871,3484
"4370",4395,879,3516
"4371",7145,1429,5716
"4372",5140,1028,4112
"4373",4945,989,3956
"4374",5535,1107,4428
"4375",4085,817,3268
"4376",5235,1047,4188
"4377",3865,773,3092
"4378",4855,971,3884
"4379",3955,791,3164
"4380",4410,882,3528
"4381",3955,791,3164
"4382",4580,916,3664
"4383",3955,791,3164
"4384",5785,1157,4628
"4385",3925,785,3140
"4386",5450,1090,4360
"4387",5655,1131,4524
"4388",3355,671,2684
"4389",4445,889,3556
"4390",4330,866,3464
"4391",4435,887,3548
"4392",3955,791,3164
"4393",4055,811,3244
"4394",3830,766,3064
"4395",4360,872,3488
"4396",4965,993,3972
"4397",4355,871,3484
"4398",5295,1059,4236
"4399",7820,1564,6256
"4400",4445,889,3556
"4401",4445,889,3556
"4402",4875,975,3900
"4403",4655,931,3724
"4404",4200,840,3360
"4405",4345,869,3476
"4406",4790,958,3832
"4407",4165,833,3332
"4408",4510,902,3608
"4409",4860,972,3888
"4410",5320,1064,4256
"4411",4945,989,3956
"4412",4035,807,3228
"4413",4010,802,3208
"4414",4220,844,3376
"4415",6070,1214,4856
"4416",6980,1396,5584
"4417",5420,1084,4336
"4418",4110,822,3288
"4419",6125,1225,4900
"4420",3585,717,2868
"4421",4275,855,3420
"4422",4025,805,3220
"4423",4300,860,3440
"4424",3645,729,2916
"4425",5045,1009,4036
"4426",4950,990,3960
"4427",5500,1100,4400
"4428",4365,873,3492
"4429",7055,1411,5644
"4430",5550,1110,4440
"4431",5740,1148,4592
"4432",4405,881,3524
"4433",4040,808,3232
"4434",4115,823,3292
"4435",4600,920,3680
"4436",5415,1083,4332
"4437",4765,953,3812
"4438",4185,837,3348
"4439",5620,1124,4496
"4440",5840,1168,4672
"4441",4850,970,3880
"4442",3985,797,3188
"4443",5095,1019,4076
"4444",4770,954,3816
"4445",4415,883,3532
"4446",4655,931,3724
"4447",5465,1093,4372
"4448",4920,984,3936
"4449",4785,957,3828
"4450",5025,1005,4020
"4451",4265,853,3412
"4452",5420,1084,4336
"4453",3920,784,3136
"4454",5610,1122,4488
"4455",4650,930,3720
"4456",5505,1101,4404
"4457",5805,1161,4644
"4458",5600,1120,4480
"4459",4345,869,3476
"4460",4280,856,3424
"4461",3600,720,2880
"4462",4445,889,3556
"4463",4635,927,3708
"4464",4390,878,3512
"4465",4445,889,3556
"4466",4560,912,3648
"4467",5205,1041,4164
"4468",4490,898,3592
"4469",5150,1030,4120
"4470",5335,1067,4268
"4471",4185,837,3348
"4472",5645,1129,4516
"4473",5530,1106,4424
"4474",4655,931,3724
"4475",4300,860,3440
"4476",3885,777,3108
"4477",4435,887,3548
"4478",4860,972,3888
"4479",4835,967,3868
"4480",4080,816,3264
"4481",6000,1200,4800
"4482",5310,1062,4248
"4483",6195,1239,4956
"4484",5780,1156,4624
"4485",5840,1168,4672
"4486",3330,666,2664
"4487",4060,812,3248
"4488",6615,1323,5292
"4489",5025,1005,4020
"4490",5145,1029,4116
"4491",3975,795,3180
"4492",4145,829,3316
"4493",4490,898,3592
"4494",4745,949,3796
"4495",4155,831,3324
"4496",4970,994,3976
"4497",4200,840,3360
"4498",5645,1129,4516
"4499",6865,1373,5492
"4500",4085,817,3268
"4501",5155,1031,4124
"4502",6290,1258,5032
"4503",3880,776,3104
"4504",3950,790,3160
"4505",4130,826,3304
"4506",5655,1131,4524
"4507",3725,745,2980
"4508",4540,908,3632
"4509",4325,865,3460
"4510",3780,756,3024
"4511",4335,867,3468
"4512",4825,965,3860
"4513",4660,932,3728
"4514",5040,1008,4032
"4515",4935,987,3948
"4516",4410,882,3528
"4517",5005,1001,4004
"4518",4115,823,3292
"4519",4310,862,3448
"4520",5770,1154,4616
"4521",5340,1068,4272
"4522",3275,655,2620
"4523",4805,961,3844
"4524",5300,1060,4240
"4525",4435,887,3548
"4526",5470,1094,4376
"4527",5925,1185,4740
"4528",5095,1019,4076
"4529",4900,980,3920
"4530",4525,905,3620
"4531",5280,1056,4224
"4532",4460,892,3568
"4533",6270,1254,5016
"4534",5060,1012,4048
"4535",4910,982,3928
"4536",3480,696,2784
"4537",4330,866,3464
"4538",4150,830,3320
"4539",4115,823,3292
"4540",5560,1112,4448
"4541",3910,782,3128
"4542",3935,787,3148
"4543",6000,1200,4800
"4544",3540,708,2832
"4545",6180,1236,4944
"4546",3625,725,2900
"4547",4350,870,3480
"4548",3185,637,2548
"4549",4885,977,3908
"4550",4430,886,3544
"4551",3825,765,3060
"4552",4685,937,3748
"4553",4230,846,3384
"4554",5775,1155,4620
"4555",4705,941,3764
"4556",3805,761,3044
"4557",4940,988,3952
"4558",3395,679,2716
"4559",3570,714,2856
"4560",4845,969,3876
"4561",5060,1012,4048
"4562",4530,906,3624
"4563",4650,930,3720
"4564",3645,729,2916
"4565",5015,1003,4012
"4566",4230,846,3384
"4567",3995,799,3196
"4568",3745,749,2996
"4569",4185,837,3348
"4570",3520,704,2816
"4571",5900,1180,4720
"4572",4590,918,3672
"4573",4520,904,3616
"4574",4075,815,3260
"4575",4715,943,3772
"4576",4265,853,3412
"4577",4595,919,3676
"4578",4440,888,3552
"4579",4845,969,3876
"4580",5295,1059,4236
"4581",4390,878,3512
"4582",4440,888,3552
"4583",3350,670,2680
"4584",4825,965,3860
"4585",4030,806,3224
"4586",5900,1180,4720
"4587",3650,730,2920
"4588",6830,1366,5464
"4589",4240,848,3392
"4590",4355,871,3484
"4591",4770,954,3816
"4592",4005,801,3204
"4593",4685,937,3748
"4594",3985,797,3188
"4595",5365,1073,4292
"4596",4735,947,3788
"4597",3720,744,2976
"4598",3995,799,3196
"4599",6150,1230,4920
"4600",3715,743,2972
"4601",4465,893,3572
"4602",5785,1157,4628
"4603",3720,744,2976
"4604",5760,1152,4608
"4605",4610,922,3688
"4606",3500,700,2800
"4607",3775,755,3020
"4608",4685,937,3748
"4609",3680,736,2944
"4610",4470,894,3576
"4611",4315,863,3452
"4612",5160,1032,4128
"4613",3755,751,3004
"4614",4975,995,3980
"4615",5010,1002,4008
"4616",3790,758,3032
"4617",4560,912,3648
"4618",4455,891,3564
"4619",3320,664,2656
"4620",6635,1327,5308
"4621",5190,1038,4152
"4622",4935,987,3948
"4623",5590,1118,4472
"4624",5500,1100,4400
"4625",4065,813,3252
"4626",3785,757,3028
"4627",4270,854,3416
"4628",3725,745,2980
"4629",5850,1170,4680
"4630",4360,872,3488
"4631",4215,843,3372
"4632",3785,757,3028
"4633",4685,937,3748
"4634",5040,1008,4032
"4635",5985,1197,4788
"4636",4520,904,3616
"4637",7575,1515,6060
"4638",4740,948,3792
"4639",3655,731,2924
"4640",4725,945,3780
"4641",4480,896,3584
"4642",4325,865,3460
"4643",5235,1047,4188
"4644",4220,844,3376
"4645",4230,846,3384
"4646",4575,915,3660
"4647",5600,1120,4480
"4648",3790,758,3032
"4649",3670,734,2936
"4650",4695,939,3756
"4651",4610,922,3688
"4652",5205,1041,4164
"4653",5225,1045,4180
"4654",5685,1137,4548
"4655",4690,938,3752
"4656",4410,882,3528
"4657",3585,717,2868
"4658",4345,869,3476
"4659",5275,1055,4220
"4660",4295,859,3436
"4661",5410,1082,4328
"4662",5085,1017,4068
"4663",4525,905,3620
"4664",5055,1011,4044
"4665",3910,782,3128
"4666",4565,913,3652
"4667",5005,1001,4004
"4668",5965,1193,4772
"4669",5935,1187,4748
"4670",6150,1230,4920
"4671",4000,800,3200
"4672",3280,656,2624
"4673",4445,889,3556
"4674",4290,858,3432
"4675",5165,1033,4132
"4676",5105,1021,4084
"4677",4410,882,3528
"4678",3315,663,2652
"4679",4275,855,3420
"4680",5415,1083,4332
"4681",5565,1113,4452
"4682",8900,1780,7120
"4683",5240,1048,4192
"4684",5590,1118,4472
"4685",5045,1009,4036
"4686",5750,1150,4600
"4687",5840,1168,4672
"4688",4900,980,3920
"4689",8010,1602,6408
"4690",3500,700,2800
"4691",4385,877,3508
"4692",4130,826,3304
"4693",4210,842,3368
"4694",5415,1083,4332
"4695",4785,957,3828
"4696",5385,1077,4308
"4697",5925,1185,4740
"4698",6010,1202,4808
"4699",4790,958,3832
"4700",3620,724,2896
"4701",5055,1011,4044
"4702",4945,989,3956
"4703",4375,875,3500
"4704",4155,831,3324
"4705",5225,1045,4180
"4706",5320,1064,4256
"4707",4620,924,3696
"4708",3460,692,2768
"4709",4430,886,3544
"4710",4525,905,3620
"4711",4900,980,3920
"4712",5520,1104,4416
"4713",3775,755,3020
"4714",4830,966,3864
"4715",4410,882,3528
"4716",8570,1714,6856
"4717",4430,886,3544
"4718",4275,855,3420
"4719",4975,995,3980
"4720",4050,810,3240
"4721",6485,1297,5188
"4722",4405,881,3524
"4723",6595,1319,5276
"4724",5715,1143,4572
"4725",4300,860,3440
"4726",4570,914,3656
"4727",3875,775,3100
"4728",3960,792,3168
"4729",4160,832,3328
"4730",3655,731,2924
"4731",3730,746,2984
"4732",5695,1139,4556
"4733",6390,1278,5112
"4734",5465,1093,4372
"4735",4425,885,3540
"4736",4305,861,3444
"4737",4975,995,3980
"4738",4305,861,3444
"4739",4485,897,3588
"4740",5970,1194,4776
"4741",5980,1196,4784
"4742",3830,766,3064
"4743",3825,765,3060
"4744",6390,1278,5112
"4745",4375,875,3500
"4746",4255,851,3404
"4747",4725,945,3780
"4748",6615,1323,5292
"4749",4230,846,3384
"4750",4310,862,3448
"4751",4090,818,3272
"4752",6095,1219,4876
"4753",6540,1308,5232
"4754",4430,886,3544
"4755",5080,1016,4064
"4756",4740,948,3792
"4757",4150,830,3320
"4758",3755,751,3004
"4759",6740,1348,5392
"4760",3970,794,3176
"4761",4955,991,3964
"4762",3595,719,2876
"4763",6690,1338,5352
"4764",4260,852,3408
"4765",6045,1209,4836
"4766",4505,901,3604
"4767",5440,1088,4352
"4768",5485,1097,4388
"4769",4615,923,3692
"4770",4760,952,3808
"4771",4540,908,3632
"4772",3735,747,2988
"4773",5050,1010,4040
"4774",4095,819,3276
"4775",6135,1227,4908
"4776",5555,1111,4444
"4777",3990,798,3192
"4778",6480,1296,5184
"4779",5690,1138,4552
"4780",4105,821,3284
"4781",4745,949,3796
"4782",5630,1126,4504
"4783",7725,1545,6180
"4784",5620,1124,4496
"4785",4180,836,3344
"4786",5735,1147,4588
"4787",6450,1290,5160
"4788",4660,932,3728
"4789",3465,693,2772
"4790",4250,850,3400
"4791",5890,1178,4712
"4792",4005,801,3204
"4793",4050,810,3240
"4794",5395,1079,4316
"4795",3460,692,2768
"4796",4155,831,3324
"4797",4945,989,3956
"4798",4575,915,3660
"4799",6085,1217,4868
"4800",4225,845,3380
"4801",5445,1089,4356
"4802",5085,1017,4068
"4803",5205,1041,4164
"4804",5985,1197,4788
"4805",5570,1114,4456
"4806",4300,860,3440
"4807",4275,855,3420
"4808",5550,1110,4440
"4809",5645,1129,4516
"4810",5290,1058,4232
"4811",4185,837,3348
"4812",5000,1000,4000
"4813",4355,871,3484
"4814",7335,1467,5868
"4815",4525,905,3620
"4816",3635,727,2908
"4817",3315,663,2652
"4818",5910,1182,4728
"4819",4980,996,3984
"4820",4600,920,3680
"4821",4555,911,3644
"4822",5425,1085,4340
"4823",4490,898,3592
"4824",5205,1041,4164
"4825",4890,978,3912
"4826",3535,707,2828
"4827",3860,772,3088
"4828",5685,1137,4548
"4829",3780,756,3024
"4830",4270,854,3416
"4831",6320,1264,5056
"4832",5365,1073,4292
"4833",3790,758,3032
"4834",4115,823,3292
"4835",3785,757,3028
"4836",5605,1121,4484
"4837",4545,909,3636
"4838",5365,1073,4292
"4839",5570,1114,4456
"4840",6795,1359,5436
"4841",4110,822,3288
"4842",3960,792,3168
"4843",4320,864,3456
"4844",3660,732,2928
"4845",4755,951,3804
"4846",4780,956,3824
"4847",3580,716,2864
"4848",4525,905,3620
"4849",3540,708,2832
"4850",4180,836,3344
"4851",4710,942,3768
"4852",4535,907,3628
"4853",5740,1148,4592
"4854",5930,1186,4744
"4855",5040,1008,4032
"4856",5405,1081,4324
"4857",5085,1017,4068
"4858",3500,700,2800
"4859",4780,956,3824
"4860",4870,974,3896
"4861",6330,1266,5064
"4862",5185,1037,4148
"4863",3630,726,2904
"4864",3860,772,3088
"4865",4755,951,3804
"4866",4870,974,3896
"4867",3845,769,3076
"4868",3695,739,2956
"4869",3805,761,3044
"4870",4675,935,3740
"4871",4870,974,3896
"4872",5030,1006,4024
"4873",3515,703,2812
"4874",3930,786,3144
"4875",4610,922,3688
"4876",4505,901,3604
"4877",4160,832,3328
"4878",5350,1070,4280
"4879",4135,827,3308
"4880",3875,775,3100
"4881",4235,847,3388
"4882",5130,1026,4104
"4883",5780,1156,4624
"4884",4570,914,3656
"4885",5815,1163,4652
"4886",3335,667,2668
"4887",5875,1175,4700
"4888",4225,845,3380
"4889",5745,1149,4596
"4890",5490,1098,4392
"4891",3675,735,2940
"4892",4695,939,3756
"4893",4980,996,3984
"4894",4480,896,3584
"4895",4055,811,3244
"4896",4450,890,3560
"4897",4890,978,3912
"4898",4345,869,3476
"4899",4935,987,3948
"4900",5010,1002,4008
"4901",4915,983,3932
"4902",4955,991,3964
"4903",4995,999,3996
"4904",3905,781,3124
"4905",3245,649,2596
"4906",4130,826,3304
"4907",4770,954,3816
"4908",5170,1034,4136
"4909",5145,1029,4116
"4910",5605,1121,4484
"4911",4525,905,3620
"4912",3980,796,3184
"4913",4270,854,3416
"4914",4065,813,3252
"4915",4490,898,3592
"4916",5040,1008,4032
"4917",4475,895,3580
"4918",4060,812,3248
"4919",4665,933,3732
"4920",4385,877,3508
"4921",4120,824,3296
"4922",5385,1077,4308
"4923",5450,1090,4360
"4924",4690,938,3752
"4925",4540,908,3632
"4926",5970,1194,4776
"4927",4890,978,3912
"4928",5235,1047,4188
"4929",6325,1265,5060
"4930",4585,917,3668
"4931",5375,1075,4300
"4932",3870,774,3096
"4933",3750,750,3000
"4934",3895,779,3116
"4935",5590,1118,4472
"4936",4435,887,3548
"4937",3925,785,3140
"4938",4310,862,3448
"4939",5850,1170,4680
"4940",4225,845,3380
"4941",4050,810,3240
"4942",5270,1054,4216
"4943",4430,886,3544
"4944",5215,1043,4172
"4945",6295,1259,5036
"4946",5855,1171,4684
"4947",5040,1008,4032
"4948",4540,908,3632
"4949",4835,967,3868
"4950",3945,789,3156
"4951",3695,739,2956
"4952",3925,785,3140
"4953",4190,838,3352
"4954",4500,900,3600
"4955",4170,834,3336
"4956",3905,781,3124
"4957",3755,751,3004
"4958",6280,1256,5024
"4959",3835,767,3068
"4960",4160,832,3328
"4961",3965,793,3172
"4962",4970,994,3976
"4963",5130,1026,4104
"4964",4130,826,3304
"4965",3660,732,2928
"4966",5045,1009,4036
"4967",4550,910,3640
"4968",4690,938,3752
"4969",6010,1202,4808
"4970",4805,961,3844
"4971",4665,933,3732
"4972",6895,1379,5516
"4973",4545,909,3636
"4974",6585,1317,5268
"4975",5445,1089,4356
"4976",4185,837,3348
"4977",3150,630,2520
"4978",4805,961,3844
"4979",4690,938,3752
"4980",4620,924,3696
"4981",3790,758,3032
"4982",5925,1185,4740
"4983",3770,754,3016
"4984",4515,903,3612
"4985",4985,997,3988
"4986",5050,1010,4040
"4987",5690,1138,4552
"4988",3890,778,3112
"4989",3820,764,3056
"4990",4600,920,3680
"4991",6460,1292,5168
"4992",4695,939,3756
"4993",6520,1304,5216
"4994",4865,973,3892
"4995",5460,1092,4368
"4996",4170,834,3336
"4997",4940,988,3952
"4998",4230,846,3384
"4999",4665,933,3732
"5000",5500,1100,4400
"5001",4375,875,3500
"5002",5090,1018,4072
"5003",5695,1139,4556
"5004",4460,892,3568
"5005",4725,945,3780
"5006",5585,1117,4468
"5007",4335,867,3468
"5008",4655,931,3724
"5009",3515,703,2812
"5010",5955,1191,4764
"5011",3615,723,2892
"5012",5710,1142,4568
"5013",3870,774,3096
"5014",4585,917,3668
"5015",3555,711,2844
"5016",4830,966,3864
"5017",5430,1086,4344
"5018",4945,989,3956
"5019",4745,949,3796
"5020",3780,756,3024
"5021",4470,894,3576
"5022",5150,1030,4120
"5023",5345,1069,4276
"5024",5995,1199,4796
"5025",3755,751,3004
"5026",5485,1097,4388
"5027",4705,941,3764
"5028",4135,827,3308
"5029",4420,884,3536
"5030",4130,826,3304
"5031",4625,925,3700
"5032",4235,847,3388
"5033",3765,753,3012
"5034",4985,997,3988
"5035",4160,832,3328
"5036",4460,892,3568
"5037",4795,959,3836
"5038",4000,800,3200
"5039",4135,827,3308
"5040",4970,994,3976
"5041",4190,838,3352
"5042",5130,1026,4104
"5043",5210,1042,4168
"5044",4300,860,3440
"5045",4740,948,3792
"5046",4400,880,3520
"5047",5575,1115,4460
"5048",4970,994,3976
"5049",5330,1066,4264
"5050",4490,898,3592
"5051",5195,1039,4156
"5052",5255,1051,4204
"5053",4505,901,3604
"5054",4125,825,3300
"5055",4450,890,3560
"5056",6220,1244,4976
"5057",5095,1019,4076
"5058",4255,851,3404
"5059",5500,1100,4400
"5060",4140,828,3312
"5061",4820,964,3856
"5062",4725,945,3780
"5063",3700,740,2960
"5064",4135,827,3308
"5065",4035,807,3228
"5066",4345,869,3476
"5067",4115,823,3292
"5068",5595,1119,4476
"5069",5950,1190,4760
"5070",3360,672,2688
"5071",4685,937,3748
"5072",4805,961,3844
"5073",4230,846,3384
"5074",5350,1070,4280
"5075",5645,1129,4516
"5076",5020,1004,4016
"5077",6145,1229,4916
"5078",5845,1169,4676
"5079",3555,711,2844
"5080",5770,1154,4616
"5081",5375,1075,4300
"5082",3555,711,2844
"5083",4445,889,3556
"5084",5135,1027,4108
"5085",3905,781,3124
"5086",3835,767,3068
"5087",3995,799,3196
"5088",6680,1336,5344
"5089",4880,976,3904
"5090",4715,943,3772
"5091",5270,1054,4216
"5092",5285,1057,4228
"5093",4560,912,3648
"5094",4980,996,3984
"5095",5625,1125,4500
"5096",5300,1060,4240
"5097",4590,918,3672
"5098",5515,1103,4412
"5099",3920,784,3136
"5100",5275,1055,4220
"5101",4620,924,3696
"5102",4750,950,3800
"5103",5440,1088,4352
"5104",5070,1014,4056
"5105",4625,925,3700
"5106",4015,803,3212
"5107",4005,801,3204
"5108",3910,782,3128
"5109",3550,710,2840
"5110",4320,864,3456
"5111",4940,988,3952
"5112",4945,989,3956
"5113",4360,872,3488
"5114",5100,1020,4080
"5115",3940,788,3152
"5116",4375,875,3500
"5117",4860,972,3888
"5118",4390,878,3512
"5119",5295,1059,4236
"5120",5315,1063,4252
"5121",5985,1197,4788
"5122",4795,959,3836
"5123",5465,1093,4372
"5124",4995,999,3996
"5125",5035,1007,4028
"5126",5965,1193,4772
"5127",4980,996,3984
"5128",6420,1284,5136
"5129",4715,943,3772
"5130",4570,914,3656
"5131",4950,990,3960
"5132",4085,817,3268
"5133",4045,809,3236
"5134",4225,845,3380
"5135",5170,1034,4136
"5136",4915,983,3932
"5137",5020,1004,4016
"5138",4290,858,3432
"5139",4615,923,3692
"5140",5775,1155,4620
"5141",3055,611,2444
"5142",4440,888,3552
"5143",4790,958,3832
"5144",3995,799,3196
"5145",4985,997,3988
"5146",4680,936,3744
"5147",4290,858,3432
"5148",4945,989,3956
"5149",4165,833,3332
"5150",4250,850,3400
"5151",3985,797,3188
"5152",5380,1076,4304
"5153",3545,709,2836
"5154",4500,900,3600
"5155",4120,824,3296
"5156",4650,930,3720
"5157",4325,865,3460
"5158",4465,893,3572
"5159",5730,1146,4584
"5160",4290,858,3432
"5161",5635,1127,4508
"5162",4310,862,3448
"5163",4380,876,3504
"5164",6255,1251,5004
"5165",5100,1020,4080
"5166",4880,976,3904
"5167",5825,1165,4660
"5168",4650,930,3720
"5169",4865,973,3892
"5170",4175,835,3340
"5171",4095,819,3276
"5172",5865,1173,4692
"5173",5750,1150,4600
"5174",3630,726,2904
"5175",7240,1448,5792
"5176",4395,879,3516
"5177",5485,1097,4388
"5178",4430,886,3544
"5179",4665,933,3732
"5180",4280,856,3424
"5181",4465,893,3572
"5182",5095,1019,4076
"5183",6545,1309,5236
"5184",4180,836,3344
"5185",5255,1051,4204
"5186",4860,972,3888
"5187",7415,1483,5932
"5188",4440,888,3552
"5189",4435,887,3548
"5190",5260,1052,4208
"5191",4025,805,3220
"5192",4375,875,3500
"5193",5810,1162,4648
"5194",6065,1213,4852
"5195",5480,1096,4384
"5196",4495,899,3596
"5197",4345,869,3476
"5198",4255,851,3404
"5199",4330,866,3464
"5200",4655,931,3724
"5201",4990,998,3992
"5202",4160,832,3328
"5203",4815,963,3852
"5204",4255,851,3404
"5205",3730,746,2984
"5206",3895,779,3116
"5207",4860,972,3888
"5208",5365,1073,4292
"5209",4500,900,3600
"5210",3785,757,3028
"5211",3665,733,2932
"5212",3585,717,2868
"5213",5520,1104,4416
"5214",4485,897,3588
"5215",5125,1025,4100
"5216",4290,858,3432
"5217",4905,981,3924
"5218",4060,812,3248
"5219",4385,877,3508
"5220",4255,851,3404
"5221",4540,908,3632
"5222",6370,1274,5096
"5223",5835,1167,4668
"5224",4380,876,3504
"5225",4400,880,3520
"5226",4525,905,3620
"5227",5980,1196,4784
"5228",3235,647,2588
"5229",4075,815,3260
"5230",6150,1230,4920
"5231",6190,1238,4952
"5232",4575,915,3660
"5233",3735,747,2988
"5234",5015,1003,4012
"5235",4665,933,3732
"5236",4200,840,3360
"5237",3215,643,2572
"5238",4440,888,3552
"5239",4855,971,3884
"5240",4380,876,3504
"5241",4515,903,3612
"5242",4560,912,3648
"5243",4170,834,3336
"5244",4760,952,3808
"5245",4450,890,3560
"5246",3820,764,3056
"5247",4285,857,3428
"5248",8235,1647,6588
"5249",5390,1078,4312
"5250",6320,1264,5056
"5251",4525,905,3620
"5252",5045,1009,4036
"5253",3685,737,2948
"5254",6480,1296,5184
"5255",5050,1010,4040
"5256",4150,830,3320
"5257",5715,1143,4572
"5258",4740,948,3792
"5259",4715,943,3772
"5260",4740,948,3792
"5261",4520,904,3616
"5262",6130,1226,4904
"5263",5075,1015,4060
"5264",7000,1400,5600
"5265",6675,1335,5340
"5266",7810,1562,6248
"5267",3760,752,3008
"5268",6135,1227,4908
"5269",8030,1606,6424
"5270",5135,1027,4108
"5271",3735,747,2988
"5272",5050,1010,4040
"5273",4805,961,3844
"5274",4405,881,3524
"5275",5725,1145,4580
"5276",4550,910,3640
"5277",4290,858,3432
"5278",5230,1046,4184
"5279",7510,1502,6008
"5280",3585,717,2868
"5281",5495,1099,4396
"5282",3455,691,2764
"5283",3940,788,3152
"5284",4815,963,3852
"5285",5850,1170,4680
"5286",5590,1118,4472
"5287",3975,795,3180
"5288",6790,1358,5432
"5289",4770,954,3816
"5290",4080,816,3264
"5291",4870,974,3896
"5292",5380,1076,4304
"5293",4635,927,3708
"5294",4070,814,3256
"5295",3870,774,3096
"5296",4780,956,3824
"5297",5545,1109,4436
"5298",4865,973,3892
"5299",4210,842,3368
"5300",4705,941,3764
"5301",5375,1075,4300
"5302",5200,1040,4160
"5303",4240,848,3392
"5304",5260,1052,4208
"5305",3765,753,3012
"5306",4620,924,3696
"5307",5940,1188,4752
"5308",4590,918,3672
"5309",4440,888,3552
"5310",4715,943,3772
"5311",4405,881,3524
"5312",5675,1135,4540
"5313",6530,1306,5224
"5314",3940,788,3152
"5315",4245,849,3396
"5316",4765,953,3812
"5317",8760,1752,7008
"5318",5525,1105,4420
"5319",5400,1080,4320
"5320",5110,1022,4088
"5321",5460,1092,4368
"5322",5965,1193,4772
"5323",4215,843,3372
"5324",4835,967,3868
"5325",3945,789,3156
"5326",4800,960,3840
"5327",5820,1164,4656
"5328",4435,887,3548
"5329",3690,738,2952
"5330",4265,853,3412
"5331",4100,820,3280
"5332",4320,864,3456
"5333",4000,800,3200
"5334",4075,815,3260
"5335",5240,1048,4192
"5336",4360,872,3488
"5337",5680,1136,4544
"5338",4925,985,3940
"5339",4215,843,3372
"5340",6065,1213,4852
"5341",4360,872,3488
"5342",7560,1512,6048
"5343",5705,1141,4564
"5344",3795,759,3036
"5345",5755,1151,4604
"5346",4120,824,3296
"5347",4620,924,3696
"5348",4750,950,3800
"5349",7200,1440,5760
"5350",6410,1282,5128
"5351",4425,885,3540
"5352",5305,1061,4244
"5353",5365,1073,4292
"5354",4955,991,3964
"5355",5960,1192,4768
"5356",4200,840,3360
"5357",4935,987,3948
"5358",4955,991,3964
"5359",4360,872,3488
"5360",4180,836,3344
"5361",4540,908,3632
"5362",5070,1014,4056
"5363",5575,1115,4460
"5364",3950,790,3160
"5365",6165,1233,4932
"5366",7055,1411,5644
"5367",3970,794,3176
"5368",3985,797,3188
"5369",4260,852,3408
"5370",4865,973,3892
"5371",4095,819,3276
"5372",3830,766,3064
"5373",4915,983,3932
"5374",4485,897,3588
"5375",4545,909,3636
"5376",4145,829,3316
"5377",4190,838,3352
"5378",5315,1063,4252
"5379",4880,976,3904
"5380",4415,883,3532
"5381",7240,1448,5792
"5382",4710,942,3768
"5383",5765,1153,4612
"5384",3975,795,3180
"5385",3265,653,2612
"5386",4035,807,3228
"5387",3855,771,3084
"5388",3790,758,3032
"5389",5940,1188,4752
"5390",4000,800,3200
"5391",5270,1054,4216
"5392",4725,945,3780
"5393",4880,976,3904
"5394",6560,1312,5248
"5395",7305,1461,5844
"5396",5690,1138,4552
"5397",3590,718,2872
"5398",4310,862,3448
"5399",3475,695,2780
"5400",4580,916,3664
"5401",4700,940,3760
"5402",4120,824,3296
"5403",3880,776,3104
"5404",7115,1423,5692
"5405",4005,801,3204
"5406",4400,880,3520
"5407",5395,1079,4316
"5408",4100,820,3280
"5409",5245,1049,4196
"5410",3475,695,2780
"5411",6625,1325,5300
"5412",4630,926,3704
"5413",7655,1531,6124
"5414",3835,767,3068
"5415",4450,890,3560
"5416",3890,778,3112
"5417",3910,782,3128
"5418",6405,1281,5124
"5419",4745,949,3796
"5420",3475,695,2780
"5421",3710,742,2968
"5422",4795,959,3836
"5423",4355,871,3484
"5424",4975,995,3980
"5425",4640,928,3712
"5426",4790,958,3832
"5427",4525,905,3620
"5428",4935,987,3948
"5429",3845,769,3076
"5430",4330,866,3464
"5431",4780,956,3824
"5432",4660,932,3728
"5433",4390,878,3512
"5434",4150,830,3320
"5435",3245,649,2596
"5436",4050,810,3240
"5437",4230,846,3384
"5438",4145,829,3316
"5439",4525,905,3620
"5440",4160,832,3328
"5441",3515,703,2812
"5442",4380,876,3504
"5443",4545,909,3636
"5444",4590,918,3672
"5445",4860,972,3888
"5446",5180,1036,4144
"5447",4925,985,3940
"5448",5765,1153,4612
"5449",4680,936,3744
"5450",5975,1195,4780
"5451",4375,875,3500
"5452",4050,810,3240
"5453",4565,913,3652
"5454",5155,1031,4124
"5455",7495,1499,5996
"5456",5070,1014,4056
"5457",4665,933,3732
"5458",4490,898,3592
"5459",3870,774,3096
"5460",5175,1035,4140
"5461",4220,844,3376
"5462",4650,930,3720
"5463",5040,1008,4032
"5464",5420,1084,4336
"5465",4040,808,3232
"5466",4675,935,3740
"5467",4075,815,3260
"5468",3860,772,3088
"5469",3760,752,3008
"5470",5550,1110,4440
"5471",3800,760,3040
"5472",6865,1373,5492
"5473",5230,1046,4184
"5474",4360,872,3488
"5475",5030,1006,4024
"5476",4210,842,3368
"5477",8965,1793,7172
"5478",4205,841,3364
"5479",4920,984,3936
"5480",4350,870,3480
"5481",4275,855,3420
"5482",4820,964,3856
"5483",4795,959,3836
"5484",5125,1025,4100
"5485",5840,1168,4672
"5486",5685,1137,4548
"5487",5350,1070,4280
"5488",5615,1123,4492
"5489",4100,820,3280
"5490",4250,850,3400
"5491",3970,794,3176
"5492",4465,893,3572
"5493",4060,812,3248
"5494",3660,732,2928
"5495",4825,965,3860
"5496",3475,695,2780
"5497",4790,958,3832
"5498",4250,850,3400
"5499",5105,1021,4084
"5500",4435,887,3548
"5501",4640,928,3712
"5502",7820,1564,6256
"5503",4020,804,3216
"5504",4835,967,3868
"5505",3495,699,2796
"5506",5295,1059,4236
"5507",3635,727,2908
"5508",3830,766,3064
"5509",4005,801,3204
"5510",3370,674,2696
"5511",3780,756,3024
"5512",4175,835,3340
"5513",3520,704,2816
"5514",6340,1268,5072
"5515",4825,965,3860
"5516",4200,840,3360
"5517",4305,861,3444
"5518",3385,677,2708
"5519",4860,972,3888
"5520",4335,867,3468
"5521",5245,1049,4196
"5522",4140,828,3312
"5523",5940,1188,4752
"5524",5330,1066,4264
"5525",3925,785,3140
"5526",5660,1132,4528
"5527",4120,824,3296
"5528",3895,779,3116
"5529",4400,880,3520
"5530",4300,860,3440
"5531",4240,848,3392
"5532",4430,886,3544
"5533",4395,879,3516
"5534",4645,929,3716
"5535",3670,734,2936
"5536",4850,970,3880
"5537",4540,908,3632
"5538",4370,874,3496
"5539",4030,806,3224
"5540",5435,1087,4348
"5541",5205,1041,4164
"5542",4605,921,3684
"5543",5105,1021,4084
"5544",4720,944,3776
"5545",4710,942,3768
"5546",6110,1222,4888
"5547",5045,1009,4036
"5548",4765,953,3812
"5549",6630,1326,5304
"5550",4940,988,3952
"5551",5200,1040,4160
"5552",3845,769,3076
"5553",5350,1070,4280
"5554",5700,1140,4560
"5555",4080,816,3264
"5556",6055,1211,4844
"5557",5540,1108,4432
"5558",4980,996,3984
"5559",3320,664,2656
"5560",5100,1020,4080
"5561",5410,1082,4328
"5562",4960,992,3968
"5563",4605,921,3684
"5564",4635,927,3708
"5565",5150,1030,4120
"5566",5775,1155,4620
"5567",6090,1218,4872
"5568",5020,1004,4016
"5569",4385,877,3508
"5570",4735,947,3788
"5571",4585,917,3668
"5572",6495,1299,5196
"5573",4705,941,3764
"5574",4950,990,3960
"5575",4805,961,3844
"5576",4165,833,3332
"5577",4460,892,3568
"5578",3845,769,3076
"5579",3860,772,3088
"5580",4880,976,3904
"5581",4090,818,3272
"5582",4810,962,3848
"5583",4845,969,3876
"5584",5335,1067,4268
"5585",4490,898,3592
"5586",4635,927,3708
"5587",4065,813,3252
"5588",4810,962,3848
"5589",4630,926,3704
"5590",5135,1027,4108
"5591",6990,1398,5592
"5592",4730,946,3784
"5593",4155,831,3324
"5594",4100,820,3280
"5595",5310,1062,4248
"5596",4885,977,3908
"5597",4890,978,3912
"5598",4385,877,3508
"5599",5890,1178,4712
"5600",4510,902,3608
"5601",4995,999,3996
"5602",4785,957,3828
"5603",4375,875,3500
"5604",4320,864,3456
"5605",4560,912,3648
"5606",4605,921,3684
"5607",4820,964,3856
"5608",4595,919,3676
"5609",3305,661,2644
"5610",4020,804,3216
"5611",4015,803,3212
"5612",5520,1104,4416
"5613",5635,1127,4508
"5614",4875,975,3900
"5615",4410,882,3528
"5616",4810,962,3848
"5617",5400,1080,4320
"5618",4870,974,3896
"5619",4255,851,3404
"5620",7820,1564,6256
"5621",4050,810,3240
"5622",5175,1035,4140
"5623",3575,715,2860
"5624",3905,781,3124
"5625",5540,1108,4432
"5626",8715,1743,6972
"5627",4575,915,3660
"5628",5730,1146,4584
"5629",5800,1160,4640
"5630",4450,890,3560
"5631",4315,863,3452
"5632",3505,701,2804
"5633",4605,921,3684
"5634",4130,826,3304
"5635",6030,1206,4824
"5636",4150,830,3320
"5637",5720,1144,4576
"5638",5455,1091,4364
"5639",4685,937,3748
"5640",5045,1009,4036
"5641",4540,908,3632
"5642",3620,724,2896
"5643",4520,904,3616
"5644",4135,827,3308
"5645",5970,1194,4776
"5646",4530,906,3624
"5647",4670,934,3736
"5648",4080,816,3264
"5649",5305,1061,4244
"5650",3815,763,3052
"5651",4165,833,3332
"5652",5400,1080,4320
"5653",4345,869,3476
"5654",3685,737,2948
"5655",4115,823,3292
"5656",4420,884,3536
"5657",4285,857,3428
"5658",4260,852,3408
"5659",4050,810,3240
"5660",4380,876,3504
"5661",4715,943,3772
"5662",4845,969,3876
"5663",4595,919,3676
"5664",4360,872,3488
"5665",4295,859,3436
"5666",4730,946,3784
"5667",6870,1374,5496
"5668",3575,715,2860
"5669",4065,813,3252
"5670",3915,783,3132
"5671",4465,893,3572
"5672",4675,935,3740
"5673",4985,997,3988
"5674",3760,752,3008
"5675",4820,964,3856
"5676",4185,837,3348
"5677",5470,1094,4376
"5678",4200,840,3360
"5679",4445,889,3556
"5680",7310,1462,5848
"5681",5030,1006,4024
"5682",3570,714,2856
"5683",4845,969,3876
"5684",3875,775,3100
"5685",5330,1066,4264
"5686",5755,1151,4604
"5687",4170,834,3336
"5688",5405,1081,4324
"5689",3835,767,3068
"5690",3865,773,3092
"5691",5555,1111,4444
"5692",3610,722,2888
"5693",5415,1083,4332
"5694",6170,1234,4936
"5695",5890,1178,4712
"5696",5190,1038,4152
"5697",4325,865,3460
"5698",5400,1080,4320
"5699",5250,1050,4200
"5700",6840,1368,5472
"5701",5520,1104,4416
"5702",5175,1035,4140
"5703",3960,792,3168
"5704",4945,989,3956
"5705",5065,1013,4052
"5706",3920,784,3136
"5707",4825,965,3860
"5708",6410,1282,5128
"5709",4735,947,3788
"5710",6315,1263,5052
"5711",4415,883,3532
"5712",4665,933,3732
"5713",5110,1022,4088
"5714",5400,1080,4320
"5715",4305,861,3444
"5716",5460,1092,4368
"5717",4990,998,3992
"5718",4425,885,3540
"5719",4095,819,3276
"5720",4965,993,3972
"5721",3865,773,3092
"5722",4110,822,3288
"5723",4490,898,3592
"5724",5135,1027,4108
"5725",3555,711,2844
"5726",5105,1021,4084
"5727",4435,887,3548
"5728",5150,1030,4120
"5729",5635,1127,4508
"5730",4640,928,3712
"5731",4480,896,3584
"5732",4695,939,3756
"5733",4215,843,3372
"5734",3745,749,2996
"5735",5105,1021,4084
"5736",4865,973,3892
"5737",3920,784,3136
"5738",5770,1154,4616
"5739",3665,733,2932
"5740",4435,887,3548
"5741",4725,945,3780
"5742",5995,1199,4796
"5743",4530,906,3624
"5744",5285,1057,4228
"5745",4775,955,3820
"5746",4090,818,3272
"5747",7440,1488,5952
"5748",3785,757,3028
"5749",4560,912,3648
"5750",4930,986,3944
"5751",5475,1095,4380
"5752",4105,821,3284
"5753",4635,927,3708
"5754",4645,929,3716
"5755",3905,781,3124
"5756",4530,906,3624
"5757",4690,938,3752
"5758",5515,1103,4412
"5759",5295,1059,4236
"5760",4835,967,3868
"5761",4085,817,3268
"5762",4525,905,3620
"5763",4030,806,3224
"5764",5665,1133,4532
"5765",5840,1168,4672
"5766",6070,1214,4856
"5767",4200,840,3360
"5768",4350,870,3480
"5769",5490,1098,4392
"5770",4845,969,3876
"5771",6735,1347,5388
"5772",5690,1138,4552
"5773",4310,862,3448
"5774",4500,900,3600
"5775",6135,1227,4908
"5776",5275,1055,4220
"5777",5710,1142,4568
"5778",4275,855,3420
"5779",4075,815,3260
"5780",4120,824,3296
"5781",4095,819,3276
"5782",3435,687,2748
"5783",4585,917,3668
"5784",3730,746,2984
"5785",4615,923,3692
"5786",6190,1238,4952
"5787",3895,779,3116
"5788",4335,867,3468
"5789",5595,1119,4476
"5790",4030,806,3224
"5791",4515,903,3612
"5792",3950,790,3160
"5793",4765,953,3812
"5794",4400,880,3520
"5795",4635,927,3708
"5796",5115,1023,4092
"5797",4365,873,3492
"5798",3635,727,2908
"5799",4855,971,3884
"5800",4795,959,3836
"5801",4195,839,3356
"5802",4880,976,3904
"5803",4195,839,3356
"5804",5750,1150,4600
"5805",5820,1164,4656
"5806",3305,661,2644
"5807",4220,844,3376
"5808",5560,1112,4448
"5809",3660,732,2928
"5810",5055,1011,4044
"5811",3795,759,3036
"5812",5260,1052,4208
"5813",5450,1090,4360
"5814",4555,911,3644
"5815",4745,949,3796
"5816",4075,815,3260
"5817",4020,804,3216
"5818",5180,1036,4144
"5819",6120,1224,4896
"5820",6090,1218,4872
"5821",4160,832,3328
"5822",4735,947,3788
"5823",8105,1621,6484
"5824",4785,957,3828
"5825",4845,969,3876
"5826",5120,1024,4096
"5827",3690,738,2952
"5828",4350,870,3480
"5829",5175,1035,4140
"5830",5750,1150,4600
"5831",4525,905,3620
"5832",4595,919,3676
"5833",4660,932,3728
"5834",4435,887,3548
"5835",4850,970,3880
"5836",5030,1006,4024
"5837",4505,901,3604
"5838",5130,1026,4104
"5839",3430,686,2744
"5840",3840,768,3072
"5841",6810,1362,5448
"5842",5075,1015,4060
"5843",4235,847,3388
"5844",5265,1053,4212
"5845",4035,807,3228
"5846",4825,965,3860
"5847",4240,848,3392
"5848",3950,790,3160
"5849",4340,868,3472
"5850",4495,899,3596
"5851",5620,1124,4496
"5852",3660,732,2928
"5853",4295,859,3436
"5854",3500,700,2800
"5855",4995,999,3996
"5856",5130,1026,4104
"5857",4915,983,3932
"5858",5445,1089,4356
"5859",4775,955,3820
"5860",3365,673,2692
"5861",4245,849,3396
"5862",3880,776,3104
"5863",6875,1375,5500
"5864",4305,861,3444
"5865",5685,1137,4548
"5866",4110,822,3288
"5867",4710,942,3768
"5868",4745,949,3796
"5869",7450,1490,5960
"5870",5235,1047,4188
"5871",4670,934,3736
"5872",5380,1076,4304
"5873",3805,761,3044
"5874",4705,941,3764
"5875",3965,793,3172
"5876",4125,825,3300
"5877",5795,1159,4636
"5878",5870,1174,4696
"5879",5070,1014,4056
"5880",4670,934,3736
"5881",5155,1031,4124
"5882",3970,794,3176
"5883",7430,1486,5944
"5884",4190,838,3352
"5885",6880,1376,5504
"5886",4265,853,3412
"5887",3685,737,2948
"5888",4000,800,3200
"5889",4955,991,3964
"5890",3345,669,2676
"5891",3965,793,3172
"5892",3705,741,2964
"5893",3455,691,2764
"5894",4295,859,3436
"5895",3490,698,2792
"5896",5230,1046,4184
"5897",4670,934,3736
"5898",4580,916,3664
"5899",3350,670,2680
"5900",3715,743,2972
"5901",4965,993,3972
"5902",5795,1159,4636
"5903",5920,1184,4736
"5904",5825,1165,4660
"5905",5625,1125,4500
"5906",4765,953,3812
"5907",4185,837,3348
"5908",5575,1115,4460
"5909",5175,1035,4140
"5910",4655,931,3724
"5911",4870,974,3896
"5912",4870,974,3896
"5913",4455,891,3564
"5914",4800,960,3840
"5915",6500,1300,5200
"5916",4990,998,3992
"5917",4365,873,3492
"5918",4750,950,3800
"5919",4550,910,3640
"5920",5675,1135,4540
"5921",5715,1143,4572
"5922",6060,1212,4848
"5923",6800,1360,5440
"5924",5100,1020,4080
"5925",5550,1110,4440
"5926",4785,957,3828
"5927",3935,787,3148
"5928",4770,954,3816
"5929",3975,795,3180
"5930",4565,913,3652
"5931",4755,951,3804
"5932",4980,996,3984
"5933",3835,767,3068
"5934",4325,865,3460
"5935",3200,640,2560
"5936",4380,876,3504
"5937",5400,1080,4320
"5938",4170,834,3336
"5939",4100,820,3280
"5940",4020,804,3216
"5941",3705,741,2964
"5942",7320,1464,5856
"5943",4570,914,3656
"5944",5600,1120,4480
"5945",6970,1394,5576
"5946",5070,1014,4056
"5947",5425,1085,4340
"5948",4270,854,3416
"5949",6350,1270,5080
"5950",4690,938,3752
"5951",4745,949,3796
"5952",3535,707,2828
"5953",4760,952,3808
"5954",4270,854,3416
"5955",4830,966,3864
"5956",4610,922,3688
"5957",5015,1003,4012
"5958",4510,902,3608
"5959",4770,954,3816
"5960",5185,1037,4148
"5961",4910,982,3928
"5962",4015,803,3212
"5963",4395,879,3516
"5964",5180,1036,4144
"5965",3760,752,3008
"5966",4680,936,3744
"5967",4235,847,3388
"5968",5810,1162,4648
"5969",3995,799,3196
"5970",3300,660,2640
"5971",6020,1204,4816
"5972",4695,939,3756
"5973",4145,829,3316
"5974",5485,1097,4388
"5975",4380,876,3504
"5976",4890,978,3912
"5977",4590,918,3672
"5978",4920,984,3936
"5979",5855,1171,4684
"5980",4110,822,3288
"5981",5120,1024,4096
"5982",5650,1130,4520
"5983",4870,974,3896
"5984",4705,941,3764
"5985",3835,767,3068
"5986",4545,909,3636
"5987",6095,1219,4876
"5988",4335,867,3468
"5989",4970,994,3976
"5990",4065,813,3252
"5991",4850,970,3880
"5992",4275,855,3420
"5993",3890,778,3112
"5994",5000,1000,4000
"5995",4440,888,3552
"5996",3650,730,2920
"5997",4530,906,3624
"5998",5445,1089,4356
"5999",5290,1058,4232
"6000",5335,1067,4268
"6001",4695,939,3756
"6002",4980,996,3984
"6003",3980,796,3184
"6004",4755,951,3804
"6005",5035,1007,4028
"6006",3835,767,3068
"6007",4615,923,3692
"6008",4460,892,3568
"6009",4340,868,3472
"6010",5260,1052,4208
"6011",4140,828,3312
"6012",4485,897,3588
"6013",4990,998,3992
"6014",4200,840,3360
"6015",3870,774,3096
"6016",5320,1064,4256
"6017",6275,1255,5020
"6018",4885,977,3908
"6019",4185,837,3348
"6020",4090,818,3272
"6021",4565,913,3652
"6022",5585,1117,4468
"6023",4125,825,3300
"6024",5450,1090,4360
"6025",4505,901,3604
"6026",5550,1110,4440
"6027",4650,930,3720
"6028",4075,815,3260
"6029",4550,910,3640
"6030",4405,881,3524
"6031",5715,1143,4572
"6032",3955,791,3164
"6033",4270,854,3416
"6034",4740,948,3792
"6035",4285,857,3428
"6036",5170,1034,4136
"6037",4495,899,3596
"6038",5750,1150,4600
"6039",4350,870,3480
"6040",4715,943,3772
"6041",4915,983,3932
"6042",5065,1013,4052
"6043",3940,788,3152
"6044",3520,704,2816
"6045",4795,959,3836
"6046",3935,787,3148
"6047",5195,1039,4156
"6048",4615,923,3692
"6049",3740,748,2992
"6050",4640,928,3712
"6051",3705,741,2964
"6052",4820,964,3856
"6053",6270,1254,5016
"6054",3750,750,3000
"6055",4990,998,3992
"6056",3590,718,2872
"6057",3900,780,3120
"6058",3600,720,2880
"6059",3590,718,2872
"6060",3855,771,3084
"6061",6315,1263,5052
"6062",4355,871,3484
"6063",4505,901,3604
"6064",3955,791,3164
"6065",4310,862,3448
"6066",3725,745,2980
"6067",4905,981,3924
"6068",3275,655,2620
"6069",6365,1273,5092
"6070",4815,963,3852
"6071",5315,1063,4252
"6072",4090,818,3272
"6073",4950,990,3960
"6074",4880,976,3904
"6075",3875,775,3100
"6076",4735,947,3788
"6077",5845,1169,4676
"6078",4050,810,3240
"6079",3445,689,2756
"6080",4280,856,3424
"6081",8025,1605,6420
"6082",3540,708,2832
"6083",3600,720,2880
"6084",4515,903,3612
"6085",3975,795,3180
"6086",4820,964,3856
"6087",5150,1030,4120
"6088",5545,1109,4436
"6089",3575,715,2860
"6090",3710,742,2968
"6091",4925,985,3940
"6092",4335,867,3468
"6093",4840,968,3872
"6094",4505,901,3604
"6095",4100,820,3280
"6096",6820,1364,5456
"6097",5130,1026,4104
"6098",6090,1218,4872
"6099",3900,780,3120
"6100",7925,1585,6340
"6101",5670,1134,4536
"6102",3545,709,2836
"6103",5115,1023,4092
"6104",5620,1124,4496
"6105",4540,908,3632
"6106",5170,1034,4136
"6107",5540,1108,4432
"6108",6160,1232,4928
"6109",4555,911,3644
"6110",5240,1048,4192
"6111",5085,1017,4068
"6112",6330,1266,5064
"6113",4170,834,3336
"6114",4770,954,3816
"6115",4450,890,3560
"6116",3875,775,3100
"6117",6285,1257,5028
"6118",5190,1038,4152
"6119",3925,785,3140
"6120",4600,920,3680
"6121",4320,864,3456
"6122",4360,872,3488
"6123",5225,1045,4180
"6124",4805,961,3844
"6125",3905,781,3124
"6126",5470,1094,4376
"6127",4925,985,3940
"6128",4815,963,3852
"6129",4515,903,3612
"6130",3770,754,3016
"6131",3810,762,3048
"6132",5775,1155,4620
"6133",4970,994,3976
"6134",4425,885,3540
"6135",3955,791,3164
"6136",4080,816,3264
"6137",4890,978,3912
"6138",4060,812,3248
"6139",4605,921,3684
"6140",4190,838,3352
"6141",5100,1020,4080
"6142",4370,874,3496
"6143",5845,1169,4676
"6144",4285,857,3428
"6145",4255,851,3404
"6146",6205,1241,4964
"6147",3860,772,3088
"6148",4910,982,3928
"6149",7475,1495,5980
"6150",5180,1036,4144
"6151",4680,936,3744
"6152",5895,1179,4716
"6153",6105,1221,4884
"6154",5100,1020,4080
"6155",4295,859,3436
"6156",5005,1001,4004
"6157",5265,1053,4212
"6158",4490,898,3592
"6159",4990,998,3992
"6160",4110,822,3288
"6161",4260,852,3408
"6162",4215,843,3372
"6163",4800,960,3840
"6164",4570,914,3656
"6165",4495,899,3596
"6166",4775,955,3820
"6167",4215,843,3372
"6168",5270,1054,4216
"6169",4320,864,3456
"6170",4885,977,3908
"6171",4935,987,3948
"6172",4660,932,3728
"6173",4870,974,3896
"6174",4455,891,3564
"6175",4075,815,3260
"6176",5560,1112,4448
"6177",4930,986,3944
"6178",4890,978,3912
"6179",4350,870,3480
"6180",6070,1214,4856
"6181",5115,1023,4092
"6182",5545,1109,4436
"6183",4725,945,3780
"6184",3810,762,3048
"6185",3545,709,2836
"6186",5105,1021,4084
"6187",4355,871,3484
"6188",5255,1051,4204
"6189",6375,1275,5100
"6190",4035,807,3228
"6191",4670,934,3736
"6192",4460,892,3568
"6193",3885,777,3108
"6194",3580,716,2864
"6195",5060,1012,4048
"6196",3620,724,2896
"6197",3850,770,3080
"6198",4800,960,3840
"6199",5460,1092,4368
"6200",3715,743,2972
"6201",5220,1044,4176
"6202",4790,958,3832
"6203",4480,896,3584
"6204",5260,1052,4208
"6205",4910,982,3928
"6206",4930,986,3944
"6207",3615,723,2892
"6208",3545,709,2836
"6209",4240,848,3392
"6210",5100,1020,4080
"6211",5085,1017,4068
"6212",5385,1077,4308
"6213",4755,951,3804
"6214",4445,889,3556
"6215",4540,908,3632
"6216",4255,851,3404
"6217",8515,1703,6812
"6218",5855,1171,4684
"6219",4045,809,3236
"6220",6715,1343,5372
"6221",4575,915,3660
"6222",6010,1202,4808
"6223",3825,765,3060
"6224",5870,1174,4696
"6225",5015,1003,4012
"6226",4865,973,3892
"6227",4670,934,3736
"6228",3700,740,2960
"6229",4360,872,3488
"6230",5175,1035,4140
"6231",4550,910,3640
"6232",5470,1094,4376
"6233",4645,929,3716
"6234",5075,1015,4060
"6235",4850,970,3880
"6236",5870,1174,4696
"6237",4240,848,3392
"6238",5890,1178,4712
"6239",5040,1008,4032
"6240",4410,882,3528
"6241",4395,879,3516
"6242",4535,907,3628
"6243",4060,812,3248
"6244",5150,1030,4120
"6245",5055,1011,4044
"6246",4535,907,3628
"6247",3765,753,3012
"6248",4920,984,3936
"6249",4235,847,3388
"6250",4875,975,3900
"6251",3520,704,2816
"6252",4255,851,3404
"6253",5040,1008,4032
"6254",4165,833,3332
"6255",4190,838,3352
"6256",5255,1051,4204
"6257",4250,850,3400
"6258",4930,986,3944
"6259",4800,960,3840
"6260",6830,1366,5464
"6261",4145,829,3316
"6262",6010,1202,4808
"6263",4115,823,3292
"6264",6065,1213,4852
"6265",5300,1060,4240
"6266",3990,798,3192
"6267",3945,789,3156
"6268",4175,835,3340
"6269",5220,1044,4176
"6270",3785,757,3028
"6271",3645,729,2916
"6272",4575,915,3660
"6273",7070,1414,5656
"6274",4735,947,3788
"6275",5445,1089,4356
"6276",3955,791,3164
"6277",4460,892,3568
"6278",4890,978,3912
"6279",4690,938,3752
"6280",4780,956,3824
"6281",3905,781,3124
"6282",4765,953,3812
"6283",6020,1204,4816
"6284",6120,1224,4896
"6285",4765,953,3812
"6286",4830,966,3864
"6287",6315,1263,5052
"6288",4785,957,3828
"6289",3970,794,3176
"6290",4250,850,3400
"6291",6960,1392,5568
"6292",6270,1254,5016
"6293",4000,800,3200
"6294",4960,992,3968
"6295",5115,1023,4092
"6296",3705,741,2964
"6297",5605,1121,4484
"6298",5600,1120,4480
"6299",4850,970,3880
"6300",4120,824,3296
"6301",4810,962,3848
"6302",7570,1514,6056
"6303",4030,806,3224
"6304",4195,839,3356
"6305",3860,772,3088
"6306",5605,1121,4484
"6307",4265,853,3412
"6308",4240,848,3392
"6309",4880,976,3904
"6310",3705,741,2964
"6311",6320,1264,5056
"6312",4005,801,3204
"6313",3985,797,3188
"6314",5250,1050,4200
"6315",3955,791,3164
"6316",4580,916,3664
"6317",5260,1052,4208
"6318",3655,731,2924
"6319",4835,967,3868
"6320",4375,875,3500
"6321",4230,846,3384
"6322",4455,891,3564
"6323",4610,922,3688
"6324",4540,908,3632
"6325",5280,1056,4224
"6326",4510,902,3608
"6327",4160,832,3328
"6328",4905,981,3924
"6329",3685,737,2948
"6330",5005,1001,4004
"6331",4295,859,3436
"6332",4945,989,3956
"6333",4710,942,3768
"6334",5345,1069,4276
"6335",3945,789,3156
"6336",5440,1088,4352
"6337",6560,1312,5248
"6338",4175,835,3340
"6339",4960,992,3968
"6340",4325,865,3460
"6341",5355,1071,4284
"6342",4555,911,3644
"6343",4280,856,3424
"6344",4340,868,3472
"6345",5255,1051,4204
"6346",4280,856,3424
"6347",4030,806,3224
"6348",5205,1041,4164
"6349",4515,903,3612
"6350",3905,781,3124
"6351",5305,1061,4244
"6352",4590,918,3672
"6353",5025,1005,4020
"6354",4540,908,3632
"6355",4750,950,3800
"6356",5450,1090,4360
"6357",6105,1221,4884
"6358",4960,992,3968
"6359",5830,1166,4664
"6360",5125,1025,4100
"6361",6650,1330,5320
"6362",4485,897,3588
"6363",4365,873,3492
"6364",4870,974,3896
"6365",5030,1006,4024
"6366",5070,1014,4056
"6367",5685,1137,4548
"6368",4655,931,3724
"6369",5390,1078,4312
"6370",4210,842,3368
"6371",4295,859,3436
"6372",5535,1107,4428
"6373",3415,683,2732
"6374",3860,772,3088
"6375",4490,898,3592
"6376",7285,1457,5828
"6377",5055,1011,4044
"6378",7150,1430,5720
"6379",5005,1001,4004
"6380",3680,736,2944
"6381",4660,932,3728
"6382",3870,774,3096
"6383",6050,1210,4840
"6384",4365,873,3492
"6385",6175,1235,4940
"6386",4190,838,3352
"6387",3875,775,3100
"6388",4285,857,3428
"6389",6220,1244,4976
"6390",5535,1107,4428
"6391",3880,776,3104
"6392",5115,1023,4092
"6393",4665,933,3732
"6394",3740,748,2992
"6395",5080,1016,4064
"6396",6025,1205,4820
"6397",4185,837,3348
"6398",4345,869,3476
"6399",4565,913,3652
"6400",4915,983,3932
"6401",4980,996,3984
"6402",4735,947,3788
"6403",4310,862,3448
"6404",4580,916,3664
"6405",5825,1165,4660
"6406",7360,1472,5888
"6407",5575,1115,4460
"6408",4105,821,3284
"6409",9510,1902,7608
"6410",6525,1305,5220
"6411",4985,997,3988
"6412",3970,794,3176
"6413",4085,817,3268
"6414",3955,791,3164
"6415",5220,1044,4176
"6416",5350,1070,4280
"6417",3955,791,3164
"6418",4560,912,3648
"6419",4410,882,3528
"6420",4710,942,3768
"6421",3900,780,3120
"6422",3830,766,3064
"6423",5435,1087,4348
"6424",4625,925,3700
"6425",3210,642,2568
"6426",5640,1128,4512
"6427",5360,1072,4288
"6428",4150,830,3320
"6429",5180,1036,4144
"6430",5880,1176,4704
"6431",4730,946,3784
"6432",4925,985,3940
"6433",5020,1004,4016
"6434",4525,905,3620
"6435",5745,1149,4596
"6436",3485,697,2788
"6437",3800,760,3040
"6438",5695,1139,4556
"6439",5835,1167,4668
"6440",4645,929,3716
"6441",4595,919,3676
"6442",3810,762,3048
"6443",3710,742,2968
"6444",4410,882,3528
"6445",4960,992,3968
"6446",3235,647,2588
"6447",4400,880,3520
"6448",7040,1408,5632
"6449",4095,819,3276
"6450",3535,707,2828
"6451",4035,807,3228
"6452",4140,828,3312
"6453",4350,870,3480
"6454",4875,975,3900
"6455",6065,1213,4852
"6456",5710,1142,4568
"6457",4155,831,3324
"6458",5115,1023,4092
"6459",5255,1051,4204
"6460",4715,943,3772
"6461",5030,1006,4024
"6462",3815,763,3052
"6463",4415,883,3532
"6464",4080,816,3264
"6465",4985,997,3988
"6466",5970,1194,4776
"6467",3795,759,3036
"6468",4080,816,3264
"6469",4235,847,3388
"6470",5180,1036,4144
"6471",4530,906,3624
"6472",4205,841,3364
"6473",5180,1036,4144
"6474",3995,799,3196
"6475",4060,812,3248
"6476",5860,1172,4688
"6477",4650,930,3720
"6478",3475,695,2780
"6479",4735,947,3788
"6480",3640,728,2912
"6481",5865,1173,4692
"6482",5800,1160,4640
"6483",6115,1223,4892
"6484",3860,772,3088
"6485",4430,886,3544
"6486",4545,909,3636
"6487",4770,954,3816
"6488",4500,900,3600
"6489",4570,914,3656
"6490",3740,748,2992
"6491",4520,904,3616
"6492",5015,1003,4012
"6493",4525,905,3620
"6494",4980,996,3984
"6495",3945,789,3156
"6496",5185,1037,4148
"6497",5450,1090,4360
"6498",4210,842,3368
"6499",3970,794,3176
"6500",4045,809,3236
"6501",5095,1019,4076
"6502",3815,763,3052
"6503",4375,875,3500
"6504",4870,974,3896
"6505",4440,888,3552
"6506",4195,839,3356
"6507",4935,987,3948
"6508",5705,1141,4564
"6509",5400,1080,4320
"6510",4070,814,3256
"6511",5005,1001,4004
"6512",4630,926,3704
"6513",4930,986,3944
"6514",5165,1033,4132
"6515",5200,1040,4160
"6516",4475,895,3580
"6517",4525,905,3620
"6518",3950,790,3160
"6519",3850,770,3080
"6520",4305,861,3444
"6521",5475,1095,4380
"6522",4445,889,3556
"6523",4715,943,3772
"6524",4150,830,3320
"6525",4330,866,3464
"6526",3895,779,3116
"6527",4840,968,3872
"6528",4545,909,3636
"6529",5915,1183,4732
"6530",4410,882,3528
"6531",3930,786,3144
"6532",4835,967,3868
"6533",3325,665,2660
"6534",4765,953,3812
"6535",6515,1303,5212
"6536",4370,874,3496
"6537",3975,795,3180
"6538",5455,1091,4364
"6539",6440,1288,5152
"6540",4435,887,3548
"6541",5560,1112,4448
"6542",5330,1066,4264
"6543",4340,868,3472
"6544",4560,912,3648
"6545",4935,987,3948
"6546",4860,972,3888
"6547",4385,877,3508
"6548",4100,820,3280
"6549",4325,865,3460
"6550",5910,1182,4728
"6551",4725,945,3780
"6552",3830,766,3064
"6553",4860,972,3888
"6554",3775,755,3020
"6555",4505,901,3604
"6556",5050,1010,4040
"6557",4415,883,3532
"6558",4050,810,3240
"6559",5075,1015,4060
"6560",3835,767,3068
"6561",8070,1614,6456
"6562",4420,884,3536
"6563",4455,891,3564
"6564",4385,877,3508
"6565",8045,1609,6436
"6566",3815,763,3052
"6567",4035,807,3228
"6568",3420,684,2736
"6569",4690,938,3752
"6570",3885,777,3108
"6571",4610,922,3688
"6572",4660,932,3728
"6573",4690,938,3752
"6574",5050,1010,4040
"6575",5770,1154,4616
"6576",4325,865,3460
"6577",5300,1060,4240
"6578",4980,996,3984
"6579",4295,859,3436
"6580",4260,852,3408
"6581",4360,872,3488
"6582",4700,940,3760
"6583",4840,968,3872
"6584",4915,983,3932
"6585",4825,965,3860
"6586",4870,974,3896
"6587",5055,1011,4044
"6588",4045,809,3236
"6589",6325,1265,5060
"6590",5495,1099,4396
"6591",4920,984,3936
"6592",5010,1002,4008
"6593",4240,848,3392
"6594",3115,623,2492
"6595",6385,1277,5108
"6596",4415,883,3532
"6597",4595,919,3676
"6598",5640,1128,4512
"6599",5130,1026,4104
"6600",6465,1293,5172
"6601",6905,1381,5524
"6602",5590,1118,4472
"6603",4470,894,3576
"6604",5425,1085,4340
"6605",4620,924,3696
"6606",4880,976,3904
"6607",4460,892,3568
"6608",4690,938,3752
"6609",4005,801,3204
"6610",4120,824,3296
"6611",4075,815,3260
"6612",6420,1284,5136
"6613",4660,932,3728
"6614",3980,796,3184
"6615",3845,769,3076
"6616",4205,841,3364
"6617",4700,940,3760
"6618",3825,765,3060
"6619",4310,862,3448
"6620",4675,935,3740
"6621",4805,961,3844
"6622",4355,871,3484
"6623",6060,1212,4848
"6624",5415,1083,4332
"6625",4590,918,3672
"6626",5565,1113,4452
"6627",5655,1131,4524
"6628",5430,1086,4344
"6629",4680,936,3744
"6630",5220,1044,4176
"6631",4765,953,3812
"6632",4925,985,3940
"6633",5455,1091,4364
"6634",4405,881,3524
"6635",4600,920,3680
"6636",4565,913,3652
"6637",4750,950,3800
"6638",3650,730,2920
"6639",4540,908,3632
"6640",4445,889,3556
"6641",4300,860,3440
"6642",5180,1036,4144
"6643",4435,887,3548
"6644",4360,872,3488
"6645",4785,957,3828
"6646",4110,822,3288
"6647",4765,953,3812
"6648",4090,818,3272
"6649",4700,940,3760
"6650",3930,786,3144
"6651",3810,762,3048
"6652",4750,950,3800
"6653",4595,919,3676
"6654",3275,655,2620
"6655",5745,1149,4596
"6656",5075,1015,4060
"6657",6595,1319,5276
"6658",4245,849,3396
"6659",4380,876,3504
"6660",4530,906,3624
"6661",5060,1012,4048
"6662",5465,1093,4372
"6663",4860,972,3888
"6664",5605,1121,4484
"6665",4010,802,3208
"6666",5225,1045,4180
"6667",4485,897,3588
"6668",5450,1090,4360
"6669",3535,707,2828
"6670",3970,794,3176
"6671",4825,965,3860
"6672",5730,1146,4584
"6673",4865,973,3892
"6674",4205,841,3364
"6675",4195,839,3356
"6676",4585,917,3668
"6677",3200,640,2560
"6678",6760,1352,5408
"6679",4035,807,3228
"6680",4300,860,3440
"6681",4565,913,3652
"6682",4375,875,3500
"6683",4765,953,3812
"6684",4355,871,3484
"6685",4850,970,3880
"6686",5325,1065,4260
"6687",5790,1158,4632
"6688",4080,816,3264
"6689",3480,696,2784
"6690",4045,809,3236
"6691",6790,1358,5432
"6692",4845,969,3876
"6693",5025,1005,4020
"6694",4485,897,3588
"6695",5010,1002,4008
"6696",4065,813,3252
"6697",4450,890,3560
"6698",7165,1433,5732
"6699",4195,839,3356
"6700",5420,1084,4336
"6701",3680,736,2944
"6702",5930,1186,4744
"6703",5080,1016,4064
"6704",5765,1153,4612
"6705",4460,892,3568
"6706",3930,786,3144
"6707",4160,832,3328
"6708",5145,1029,4116
"6709",3950,790,3160
"6710",3860,772,3088
"6711",4640,928,3712
"6712",6015,1203,4812
"6713",4365,873,3492
"6714",4700,940,3760
"6715",5045,1009,4036
"6716",4970,994,3976
"6717",4230,846,3384
"6718",5275,1055,4220
"6719",4350,870,3480
"6720",5215,1043,4172
"6721",5540,1108,4432
"6722",4535,907,3628
"6723",4270,854,3416
"6724",4335,867,3468
"6725",4685,937,3748
"6726",6880,1376,5504
"6727",4470,894,3576
"6728",5190,1038,4152
"6729",4565,913,3652
"6730",7215,1443,5772
"6731",4680,936,3744
"6732",4840,968,3872
"6733",4775,955,3820
"6734",5280,1056,4224
"6735",5405,1081,4324
"6736",3775,755,3020
"6737",5410,1082,4328
"6738",5825,1165,4660
"6739",5570,1114,4456
"6740",4595,919,3676
"6741",5445,1089,4356
"6742",3870,774,3096
"6743",4300,860,3440
"6744",6110,1222,4888
"6745",6360,1272,5088
"6746",3780,756,3024
"6747",3800,760,3040
"6748",4615,923,3692
"6749",4350,870,3480
"6750",4445,889,3556
"6751",5115,1023,4092
"6752",4415,883,3532
"6753",4155,831,3324
"6754",5805,1161,4644
"6755",4620,924,3696
"6756",4785,957,3828
"6757",5025,1005,4020
"6758",3655,731,2924
"6759",3480,696,2784
"6760",3815,763,3052
"6761",3470,694,2776
"6762",5905,1181,4724
"6763",3475,695,2780
"6764",3885,777,3108
"6765",4200,840,3360
"6766",4485,897,3588
"6767",4755,951,3804
"6768",4320,864,3456
"6769",5605,1121,4484
"6770",3930,786,3144
"6771",4765,953,3812
"6772",5155,1031,4124
"6773",4545,909,3636
"6774",4960,992,3968
"6775",4980,996,3984
"6776",6705,1341,5364
"6777",3730,746,2984
"6778",5185,1037,4148
"6779",4995,999,3996
"6780",4375,875,3500
"6781",4770,954,3816
"6782",5100,1020,4080
"6783",5290,1058,4232
"6784",7590,1518,6072
"6785",4445,889,3556
"6786",3870,774,3096
"6787",4755,951,3804
"6788",4240,848,3392
"6789",4030,806,3224
"6790",4505,901,3604
"6791",3920,784,3136
"6792",4345,869,3476
"6793",3895,779,3116
"6794",4580,916,3664
"6795",4500,900,3600
"6796",4790,958,3832
"6797",4465,893,3572
"6798",5625,1125,4500
"6799",4645,929,3716
"6800",5770,1154,4616
"6801",4240,848,3392
"6802",4240,848,3392
"6803",3980,796,3184
"6804",3965,793,3172
"6805",4165,833,3332
"6806",4305,861,3444
"6807",5300,1060,4240
"6808",4450,890,3560
"6809",3965,793,3172
"6810",4965,993,3972
"6811",4250,850,3400
"6812",4845,969,3876
"6813",4570,914,3656
"6814",5030,1006,4024
"6815",4285,857,3428
"6816",3680,736,2944
"6817",3945,789,3156
"6818",3665,733,2932
"6819",4365,873,3492
"6820",5700,1140,4560
"6821",5355,1071,4284
"6822",7960,1592,6368
"6823",4515,903,3612
"6824",4510,902,3608
"6825",4470,894,3576
"6826",5945,1189,4756
"6827",4115,823,3292
"6828",4790,958,3832
"6829",5740,1148,4592
"6830",4840,968,3872
"6831",5495,1099,4396
"6832",4950,990,3960
"6833",4540,908,3632
"6834",4920,984,3936
"6835",4235,847,3388
"6836",4840,968,3872
"6837",5075,1015,4060
"6838",4065,813,3252
"6839",4850,970,3880
"6840",4865,973,3892
"6841",4965,993,3972
"6842",5160,1032,4128
"6843",4110,822,3288
"6844",5575,1115,4460
"6845",5770,1154,4616
"6846",4830,966,3864
"6847",4275,855,3420
"6848",4040,808,3232
"6849",4235,847,3388
"6850",5470,1094,4376
"6851",5190,1038,4152
"6852",6235,1247,4988
"6853",7220,1444,5776
"6854",3205,641,2564
"6855",3485,697,2788
"6856",4335,867,3468
"6857",4215,843,3372
"6858",4160,832,3328
"6859",4705,941,3764
"6860",3605,721,2884
"6861",4350,870,3480
"6862",4395,879,3516
"6863",4755,951,3804
"6864",4475,895,3580
"6865",5045,1009,4036
"6866",5105,1021,4084
"6867",5990,1198,4792
"6868",5260,1052,4208
"6869",4050,810,3240
"6870",4870,974,3896
"6871",4650,930,3720
"6872",5140,1028,4112
"6873",4165,833,3332
"6874",5920,1184,4736
"6875",3550,710,2840
"6876",5170,1034,4136
"6877",4420,884,3536
"6878",5535,1107,4428
"6879",5045,1009,4036
"6880",4425,885,3540
"6881",5060,1012,4048
"6882",4065,813,3252
"6883",4500,900,3600
"6884",4880,976,3904
"6885",4395,879,3516
"6886",3720,744,2976
"6887",4865,973,3892
"6888",3985,797,3188
"6889",4795,959,3836
"6890",6465,1293,5172
"6891",5195,1039,4156
"6892",5085,1017,4068
"6893",4735,947,3788
"6894",4370,874,3496
"6895",3735,747,2988
"6896",4435,887,3548
"6897",6830,1366,5464
"6898",5715,1143,4572
"6899",4760,952,3808
"6900",4730,946,3784
"6901",5500,1100,4400
"6902",5135,1027,4108
"6903",4985,997,3988
"6904",4265,853,3412
"6905",4315,863,3452
"6906",4885,977,3908
"6907",4825,965,3860
"6908",4330,866,3464
"6909",4865,973,3892
"6910",4945,989,3956
"6911",4750,950,3800
"6912",3815,763,3052
"6913",5105,1021,4084
"6914",5440,1088,4352
"6915",4170,834,3336
"6916",5070,1014,4056
"6917",4720,944,3776
"6918",5420,1084,4336
"6919",3660,732,2928
"6920",5340,1068,4272
"6921",4625,925,3700
"6922",5715,1143,4572
"6923",5025,1005,4020
"6924",4410,882,3528
"6925",4855,971,3884
"6926",4995,999,3996
"6927",5270,1054,4216
"6928",5120,1024,4096
"6929",5480,1096,4384
"6930",4400,880,3520
"6931",4865,973,3892
"6932",4225,845,3380
"6933",3340,668,2672
"6934",5560,1112,4448
"6935",4280,856,3424
"6936",4140,828,3312
"6937",4825,965,3860
"6938",4410,882,3528
"6939",4435,887,3548
"6940",4025,805,3220
"6941",5730,1146,4584
"6942",4495,899,3596
"6943",5160,1032,4128
"6944",4075,815,3260
"6945",5495,1099,4396
"6946",5255,1051,4204
"6947",6675,1335,5340
"6948",4130,826,3304
"6949",5535,1107,4428
"6950",5280,1056,4224
"6951",5205,1041,4164
"6952",4845,969,3876
"6953",5160,1032,4128
"6954",4900,980,3920
"6955",3795,759,3036
"6956",4145,829,3316
"6957",5020,1004,4016
"6958",4475,895,3580
"6959",4780,956,3824
"6960",5915,1183,4732
"6961",4140,828,3312
"6962",4385,877,3508
"6963",4695,939,3756
"6964",4435,887,3548
"6965",5305,1061,4244
"6966",4495,899,3596
"6967",4450,890,3560
"6968",4640,928,3712
"6969",4385,877,3508
"6970",4770,954,3816
"6971",5425,1085,4340
"6972",4225,845,3380
"6973",4940,988,3952
"6974",4100,820,3280
"6975",3715,743,2972
"6976",6250,1250,5000
"6977",5140,1028,4112
"6978",4765,953,3812
"6979",4520,904,3616
"6980",5735,1147,4588
"6981",4510,902,3608
"6982",6080,1216,4864
"6983",3500,700,2800
"6984",4085,817,3268
"6985",6040,1208,4832
"6986",3165,633,2532
"6987",3905,781,3124
"6988",4635,927,3708
"6989",3540,708,2832
"6990",4420,884,3536
"6991",5280,1056,4224
"6992",7560,1512,6048
"6993",3945,789,3156
"6994",4260,852,3408
"6995",3995,799,3196
"6996",5320,1064,4256
"6997",4905,981,3924
"6998",4200,840,3360
"6999",5225,1045,4180
"7000",4920,984,3936
"7001",4240,848,3392
"7002",4505,901,3604
"7003",4525,905,3620
"7004",6125,1225,4900
"7005",4290,858,3432
"7006",4305,861,3444
"7007",3825,765,3060
"7008",4995,999,3996
"7009",5690,1138,4552
"7010",3685,737,2948
"7011",4770,954,3816
"7012",4750,950,3800
"7013",3855,771,3084
"7014",5565,1113,4452
"7015",4210,842,3368
"7016",3880,776,3104
"7017",5075,1015,4060
"7018",4285,857,3428
"7019",4555,911,3644
"7020",7245,1449,5796
"7021",5765,1153,4612
"7022",4030,806,3224
"7023",4590,918,3672
"7024",4725,945,3780
"7025",4610,922,3688
"7026",3330,666,2664
"7027",5220,1044,4176
"7028",4955,991,3964
"7029",5825,1165,4660
"7030",4115,823,3292
"7031",4515,903,3612
"7032",4675,935,3740
"7033",7565,1513,6052
"7034",4570,914,3656
"7035",5715,1143,4572
"7036",4865,973,3892
"7037",4155,831,3324
"7038",5230,1046,4184
"7039",4610,922,3688
"7040",9060,1812,7248
"7041",4990,998,3992
"7042",4260,852,3408
"7043",4715,943,3772
"7044",4315,863,3452
"7045",3795,759,3036
"7046",3615,723,2892
"7047",4930,986,3944
"7048",6290,1258,5032
"7049",4250,850,3400
"7050",4255,851,3404
"7051",6875,1375,5500
"7052",4950,990,3960
"7053",4395,879,3516
"7054",5440,1088,4352
"7055",4200,840,3360
"7056",4440,888,3552
"7057",6430,1286,5144
"7058",5130,1026,4104
"7059",5735,1147,4588
"7060",4635,927,3708
"7061",4265,853,3412
"7062",5390,1078,4312
"7063",3665,733,2932
"7064",5425,1085,4340
"7065",4140,828,3312
"7066",5350,1070,4280
"7067",5535,1107,4428
"7068",4575,915,3660
"7069",4045,809,3236
"7070",6980,1396,5584
"7071",4950,990,3960
"7072",4700,940,3760
"7073",6185,1237,4948
"7074",3650,730,2920
"7075",6605,1321,5284
"7076",4025,805,3220
"7077",4930,986,3944
"7078",4310,862,3448
"7079",4645,929,3716
"7080",4310,862,3448
"7081",4220,844,3376
"7082",6805,1361,5444
"7083",4115,823,3292
"7084",4520,904,3616
"7085",4280,856,3424
"7086",4440,888,3552
"7087",5580,1116,4464
"7088",5145,1029,4116
"7089",5055,1011,4044
"7090",5135,1027,4108
"7091",4075,815,3260
"7092",7780,1556,6224
"7093",4015,803,3212
"7094",3910,782,3128
"7095",3640,728,2912
"7096",4325,865,3460
"7097",4555,911,3644
"7098",5295,1059,4236
"7099",5700,1140,4560
"7100",4265,853,3412
"7101",4950,990,3960
"7102",4070,814,3256
"7103",4205,841,3364
"7104",5300,1060,4240
"7105",4720,944,3776
"7106",5750,1150,4600
"7107",3560,712,2848
"7108",4620,924,3696
"7109",3270,654,2616
"7110",5835,1167,4668
"7111",4230,846,3384
"7112",4285,857,3428
"7113",4100,820,3280
"7114",5190,1038,4152
"7115",3935,787,3148
"7116",3755,751,3004
"7117",4705,941,3764
"7118",5075,1015,4060
"7119",3845,769,3076
"7120",6570,1314,5256
"7121",4875,975,3900
"7122",8015,1603,6412
"7123",5065,1013,4052
"7124",4305,861,3444
"7125",6585,1317,5268
"7126",4995,999,3996
"7127",4780,956,3824
"7128",6210,1242,4968
"7129",4650,930,3720
"7130",4990,998,3992
"7131",5410,1082,4328
"7132",4160,832,3328
"7133",4140,828,3312
"7134",3900,780,3120
"7135",5485,1097,4388
"7136",4670,934,3736
"7137",4160,832,3328
"7138",4230,846,3384
"7139",5705,1141,4564
"7140",6020,1204,4816
"7141",5985,1197,4788
"7142",3695,739,2956
"7143",3870,774,3096
"7144",4735,947,3788
"7145",4250,850,3400
"7146",5430,1086,4344
"7147",5240,1048,4192
"7148",5275,1055,4220
"7149",5010,1002,4008
"7150",4320,864,3456
"7151",3945,789,3156
"7152",4820,964,3856
"7153",4150,830,3320
"7154",4685,937,3748
"7155",3780,756,3024
"7156",4985,997,3988
"7157",4540,908,3632
"7158",6095,1219,4876
"7159",3930,786,3144
"7160",4125,825,3300
"7161",9130,1826,7304
"7162",4605,921,3684
"7163",5100,1020,4080
"7164",3930,786,3144
"7165",5370,1074,4296
"7166",4150,830,3320
"7167",4125,825,3300
"7168",4800,960,3840
"7169",4190,838,3352
"7170",5025,1005,4020
"7171",4615,923,3692
"7172",4595,919,3676
"7173",4165,833,3332
"7174",4020,804,3216
"7175",3985,797,3188
"7176",4830,966,3864
"7177",5435,1087,4348
"7178",4920,984,3936
"7179",5475,1095,4380
"7180",4950,990,3960
"7181",4010,802,3208
"7182",4320,864,3456
"7183",5035,1007,4028
"7184",4710,942,3768
"7185",3620,724,2896
"7186",4285,857,3428
"7187",4535,907,3628
"7188",4170,834,3336
"7189",4090,818,3272
"7190",4745,949,3796
"7191",5630,1126,4504
"7192",4580,916,3664
"7193",4055,811,3244
"7194",4635,927,3708
"7195",6600,1320,5280
"7196",3880,776,3104
"7197",4655,931,3724
"7198",5100,1020,4080
"7199",4485,897,3588
"7200",4100,820,3280
"7201",5140,1028,4112
"7202",6115,1223,4892
"7203",3965,793,3172
"7204",4120,824,3296
"7205",5430,1086,4344
"7206",3910,782,3128
"7207",4800,960,3840
"7208",4365,873,3492
"7209",5115,1023,4092
"7210",4625,925,3700
"7211",4770,954,3816
"7212",5095,1019,4076
"7213",5285,1057,4228
"7214",4655,931,3724
"7215",5595,1119,4476
"7216",4635,927,3708
"7217",5420,1084,4336
"7218",4400,880,3520
"7219",4040,808,3232
"7220",6380,1276,5104
"7221",6735,1347,5388
"7222",3790,758,3032
"7223",7045,1409,5636
"7224",3560,712,2848
"7225",3220,644,2576
"7226",4535,907,3628
"7227",4270,854,3416
"7228",4920,984,3936
"7229",6700,1340,5360
"7230",6525,1305,5220
"7231",5030,1006,4024
"7232",5340,1068,4272
"7233",4140,828,3312
"7234",5755,1151,4604
"7235",3740,748,2992
"7236",3710,742,2968
"7237",4720,944,3776
"7238",2940,588,2352
"7239",4795,959,3836
"7240",3920,784,3136
"7241",4910,982,3928
"7242",6400,1280,5120
"7243",4820,964,3856
"7244",7940,1588,6352
"7245",4675,935,3740
"7246",4890,978,3912
"7247",4325,865,3460
"7248",5795,1159,4636
"7249",5280,1056,4224
"7250",4560,912,3648
"7251",5220,1044,4176
"7252",5265,1053,4212
"7253",5920,1184,4736
"7254",5230,1046,4184
"7255",4065,813,3252
"7256",4595,919,3676
"7257",4305,861,3444
"7258",4280,856,3424
"7259",4345,869,3476
"7260",4640,928,3712
"7261",5850,1170,4680
"7262",4220,844,3376
"7263",4030,806,3224
"7264",5140,1028,4112
"7265",5720,1144,4576
"7266",4055,811,3244
"7267",5210,1042,4168
"7268",4015,803,3212
"7269",4500,900,3600
"7270",3745,749,2996
"7271",4455,891,3564
"7272",5830,1166,4664
"7273",3790,758,3032
"7274",4865,973,3892
"7275",4235,847,3388
"7276",5650,1130,4520
"7277",4180,836,3344
"7278",4780,956,3824
"7279",6810,1362,5448
"7280",5315,1063,4252
"7281",3710,742,2968
"7282",3845,769,3076
"7283",4080,816,3264
"7284",4025,805,3220
"7285",4510,902,3608
"7286",4515,903,3612
"7287",3460,692,2768
"7288",3540,708,2832
"7289",4495,899,3596
"7290",4410,882,3528
"7291",6185,1237,4948
"7292",4565,913,3652
"7293",5460,1092,4368
"7294",5180,1036,4144
"7295",6760,1352,5408
"7296",3835,767,3068
"7297",4250,850,3400
"7298",5115,1023,4092
"7299",4660,932,3728
"7300",5805,1161,4644
"7301",3750,750,3000
"7302",4210,842,3368
"7303",5675,1135,4540
"7304",6105,1221,4884
"7305",5290,1058,4232
"7306",5810,1162,4648
"7307",5535,1107,4428
"7308",4515,903,3612
"7309",3885,777,3108
"7310",4405,881,3524
"7311",4790,958,3832
"7312",6880,1376,5504
"7313",4715,943,3772
"7314",4995,999,3996
"7315",5285,1057,4228
"7316",4460,892,3568
"7317",4850,970,3880
"7318",5370,1074,4296
"7319",4660,932,3728
"7320",4200,840,3360
"7321",4335,867,3468
"7322",5725,1145,4580
"7323",4290,858,3432
"7324",3910,782,3128
"7325",4225,845,3380
"7326",5320,1064,4256
"7327",4645,929,3716
"7328",4265,853,3412
"7329",5495,1099,4396
"7330",3780,756,3024
"7331",4160,832,3328
"7332",5455,1091,4364
"7333",3860,772,3088
"7334",4575,915,3660
"7335",5165,1033,4132
"7336",4430,886,3544
"7337",4740,948,3792
"7338",4950,990,3960
"7339",4345,869,3476
"7340",4995,999,3996
"7341",4725,945,3780
"7342",5020,1004,4016
"7343",3850,770,3080
"7344",4995,999,3996
"7345",5685,1137,4548
"7346",4785,957,3828
"7347",5320,1064,4256
"7348",3990,798,3192
"7349",3995,799,3196
"7350",4105,821,3284
"7351",4745,949,3796
"7352",4625,925,3700
"7353",4610,922,3688
"7354",3535,707,2828
"7355",4655,931,3724
"7356",4240,848,3392
"7357",5185,1037,4148
"7358",5695,1139,4556
"7359",6115,1223,4892
"7360",4350,870,3480
"7361",4540,908,3632
"7362",3530,706,2824
"7363",5755,1151,4604
"7364",4540,908,3632
"7365",4355,871,3484
"7366",4670,934,3736
"7367",3615,723,2892
"7368",4520,904,3616
"7369",3815,763,3052
"7370",4220,844,3376
"7371",3750,750,3000
"7372",4280,856,3424
"7373",4680,936,3744
"7374",4945,989,3956
"7375",4125,825,3300
"7376",4470,894,3576
"7377",3870,774,3096
"7378",4545,909,3636
"7379",5735,1147,4588
"7380",4265,853,3412
"7381",4820,964,3856
"7382",4800,960,3840
"7383",7975,1595,6380
"7384",4560,912,3648
"7385",4195,839,3356
"7386",3830,766,3064
"7387",4720,944,3776
"7388",4130,826,3304
"7389",5000,1000,4000
"7390",4075,815,3260
"7391",4300,860,3440
"7392",5305,1061,4244
"7393",5030,1006,4024
"7394",4490,898,3592
"7395",4300,860,3440
"7396",4690,938,3752
"7397",3635,727,2908
"7398",3830,766,3064
"7399",4330,866,3464
"7400",4825,965,3860
"7401",4985,997,3988
"7402",4955,991,3964
"7403",5210,1042,4168
"7404",3660,732,2928
"7405",5480,1096,4384
"7406",5140,1028,4112
"7407",3245,649,2596
"7408",5465,1093,4372
"7409",4335,867,3468
"7410",4840,968,3872
"7411",4165,833,3332
"7412",4525,905,3620
"7413",4750,950,3800
"7414",4040,808,3232
"7415",4375,875,3500
"7416",3895,779,3116
"7417",4955,991,3964
"7418",4165,833,3332
"7419",4405,881,3524
"7420",3475,695,2780
"7421",3870,774,3096
"7422",3845,769,3076
"7423",4730,946,3784
"7424",5310,1062,4248
"7425",4145,829,3316
"7426",5070,1014,4056
"7427",5215,1043,4172
"7428",4470,894,3576
"7429",7595,1519,6076
"7430",4755,951,3804
"7431",4915,983,3932
"7432",3400,680,2720
"7433",5170,1034,4136
"7434",4900,980,3920
"7435",5645,1129,4516
"7436",6605,1321,5284
"7437",4345,869,3476
"7438",4970,994,3976
"7439",4240,848,3392
"7440",4935,987,3948
"7441",3550,710,2840
"7442",4830,966,3864
"7443",5435,1087,4348
"7444",3980,796,3184
"7445",3830,766,3064
"7446",4115,823,3292
"7447",4730,946,3784
"7448",5155,1031,4124
"7449",4100,820,3280
"7450",6105,1221,4884
"7451",5325,1065,4260
"7452",5345,1069,4276
"7453",6030,1206,4824
"7454",5980,1196,4784
"7455",4490,898,3592
"7456",3700,740,2960
"7457",5015,1003,4012
"7458",3800,760,3040
"7459",4960,992,3968
"7460",4065,813,3252
"7461",4600,920,3680
"7462",4045,809,3236
"7463",4670,934,3736
"7464",6170,1234,4936
"7465",4355,871,3484
"7466",4415,883,3532
"7467",4645,929,3716
"7468",3100,620,2480
"7469",3800,760,3040
"7470",5005,1001,4004
"7471",4965,993,3972
"7472",4450,890,3560
"7473",3495,699,2796
"7474",4815,963,3852
"7475",5025,1005,4020
"7476",3705,741,2964
"7477",3940,788,3152
"7478",7715,1543,6172
"7479",4445,889,3556
"7480",4300,860,3440
"7481",4235,847,3388
"7482",5310,1062,4248
"7483",4350,870,3480
"7484",4380,876,3504
"7485",3605,721,2884
"7486",4155,831,3324
"7487",5425,1085,4340
"7488",4665,933,3732
"7489",5200,1040,4160
"7490",4470,894,3576
"7491",4820,964,3856
"7492",4565,913,3652
"7493",4710,942,3768
"7494",4835,967,3868
"7495",5530,1106,4424
"7496",4975,995,3980
"7497",3455,691,2764
"7498",4310,862,3448
"7499",5510,1102,4408
"7500",5010,1002,4008
"7501",3430,686,2744
"7502",4245,849,3396
"7503",4155,831,3324
"7504",3315,663,2652
"7505",5705,1141,4564
"7506",4790,958,3832
"7507",3990,798,3192
"7508",4610,922,3688
"7509",3745,749,2996
"7510",4000,800,3200
"7511",3885,777,3108
"7512",4460,892,3568
"7513",3635,727,2908
"7514",5235,1047,4188
"7515",4855,971,3884
"7516",4405,881,3524
"7517",3850,770,3080
"7518",3225,645,2580
"7519",5010,1002,4008
"7520",3995,799,3196
"7521",3820,764,3056
"7522",3840,768,3072
"7523",5315,1063,4252
"7524",5000,1000,4000
"7525",4130,826,3304
"7526",4990,998,3992
"7527",4005,801,3204
"7528",4025,805,3220
"7529",5070,1014,4056
"7530",5815,1163,4652
"7531",4055,811,3244
"7532",5075,1015,4060
"7533",4075,815,3260
"7534",4265,853,3412
"7535",5085,1017,4068
"7536",4475,895,3580
"7537",4815,963,3852
"7538",4950,990,3960
"7539",4275,855,3420
"7540",4190,838,3352
"7541",3840,768,3072
"7542",5335,1067,4268
"7543",5080,1016,4064
"7544",4375,875,3500
"7545",4795,959,3836
"7546",3915,783,3132
"7547",5220,1044,4176
"7548",5855,1171,4684
"7549",3935,787,3148
"7550",4575,915,3660
"7551",3825,765,3060
"7552",4550,910,3640
"7553",4930,986,3944
"7554",5500,1100,4400
"7555",4500,900,3600
"7556",5180,1036,4144
"7557",4290,858,3432
"7558",4750,950,3800
"7559",4190,838,3352
"7560",4730,946,3784
"7561",4005,801,3204
"7562",3505,701,2804
"7563",3780,756,3024
"7564",5840,1168,4672
"7565",4115,823,3292
"7566",4165,833,3332
"7567",3680,736,2944
"7568",4255,851,3404
"7569",5720,1144,4576
"7570",4530,906,3624
"7571",3745,749,2996
"7572",4275,855,3420
"7573",4365,873,3492
"7574",4845,969,3876
"7575",3870,774,3096
"7576",4245,849,3396
"7577",5565,1113,4452
"7578",5405,1081,4324
"7579",3705,741,2964
"7580",4250,850,3400
"7581",3870,774,3096
"7582",5275,1055,4220
"7583",4165,833,3332
"7584",4435,887,3548
"7585",5705,1141,4564
"7586",3410,682,2728
"7587",3895,779,3116
"7588",5340,1068,4272
"7589",4200,840,3360
"7590",4625,925,3700
"7591",3285,657,2628
"7592",5235,1047,4188
"7593",5060,1012,4048
"7594",6270,1254,5016
"7595",5075,1015,4060
"7596",4470,894,3576
"7597",4360,872,3488
"7598",4090,818,3272
"7599",4220,844,3376
"7600",4630,926,3704
"7601",4115,823,3292
"7602",3915,783,3132
"7603",5665,1133,4532
"7604",5110,1022,4088
"7605",5305,1061,4244
"7606",5635,1127,4508
"7607",4380,876,3504
"7608",4880,976,3904
"7609",4020,804,3216
"7610",4020,804,3216
"7611",3910,782,3128
"7612",4890,978,3912
"7613",5640,1128,4512
"7614",5880,1176,4704
"7615",4180,836,3344
"7616",4565,913,3652
"7617",5010,1002,4008
"7618",6280,1256,5024
"7619",4450,890,3560
"7620",4680,936,3744
"7621",5170,1034,4136
"7622",4700,940,3760
"7623",4490,898,3592
"7624",4540,908,3632
"7625",5265,1053,4212
"7626",6100,1220,4880
"7627",3640,728,2912
"7628",7400,1480,5920
"7629",4265,853,3412
"7630",4525,905,3620
"7631",4160,832,3328
"7632",3900,780,3120
"7633",4310,862,3448
"7634",8405,1681,6724
"7635",4620,924,3696
"7636",3975,795,3180
"7637",6480,1296,5184
"7638",4945,989,3956
"7639",3635,727,2908
"7640",4695,939,3756
"7641",5515,1103,4412
"7642",6725,1345,5380
"7643",4820,964,3856
"7644",4840,968,3872
"7645",5980,1196,4784
"7646",6345,1269,5076
"7647",4990,998,3992
"7648",5645,1129,4516
"7649",3975,795,3180
"7650",7775,1555,6220
"7651",5040,1008,4032
"7652",5125,1025,4100
"7653",4905,981,3924
"7654",5365,1073,4292
"7655",5960,1192,4768
"7656",4005,801,3204
"7657",4300,860,3440
"7658",6090,1218,4872
"7659",4695,939,3756
"7660",3980,796,3184
"7661",4610,922,3688
"7662",5250,1050,4200
"7663",6150,1230,4920
"7664",3865,773,3092
"7665",5585,1117,4468
"7666",4970,994,3976
"7667",3695,739,2956
"7668",4275,855,3420
"7669",5150,1030,4120
"7670",4065,813,3252
"7671",5035,1007,4028
"7672",4315,863,3452
"7673",4200,840,3360
"7674",4210,842,3368
"7675",4945,989,3956
"7676",4995,999,3996
"7677",4680,936,3744
"7678",4015,803,3212
"7679",4935,987,3948
"7680",4815,963,3852
"7681",4130,826,3304
"7682",4260,852,3408
"7683",4555,911,3644
"7684",5215,1043,4172
"7685",4180,836,3344
"7686",4085,817,3268
"7687",5175,1035,4140
"7688",5595,1119,4476
"7689",5795,1159,4636
"7690",4035,807,3228
"7691",3970,794,3176
"7692",4725,945,3780
"7693",4225,845,3380
"7694",3955,791,3164
"7695",4265,853,3412
"7696",4540,908,3632
"7697",5865,1173,4692
"7698",3995,799,3196
"7699",4880,976,3904
"7700",4005,801,3204
"7701",3705,741,2964
"7702",4160,832,3328
"7703",4210,842,3368
"7704",4220,844,3376
"7705",5445,1089,4356
"7706",6070,1214,4856
"7707",4700,940,3760
"7708",4060,812,3248
"7709",5280,1056,4224
"7710",4500,900,3600
"7711",4070,814,3256
"7712",4120,824,3296
"7713",4260,852,3408
"7714",4045,809,3236
"7715",4605,921,3684
"7716",4415,883,3532
"7717",4725,945,3780
"7718",3955,791,3164
"7719",3975,795,3180
"7720",4385,877,3508
"7721",4085,817,3268
"7722",4315,863,3452
"7723",4885,977,3908
"7724",4070,814,3256
"7725",4120,824,3296
"7726",5500,1100,4400
"7727",4000,800,3200
"7728",3740,748,2992
"7729",5540,1108,4432
"7730",5660,1132,4528
"7731",4495,899,3596
"7732",4480,896,3584
"7733",3840,768,3072
"7734",4105,821,3284
"7735",6010,1202,4808
"7736",4230,846,3384
"7737",6240,1248,4992
"7738",4635,927,3708
"7739",3655,731,2924
"7740",3955,791,3164
"7741",6140,1228,4912
"7742",4920,984,3936
"7743",4525,905,3620
"7744",3850,770,3080
"7745",4910,982,3928
"7746",5035,1007,4028
"7747",4295,859,3436
"7748",4050,810,3240
"7749",5810,1162,4648
"7750",4375,875,3500
"7751",5970,1194,4776
"7752",4170,834,3336
"7753",5910,1182,4728
"7754",4640,928,3712
"7755",4565,913,3652
"7756",5250,1050,4200
"7757",4490,898,3592
"7758",4475,895,3580
"7759",5030,1006,4024
"7760",4920,984,3936
"7761",4640,928,3712
"7762",4380,876,3504
"7763",4205,841,3364
"7764",4260,852,3408
"7765",4300,860,3440
"7766",4215,843,3372
"7767",4765,953,3812
"7768",4800,960,3840
"7769",4620,924,3696
"7770",3795,759,3036
"7771",4925,985,3940
"7772",4375,875,3500
"7773",4535,907,3628
"7774",5600,1120,4480
"7775",4440,888,3552
"7776",3915,783,3132
"7777",4565,913,3652
"7778",6820,1364,5456
"7779",4590,918,3672
"7780",4205,841,3364
"7781",4855,971,3884
"7782",4015,803,3212
"7783",4390,878,3512
"7784",5880,1176,4704
"7785",5990,1198,4792
"7786",4650,930,3720
"7787",4985,997,3988
"7788",5465,1093,4372
"7789",4405,881,3524
"7790",4375,875,3500
"7791",4240,848,3392
"7792",6775,1355,5420
"7793",4425,885,3540
"7794",4500,900,3600
"7795",5400,1080,4320
"7796",3945,789,3156
"7797",3935,787,3148
"7798",4900,980,3920
"7799",6190,1238,4952
"7800",6405,1281,5124
"7801",5345,1069,4276
"7802",6575,1315,5260
"7803",4930,986,3944
"7804",4965,993,3972
"7805",4825,965,3860
"7806",6995,1399,5596
"7807",4345,869,3476
"7808",4740,948,3792
"7809",3710,742,2968
"7810",5395,1079,4316
"7811",4855,971,3884
"7812",6700,1340,5360
"7813",4805,961,3844
"7814",4910,982,3928
"7815",5290,1058,4232
"7816",4275,855,3420
"7817",4410,882,3528
"7818",4940,988,3952
"7819",3410,682,2728
"7820",3925,785,3140
"7821",6275,1255,5020
"7822",4045,809,3236
"7823",7315,1463,5852
"7824",4420,884,3536
"7825",4770,954,3816
"7826",3980,796,3184
"7827",3425,685,2740
"7828",4070,814,3256
"7829",5470,1094,4376
"7830",4520,904,3616
"7831",5765,1153,4612
"7832",4820,964,3856
"7833",5345,1069,4276
"7834",4005,801,3204
"7835",3900,780,3120
"7836",5465,1093,4372
"7837",5560,1112,4448
"7838",4695,939,3756
"7839",4070,814,3256
"7840",5760,1152,4608
"7841",5015,1003,4012
"7842",5075,1015,4060
"7843",3935,787,3148
"7844",5825,1165,4660
"7845",4900,980,3920
"7846",5055,1011,4044
"7847",6345,1269,5076
"7848",3950,790,3160
"7849",4370,874,3496
"7850",3625,725,2900
"7851",6510,1302,5208
"7852",4390,878,3512
"7853",5195,1039,4156
"7854",4520,904,3616
"7855",3750,750,3000
"7856",4700,940,3760
"7857",6045,1209,4836
"7858",4565,913,3652
"7859",4655,931,3724
"7860",6630,1326,5304
"7861",5430,1086,4344
"7862",5905,1181,4724
"7863",5120,1024,4096
"7864",3360,672,2688
"7865",4115,823,3292
"7866",4575,915,3660
"7867",4580,916,3664
"7868",4630,926,3704
"7869",4480,896,3584
"7870",4940,988,3952
"7871",4855,971,3884
"7872",5485,1097,4388
"7873",4290,858,3432
"7874",4285,857,3428
"7875",3855,771,3084
"7876",4210,842,3368
"7877",3645,729,2916
"7878",4835,967,3868
"7879",4765,953,3812
"7880",3820,764,3056
"7881",4240,848,3392
"7882",4985,997,3988
"7883",4535,907,3628
"7884",3755,751,3004
"7885",4545,909,3636
"7886",7750,1550,6200
"7887",4420,884,3536
"7888",4260,852,3408
"7889",4730,946,3784
"7890",6255,1251,5004
"7891",6100,1220,4880
"7892",4720,944,3776
"7893",5870,1174,4696
"7894",4390,878,3512
"7895",3630,726,2904
"7896",3745,749,2996
"7897",5275,1055,4220
"7898",6275,1255,5020
"7899",4450,890,3560
"7900",4875,975,3900
"7901",4000,800,3200
"7902",4885,977,3908
"7903",4195,839,3356
"7904",5590,1118,4472
"7905",5075,1015,4060
"7906",3830,766,3064
"7907",5625,1125,4500
"7908",4010,802,3208
"7909",4020,804,3216
"7910",4700,940,3760
"7911",5520,1104,4416
"7912",4535,907,3628
"7913",4480,896,3584
"7914",6510,1302,5208
"7915",6595,1319,5276
"7916",3635,727,2908
"7917",3895,779,3116
"7918",5515,1103,4412
"7919",4195,839,3356
"7920",4570,914,3656
"7921",4205,841,3364
"7922",4240,848,3392
"7923",4190,838,3352
"7924",4075,815,3260
"7925",3690,738,2952
"7926",5075,1015,4060
"7927",4180,836,3344
"7928",3550,710,2840
"7929",3605,721,2884
"7930",4695,939,3756
"7931",5770,1154,4616
"7932",5310,1062,4248
"7933",5705,1141,4564
"7934",4110,822,3288
"7935",4455,891,3564
"7936",4365,873,3492
"7937",4600,920,3680
"7938",5315,1063,4252
"7939",5320,1064,4256
"7940",3335,667,2668
"7941",4830,966,3864
"7942",5825,1165,4660
"7943",4705,941,3764
"7944",4565,913,3652
"7945",5500,1100,4400
"7946",5215,1043,4172
"7947",4790,958,3832
"7948",5270,1054,4216
"7949",4785,957,3828
"7950",5970,1194,4776
"7951",4870,974,3896
"7952",4010,802,3208
"7953",4285,857,3428
"7954",5575,1115,4460
"7955",3970,794,3176
"7956",5170,1034,4136
"7957",5655,1131,4524
"7958",4435,887,3548
"7959",4865,973,3892
"7960",3475,695,2780
"7961",3955,791,3164
"7962",5590,1118,4472
"7963",3280,656,2624
"7964",5430,1086,4344
"7965",4285,857,3428
"7966",4390,878,3512
"7967",4220,844,3376
"7968",5080,1016,4064
"7969",4670,934,3736
"7970",3585,717,2868
"7971",5240,1048,4192
"7972",4080,816,3264
"7973",5835,1167,4668
"7974",4795,959,3836
"7975",5390,1078,4312
"7976",3970,794,3176
"7977",4650,930,3720
"7978",4675,935,3740
"7979",4360,872,3488
"7980",4690,938,3752
"7981",4870,974,3896
"7982",6680,1336,5344
"7983",4300,860,3440
"7984",4320,864,3456
"7985",3915,783,3132
"7986",4765,953,3812
"7987",3710,742,2968
"7988",3695,739,2956
"7989",4745,949,3796
"7990",4230,846,3384
"7991",4630,926,3704
"7992",4455,891,3564
"7993",4085,817,3268
"7994",4655,931,3724
"7995",5040,1008,4032
"7996",4005,801,3204
"7997",5355,1071,4284
"7998",6115,1223,4892
"7999",4150,830,3320
"8000",4400,880,3520
"8001",4445,889,3556
"8002",3850,770,3080
"8003",5485,1097,4388
"8004",5680,1136,4544
"8005",5190,1038,4152
"8006",5195,1039,4156
"8007",6155,1231,4924
"8008",6085,1217,4868
"8009",3990,798,3192
"8010",5020,1004,4016
"8011",5215,1043,4172
"8012",3815,763,3052
"8013",5495,1099,4396
"8014",3305,661,2644
"8015",4550,910,3640
"8016",5200,1040,4160
"8017",5020,1004,4016
"8018",6010,1202,4808
"8019",4315,863,3452
"8020",4235,847,3388
"8021",5295,1059,4236
"8022",4810,962,3848
"8023",6150,1230,4920
"8024",4080,816,3264
"8025",4560,912,3648
"8026",5345,1069,4276
"8027",4880,976,3904
"8028",4605,921,3684
"8029",3620,724,2896
"8030",4530,906,3624
"8031",4890,978,3912
"8032",4510,902,3608
"8033",4345,869,3476
"8034",4655,931,3724
"8035",5065,1013,4052
"8036",4090,818,3272
"8037",3440,688,2752
"8038",6810,1362,5448
"8039",4945,989,3956
"8040",3810,762,3048
"8041",4645,929,3716
"8042",5195,1039,4156
"8043",4185,837,3348
"8044",3430,686,2744
"8045",4290,858,3432
"8046",4645,929,3716
"8047",4850,970,3880
"8048",5495,1099,4396
"8049",3390,678,2712
"8050",7350,1470,5880
"8051",4940,988,3952
"8052",5245,1049,4196
"8053",6505,1301,5204
"8054",5690,1138,4552
"8055",5100,1020,4080
"8056",7700,1540,6160
"8057",4650,930,3720
"8058",3785,757,3028
"8059",4865,973,3892
"8060",4875,975,3900
"8061",4870,974,3896
"8062",4625,925,3700
"8063",7855,1571,6284
"8064",3925,785,3140
"8065",4080,816,3264
"8066",5205,1041,4164
"8067",3660,732,2928
"8068",5400,1080,4320
"8069",4305,861,3444
"8070",3840,768,3072
"8071",3750,750,3000
"8072",3990,798,3192
"8073",4945,989,3956
"8074",3975,795,3180
"8075",5255,1051,4204
"8076",5370,1074,4296
"8077",6405,1281,5124
"8078",4790,958,3832
"8079",4520,904,3616
"8080",4060,812,3248
"8081",5000,1000,4000
"8082",3525,705,2820
"8083",5660,1132,4528
"8084",4840,968,3872
"8085",5830,1166,4664
"8086",4515,903,3612
"8087",4480,896,3584
"8088",4020,804,3216
"8089",7295,1459,5836
"8090",3760,752,3008
"8091",4775,955,3820
"8092",4280,856,3424
"8093",5010,1002,4008
"8094",4275,855,3420
"8095",4665,933,3732
"8096",3735,747,2988
"8097",4655,931,3724
"8098",4300,860,3440
"8099",5500,1100,4400
"8100",5455,1091,4364
"8101",3890,778,3112
"8102",3685,737,2948
"8103",4535,907,3628
"8104",3995,799,3196
"8105",3500,700,2800
"8106",3830,766,3064
"8107",4865,973,3892
"8108",4255,851,3404
"8109",4155,831,3324
"8110",5140,1028,4112
"8111",6095,1219,4876
"8112",4370,874,3496
"8113",4665,933,3732
"8114",4065,813,3252
"8115",4005,801,3204
"8116",4205,841,3364
"8117",4760,952,3808
"8118",4475,895,3580
"8119",4515,903,3612
"8120",4200,840,3360
"8121",4645,929,3716
"8122",5460,1092,4368
"8123",5190,1038,4152
"8124",3935,787,3148
"8125",5230,1046,4184
"8126",3965,793,3172
"8127",3990,798,3192
"8128",3365,673,2692
"8129",4750,950,3800
"8130",5465,1093,4372
"8131",4740,948,3792
"8132",4205,841,3364
"8133",4590,918,3672
"8134",6390,1278,5112
"8135",6400,1280,5120
"8136",4320,864,3456
"8137",4190,838,3352
"8138",4955,991,3964
"8139",3565,713,2852
"8140",3285,657,2628
"8141",3855,771,3084
"8142",3935,787,3148
"8143",4520,904,3616
"8144",6015,1203,4812
"8145",4875,975,3900
"8146",3720,744,2976
"8147",5000,1000,4000
"8148",3730,746,2984
"8149",5615,1123,4492
"8150",3740,748,2992
"8151",4765,953,3812
"8152",4650,930,3720
"8153",3745,749,2996
"8154",4655,931,3724
"8155",6135,1227,4908
"8156",5360,1072,4288
"8157",5160,1032,4128
"8158",3750,750,3000
"8159",4245,849,3396
"8160",4735,947,3788
"8161",3555,711,2844
"8162",5860,1172,4688
"8163",3525,705,2820
"8164",5035,1007,4028
"8165",4280,856,3424
"8166",5430,1086,4344
"8167",4525,905,3620
"8168",5005,1001,4004
"8169",4940,988,3952
"8170",6315,1263,5052
"8171",5005,1001,4004
"8172",3535,707,2828
"8173",5010,1002,4008
"8174",4260,852,3408
"8175",4145,829,3316
"8176",5550,1110,4440
"8177",4970,994,3976
"8178",5930,1186,4744
"8179",4485,897,3588
"8180",5460,1092,4368
"8181",5110,1022,4088
"8182",4035,807,3228
"8183",3790,758,3032
"8184",4490,898,3592
"8185",4485,897,3588
"8186",3660,732,2928
"8187",4405,881,3524
"8188",5005,1001,4004
"8189",3980,796,3184
"8190",4500,900,3600
"8191",5350,1070,4280
"8192",4435,887,3548
"8193",4460,892,3568
"8194",7135,1427,5708
"8195",5065,1013,4052
"8196",3820,764,3056
"8197",3970,794,3176
"8198",6035,1207,4828
"8199",4965,993,3972
"8200",4055,811,3244
"8201",4905,981,3924
"8202",4545,909,3636
"8203",4375,875,3500
"8204",5085,1017,4068
"8205",3710,742,2968
"8206",3465,693,2772
"8207",3785,757,3028
"8208",4220,844,3376
"8209",4860,972,3888
"8210",3555,711,2844
"8211",4370,874,3496
"8212",5040,1008,4032
"8213",5870,1174,4696
"8214",5395,1079,4316
"8215",4240,848,3392
"8216",4575,915,3660
"8217",4145,829,3316
"8218",3385,677,2708
"8219",4440,888,3552
"8220",3650,730,2920
"8221",3720,744,2976
"8222",4490,898,3592
"8223",5150,1030,4120
"8224",5820,1164,4656
"8225",4390,878,3512
"8226",3360,672,2688
"8227",4225,845,3380
"8228",5580,1116,4464
"8229",5890,1178,4712
"8230",4930,986,3944
"8231",6690,1338,5352
"8232",3940,788,3152
"8233",4725,945,3780
"8234",3870,774,3096
"8235",4010,802,3208
"8236",4185,837,3348
"8237",5110,1022,4088
"8238",5625,1125,4500
"8239",4000,800,3200
"8240",5415,1083,4332
"8241",3335,667,2668
"8242",6475,1295,5180
"8243",4750,950,3800
"8244",4435,887,3548
"8245",3615,723,2892
"8246",4930,986,3944
"8247",5795,1159,4636
"8248",4210,842,3368
"8249",4600,920,3680
"8250",3505,701,2804
"8251",3675,735,2940
"8252",4190,838,3352
"8253",4805,961,3844
"8254",4455,891,3564
"8255",3585,717,2868
"8256",5015,1003,4012
"8257",3785,757,3028
"8258",3860,772,3088
"8259",4470,894,3576
"8260",5950,1190,4760
"8261",3855,771,3084
"8262",4975,995,3980
"8263",5630,1126,4504
"8264",3550,710,2840
"8265",4770,954,3816
"8266",7080,1416,5664
"8267",4125,825,3300
"8268",4255,851,3404
"8269",3595,719,2876
"8270",3220,644,2576
"8271",5010,1002,4008
"8272",6545,1309,5236
"8273",4930,986,3944
"8274",4910,982,3928
"8275",4790,958,3832
"8276",4895,979,3916
"8277",3145,629,2516
"8278",5100,1020,4080
"8279",3975,795,3180
"8280",4390,878,3512
"8281",4815,963,3852
"8282",7620,1524,6096
"8283",5395,1079,4316
"8284",4315,863,3452
"8285",5335,1067,4268
"8286",4525,905,3620
"8287",5375,1075,4300
"8288",5325,1065,4260
"8289",4420,884,3536
"8290",4660,932,3728
"8291",4840,968,3872
"8292",6745,1349,5396
"8293",4880,976,3904
"8294",4505,901,3604
"8295",5600,1120,4480
"8296",4380,876,3504
"8297",3695,739,2956
"8298",5495,1099,4396
"8299",6255,1251,5004
"8300",4890,978,3912
"8301",6005,1201,4804
"8302",4510,902,3608
"8303",5000,1000,4000
"8304",5175,1035,4140
"8305",4315,863,3452
"8306",3860,772,3088
"8307",4805,961,3844
"8308",4315,863,3452
"8309",4480,896,3584
"8310",5080,1016,4064
"8311",3660,732,2928
"8312",4450,890,3560
"8313",4305,861,3444
"8314",6615,1323,5292
"8315",4710,942,3768
"8316",4620,924,3696
"8317",4085,817,3268
"8318",6115,1223,4892
"8319",4425,885,3540
"8320",4610,922,3688
"8321",4755,951,3804
"8322",6890,1378,5512
"8323",4310,862,3448
"8324",5375,1075,4300
"8325",4225,845,3380
"8326",4435,887,3548
"8327",4585,917,3668
"8328",3515,703,2812
"8329",4200,840,3360
"8330",4205,841,3364
"8331",3835,767,3068
"8332",4655,931,3724
"8333",4625,925,3700
"8334",5465,1093,4372
"8335",7050,1410,5640
"8336",5715,1143,4572
"8337",4040,808,3232
"8338",4160,832,3328
"8339",6425,1285,5140
"8340",4030,806,3224
"8341",4020,804,3216
"8342",4365,873,3492
"8343",5730,1146,4584
"8344",4940,988,3952
"8345",5315,1063,4252
"8346",4405,881,3524
"8347",4520,904,3616
"8348",4570,914,3656
"8349",3730,746,2984
"8350",5275,1055,4220
"8351",4325,865,3460
"8352",4800,960,3840
"8353",3730,746,2984
"8354",3385,677,2708
"8355",4735,947,3788
"8356",4930,986,3944
"8357",4145,829,3316
"8358",5065,1013,4052
"8359",6710,1342,5368
"8360",5075,1015,4060
"8361",4070,814,3256
"8362",4190,838,3352
"8363",5745,1149,4596
"8364",5320,1064,4256
"8365",3820,764,3056
"8366",4780,956,3824
"8367",4295,859,3436
"8368",4455,891,3564
"8369",5210,1042,4168
"8370",3730,746,2984
"8371",4055,811,3244
"8372",4895,979,3916
"8373",4780,956,3824
"8374",3995,799,3196
"8375",3985,797,3188
"8376",5180,1036,4144
"8377",3795,759,3036
"8378",3755,751,3004
"8379",4315,863,3452
"8380",4130,826,3304
"8381",4580,916,3664
"8382",6835,1367,5468
"8383",4220,844,3376
"8384",5390,1078,4312
"8385",3965,793,3172
"8386",5195,1039,4156
"8387",4785,957,3828
"8388",4505,901,3604
"8389",4575,915,3660
"8390",6745,1349,5396
"8391",6290,1258,5032
"8392",3475,695,2780
"8393",3680,736,2944
"8394",5830,1166,4664
"8395",4900,980,3920
"8396",6310,1262,5048
"8397",3830,766,3064
"8398",4325,865,3460
"8399",4730,946,3784
"8400",3485,697,2788
"8401",4300,860,3440
"8402",5930,1186,4744
"8403",4540,908,3632
"8404",4320,864,3456
"8405",3805,761,3044
"8406",4650,930,3720
"8407",6440,1288,5152
"8408",3995,799,3196
"8409",4185,837,3348
"8410",4860,972,3888
"8411",3795,759,3036
"8412",4270,854,3416
"8413",4055,811,3244
"8414",4400,880,3520
"8415",5820,1164,4656
"8416",4610,922,3688
"8417",5750,1150,4600
"8418",4490,898,3592
"8419",4435,887,3548
"8420",3970,794,3176
"8421",3945,789,3156
"8422",4255,851,3404
"8423",6760,1352,5408
"8424",4705,941,3764
"8425",3915,783,3132
"8426",4380,876,3504
"8427",4900,980,3920
"8428",5375,1075,4300
"8429",4910,982,3928
"8430",5655,1131,4524
"8431",4390,878,3512
"8432",5040,1008,4032
"8433",4100,820,3280
"8434",4965,993,3972
"8435",4205,841,3364
"8436",5190,1038,4152
"8437",4555,911,3644
"8438",4095,819,3276
"8439",5665,1133,4532
"8440",5455,1091,4364
"8441",4860,972,3888
"8442",4945,989,3956
"8443",4900,980,3920
"8444",4100,820,3280
"8445",4935,987,3948
"8446",4595,919,3676
"8447",4370,874,3496
"8448",4520,904,3616
"8449",4060,812,3248
"8450",5210,1042,4168
"8451",7155,1431,5724
"8452",3625,725,2900
"8453",7725,1545,6180
"8454",4860,972,3888
"8455",4525,905,3620
"8456",4425,885,3540
"8457",7395,1479,5916
"8458",4960,992,3968
"8459",3480,696,2784
"8460",4730,946,3784
"8461",2945,589,2356
"8462",4145,829,3316
"8463",4705,941,3764
"8464",4315,863,3452
"8465",5420,1084,4336
"8466",5905,1181,4724
"8467",4985,997,3988
"8468",3780,756,3024
"8469",5245,1049,4196
"8470",5315,1063,4252
"8471",4585,917,3668
"8472",4900,980,3920
"8473",5345,1069,4276
"8474",4365,873,3492
"8475",3605,721,2884
"8476",4375,875,3500
"8477",3625,725,2900
"8478",4135,827,3308
"8479",4290,858,3432
"8480",6335,1267,5068
"8481",5545,1109,4436
"8482",4235,847,3388
"8483",5300,1060,4240
"8484",4945,989,3956
"8485",6015,1203,4812
"8486",5495,1099,4396
"8487",5215,1043,4172
"8488",4390,878,3512
"8489",3800,760,3040
"8490",4070,814,3256
"8491",6180,1236,4944
"8492",5805,1161,4644
"8493",6355,1271,5084
"8494",5375,1075,4300
"8495",3615,723,2892
"8496",5210,1042,4168
"8497",3660,732,2928
"8498",5465,1093,4372
"8499",5400,1080,4320
"8500",4085,817,3268
"8501",5345,1069,4276
"8502",6235,1247,4988
"8503",4170,834,3336
"8504",4150,830,3320
"8505",5065,1013,4052
"8506",6085,1217,4868
"8507",5075,1015,4060
"8508",4200,840,3360
"8509",6060,1212,4848
"8510",4890,978,3912
"8511",5855,1171,4684
"8512",4335,867,3468
"8513",5665,1133,4532
"8514",6425,1285,5140
"8515",5530,1106,4424
"8516",4570,914,3656
"8517",4580,916,3664
"8518",3650,730,2920
"8519",5250,1050,4200
"8520",4415,883,3532
"8521",5685,1137,4548
"8522",4365,873,3492
"8523",3970,794,3176
"8524",4795,959,3836
"8525",4580,916,3664
"8526",3945,789,3156
"8527",4170,834,3336
"8528",4490,898,3592
"8529",4755,951,3804
"8530",4135,827,3308
"8531",6785,1357,5428
"8532",4320,864,3456
"8533",8030,1606,6424
"8534",4445,889,3556
"8535",3905,781,3124
"8536",5370,1074,4296
"8537",4190,838,3352
"8538",4660,932,3728
"8539",3865,773,3092
"8540",4535,907,3628
"8541",5270,1054,4216
"8542",4655,931,3724
"8543",5755,1151,4604
"8544",3900,780,3120
"8545",5745,1149,4596
"8546",4185,837,3348
"8547",4245,849,3396
"8548",4365,873,3492
"8549",4485,897,3588
"8550",3985,797,3188
"8551",3920,784,3136
"8552",4380,876,3504
"8553",4610,922,3688
"8554",4120,824,3296
"8555",5940,1188,4752
"8556",3365,673,2692
"8557",4700,940,3760
"8558",5680,1136,4544
"8559",3635,727,2908
"8560",3940,788,3152
"8561",4510,902,3608
"8562",5030,1006,4024
"8563",5600,1120,4480
"8564",4165,833,3332
"8565",4505,901,3604
"8566",5245,1049,4196
"8567",4910,982,3928
"8568",6620,1324,5296
"8569",3880,776,3104
"8570",5375,1075,4300
"8571",4745,949,3796
"8572",4840,968,3872
"8573",3650,730,2920
"8574",4505,901,3604
"8575",4615,923,3692
"8576",5060,1012,4048
"8577",4480,896,3584
"8578",5705,1141,4564
"8579",3805,761,3044
"8580",4280,856,3424
"8581",3700,740,2960
"8582",4780,956,3824
"8583",3950,790,3160
"8584",4380,876,3504
"8585",3750,750,3000
"8586",5685,1137,4548
"8587",6970,1394,5576
"8588",4595,919,3676
"8589",4805,961,3844
"8590",5830,1166,4664
"8591",4445,889,3556
"8592",4965,993,3972
"8593",4430,886,3544
"8594",3920,784,3136
"8595",4670,934,3736
"8596",3900,780,3120
"8597",5115,1023,4092
"8598",6225,1245,4980
"8599",4020,804,3216
"8600",6120,1224,4896
"8601",5155,1031,4124
"8602",5525,1105,4420
"8603",4575,915,3660
"8604",4275,855,3420
"8605",3830,766,3064
"8606",3720,744,2976
"8607",4980,996,3984
"8608",4390,878,3512
"8609",3990,798,3192
"8610",3550,710,2840
"8611",4780,956,3824
"8612",5185,1037,4148
"8613",3930,786,3144
"8614",4065,813,3252
"8615",5475,1095,4380
"8616",4170,834,3336
"8617",5550,1110,4440
"8618",4175,835,3340
"8619",4050,810,3240
"8620",4425,885,3540
"8621",4660,932,3728
"8622",4260,852,3408
"8623",5180,1036,4144
"8624",6235,1247,4988
"8625",4900,980,3920
"8626",3560,712,2848
"8627",5555,1111,4444
"8628",4685,937,3748
"8629",4325,865,3460
"8630",4055,811,3244
"8631",4385,877,3508
"8632",7260,1452,5808
"8633",5285,1057,4228
"8634",5820,1164,4656
"8635",4370,874,3496
"8636",4950,990,3960
"8637",4370,874,3496
"8638",6485,1297,5188
"8639",3480,696,2784
"8640",5455,1091,4364
"8641",6085,1217,4868
"8642",3835,767,3068
"8643",3690,738,2952
"8644",4135,827,3308
"8645",4770,954,3816
"8646",5185,1037,4148
"8647",4590,918,3672
"8648",4685,937,3748
"8649",5130,1026,4104
"8650",4170,834,3336
"8651",5095,1019,4076
"8652",4515,903,3612
"8653",4620,924,3696
"8654",4395,879,3516
"8655",5310,1062,4248
"8656",6710,1342,5368
"8657",6340,1268,5072
"8658",4910,982,3928
"8659",3680,736,2944
"8660",5760,1152,4608
"8661",5455,1091,4364
"8662",5385,1077,4308
"8663",4965,993,3972
"8664",4810,962,3848
"8665",3875,775,3100
"8666",4365,873,3492
"8667",4905,981,3924
"8668",4490,898,3592
"8669",4045,809,3236
"8670",4090,818,3272
"8671",3950,790,3160
"8672",5120,1024,4096
"8673",3875,775,3100
"8674",4625,925,3700
"8675",4030,806,3224
"8676",4945,989,3956
"8677",4840,968,3872
"8678",4510,902,3608
"8679",5190,1038,4152
"8680",6625,1325,5300
"8681",3900,780,3120
"8682",4105,821,3284
"8683",5725,1145,4580
"8684",4395,879,3516
"8685",4690,938,3752
"8686",5155,1031,4124
"8687",6225,1245,4980
"8688",5295,1059,4236
"8689",3690,738,2952
"8690",6085,1217,4868
"8691",4910,982,3928
"8692",3810,762,3048
"8693",4160,832,3328
"8694",4515,903,3612
"8695",3900,780,3120
"8696",6025,1205,4820
"8697",4355,871,3484
"8698",4055,811,3244
"8699",4830,966,3864
"8700",4525,905,3620
"8701",5605,1121,4484
"8702",4625,925,3700
"8703",3805,761,3044
"8704",3985,797,3188
"8705",4820,964,3856
"8706",4290,858,3432
"8707",5090,1018,4072
"8708",4020,804,3216
"8709",4820,964,3856
"8710",4340,868,3472
"8711",5445,1089,4356
"8712",5805,1161,4644
"8713",3045,609,2436
"8714",3760,752,3008
"8715",4910,982,3928
"8716",4050,810,3240
"8717",4300,860,3440
"8718",3615,723,2892
"8719",4945,989,3956
"8720",3620,724,2896
"8721",3955,791,3164
"8722",3790,758,3032
"8723",5820,1164,4656
"8724",3985,797,3188
"8725",4630,926,3704
"8726",5075,1015,4060
"8727",3945,789,3156
"8728",5150,1030,4120
"8729",5255,1051,4204
"8730",5215,1043,4172
"8731",5030,1006,4024
"8732",4940,988,3952
"8733",3935,787,3148
"8734",4165,833,3332
"8735",5370,1074,4296
"8736",4430,886,3544
"8737",4990,998,3992
"8738",4585,917,3668
"8739",3860,772,3088
"8740",4715,943,3772
"8741",4870,974,3896
"8742",4085,817,3268
"8743",5305,1061,4244
"8744",4205,841,3364
"8745",3470,694,2776
"8746",3715,743,2972
"8747",4230,846,3384
"8748",4730,946,3784
"8749",5215,1043,4172
"8750",5320,1064,4256
"8751",4085,817,3268
"8752",4390,878,3512
"8753",4185,837,3348
"8754",4660,932,3728
"8755",5745,1149,4596
"8756",6445,1289,5156
"8757",4920,984,3936
"8758",6130,1226,4904
"8759",6325,1265,5060
"8760",4255,851,3404
"8761",5550,1110,4440
"8762",6855,1371,5484
"8763",5825,1165,4660
"8764",3815,763,3052
"8765",3765,753,3012
"8766",6140,1228,4912
"8767",4385,877,3508
"8768",5600,1120,4480
"8769",4930,986,3944
"8770",4065,813,3252
"8771",3890,778,3112
"8772",4560,912,3648
"8773",3325,665,2660
"8774",5450,1090,4360
"8775",3725,745,2980
"8776",4080,816,3264
"8777",3715,743,2972
"8778",5620,1124,4496
"8779",3695,739,2956
"8780",4620,924,3696
"8781",4595,919,3676
"8782",5065,1013,4052
"8783",4580,916,3664
"8784",3990,798,3192
"8785",5055,1011,4044
"8786",4470,894,3576
"8787",3920,784,3136
"8788",5685,1137,4548
"8789",4690,938,3752
"8790",3995,799,3196
"8791",3895,779,3116
"8792",4570,914,3656
"8793",4705,941,3764
"8794",4840,968,3872
"8795",4115,823,3292
"8796",4270,854,3416
"8797",4470,894,3576
"8798",4895,979,3916
"8799",4990,998,3992
"8800",5070,1014,4056
"8801",5415,1083,4332
"8802",4190,838,3352
"8803",5085,1017,4068
"8804",3225,645,2580
"8805",5245,1049,4196
"8806",5590,1118,4472
"8807",4030,806,3224
"8808",5700,1140,4560
"8809",4775,955,3820
"8810",4575,915,3660
"8811",4430,886,3544
"8812",3945,789,3156
"8813",5615,1123,4492
"8814",3980,796,3184
"8815",4575,915,3660
"8816",5240,1048,4192
"8817",4470,894,3576
"8818",4980,996,3984
"8819",6895,1379,5516
"8820",4115,823,3292
"8821",4145,829,3316
"8822",3790,758,3032
"8823",4350,870,3480
"8824",5035,1007,4028
"8825",4310,862,3448
"8826",3760,752,3008
"8827",5395,1079,4316
"8828",6005,1201,4804
"8829",5740,1148,4592
"8830",5200,1040,4160
"8831",4245,849,3396
"8832",4940,988,3952
"8833",4255,851,3404
"8834",3450,690,2760
"8835",4645,929,3716
"8836",4520,904,3616
"8837",4820,964,3856
"8838",4725,945,3780
"8839",4220,844,3376
"8840",4820,964,3856
"8841",4330,866,3464
"8842",5145,1029,4116
"8843",5055,1011,4044
"8844",4415,883,3532
"8845",3515,703,2812
"8846",4065,813,3252
"8847",4570,914,3656
"8848",4040,808,3232
"8849",4565,913,3652
"8850",4090,818,3272
"8851",4395,879,3516
"8852",4175,835,3340
"8853",4970,994,3976
"8854",5085,1017,4068
"8855",4040,808,3232
"8856",4575,915,3660
"8857",4340,868,3472
"8858",3730,746,2984
"8859",5715,1143,4572
"8860",4165,833,3332
"8861",3765,753,3012
"8862",3995,799,3196
"8863",3680,736,2944
"8864",6305,1261,5044
"8865",5140,1028,4112
"8866",4870,974,3896
"8867",4435,887,3548
"8868",6010,1202,4808
"8869",5645,1129,4516
"8870",4285,857,3428
"8871",3930,786,3144
"8872",6125,1225,4900
"8873",5055,1011,4044
"8874",4380,876,3504
"8875",4585,917,3668
"8876",4745,949,3796
"8877",6320,1264,5056
"8878",7010,1402,5608
"8879",4725,945,3780
"8880",4930,986,3944
"8881",4090,818,3272
"8882",7065,1413,5652
"8883",4705,941,3764
"8884",3825,765,3060
"8885",5050,1010,4040
"8886",4580,916,3664
"8887",4980,996,3984
"8888",5725,1145,4580
"8889",3965,793,3172
"8890",6595,1319,5276
"8891",5075,1015,4060
"8892",4065,813,3252
"8893",3635,727,2908
"8894",3995,799,3196
"8895",5720,1144,4576
"8896",3720,744,2976
"8897",4315,863,3452
"8898",5250,1050,4200
"8899",4475,895,3580
"8900",4315,863,3452
"8901",4090,818,3272
"8902",4155,831,3324
"8903",4000,800,3200
"8904",4165,833,3332
"8905",4465,893,3572
"8906",4625,925,3700
"8907",4935,987,3948
"8908",3545,709,2836
"8909",4305,861,3444
"8910",5070,1014,4056
"8911",4660,932,3728
"8912",4340,868,3472
"8913",3870,774,3096
"8914",4405,881,3524
"8915",3915,783,3132
"8916",4265,853,3412
"8917",5870,1174,4696
"8918",5395,1079,4316
"8919",5040,1008,4032
"8920",7440,1488,5952
"8921",5585,1117,4468
"8922",4185,837,3348
"8923",4060,812,3248
"8924",4370,874,3496
"8925",4735,947,3788
"8926",5695,1139,4556
"8927",5030,1006,4024
"8928",4235,847,3388
"8929",4040,808,3232
"8930",4055,811,3244
"8931",4470,894,3576
"8932",4885,977,3908
"8933",3625,725,2900
"8934",5125,1025,4100
"8935",3205,641,2564
"8936",4385,877,3508
"8937",5250,1050,4200
"8938",3885,777,3108
"8939",3360,672,2688
"8940",4485,897,3588
"8941",5080,1016,4064
"8942",5330,1066,4264
"8943",3810,762,3048
"8944",6710,1342,5368
"8945",4635,927,3708
"8946",5355,1071,4284
"8947",4445,889,3556
"8948",4405,881,3524
"8949",4160,832,3328
"8950",7770,1554,6216
"8951",3950,790,3160
"8952",4255,851,3404
"8953",4955,991,3964
"8954",7405,1481,5924
"8955",3800,760,3040
"8956",5300,1060,4240
"8957",5270,1054,4216
"8958",5180,1036,4144
"8959",3285,657,2628
"8960",5680,1136,4544
"8961",4145,829,3316
"8962",5215,1043,4172
"8963",4640,928,3712
"8964",4530,906,3624
"8965",4885,977,3908
"8966",3600,720,2880
"8967",5100,1020,4080
"8968",3980,796,3184
"8969",4310,862,3448
"8970",3830,766,3064
"8971",3915,783,3132
"8972",4970,994,3976
"8973",5795,1159,4636
"8974",6210,1242,4968
"8975",3930,786,3144
"8976",4130,826,3304
"8977",5180,1036,4144
"8978",4535,907,3628
"8979",5895,1179,4716
"8980",4250,850,3400
"8981",4420,884,3536
"8982",6565,1313,5252
"8983",4110,822,3288
"8984",3990,798,3192
"8985",5275,1055,4220
"8986",5205,1041,4164
"8987",4625,925,3700
"8988",4555,911,3644
"8989",4760,952,3808
"8990",5550,1110,4440
"8991",4995,999,3996
"8992",6750,1350,5400
"8993",3770,754,3016
"8994",4780,956,3824
"8995",4100,820,3280
"8996",3370,674,2696
"8997",4770,954,3816
"8998",5805,1161,4644
"8999",5285,1057,4228
"9000",4465,893,3572
"9001",5990,1198,4792
"9002",5250,1050,4200
"9003",3675,735,2940
"9004",5180,1036,4144
"9005",5495,1099,4396
"9006",5935,1187,4748
"9007",4825,965,3860
"9008",6425,1285,5140
"9009",4725,945,3780
"9010",5320,1064,4256
"9011",4205,841,3364
"9012",5320,1064,4256
"9013",4130,826,3304
"9014",3485,697,2788
"9015",5335,1067,4268
"9016",4720,944,3776
"9017",5725,1145,4580
"9018",4000,800,3200
"9019",5115,1023,4092
"9020",4725,945,3780
"9021",3915,783,3132
"9022",3970,794,3176
"9023",5325,1065,4260
"9024",5105,1021,4084
"9025",3880,776,3104
"9026",4140,828,3312
"9027",5465,1093,4372
"9028",4890,978,3912
"9029",5720,1144,4576
"9030",3590,718,2872
"9031",7275,1455,5820
"9032",4420,884,3536
"9033",4575,915,3660
"9034",4925,985,3940
"9035",4035,807,3228
"9036",3995,799,3196
"9037",4815,963,3852
"9038",4545,909,3636
"9039",3730,746,2984
"9040",5390,1078,4312
"9041",5590,1118,4472
"9042",5295,1059,4236
"9043",4545,909,3636
"9044",3795,759,3036
"9045",5815,1163,4652
"9046",4960,992,3968
"9047",4950,990,3960
"9048",3730,746,2984
"9049",5710,1142,4568
"9050",3995,799,3196
"9051",4585,917,3668
"9052",4580,916,3664
"9053",5120,1024,4096
"9054",6830,1366,5464
"9055",4485,897,3588
"9056",3895,779,3116
"9057",4075,815,3260
"9058",4250,850,3400
"9059",4335,867,3468
"9060",3595,719,2876
"9061",4425,885,3540
"9062",4490,898,3592
"9063",4520,904,3616
"9064",3835,767,3068
"9065",4585,917,3668
"9066",4090,818,3272
"9067",6270,1254,5016
"9068",5860,1172,4688
"9069",4300,860,3440
"9070",6985,1397,5588
"9071",4550,910,3640
"9072",4215,843,3372
"9073",4175,835,3340
"9074",5865,1173,4692
"9075",4820,964,3856
"9076",3850,770,3080
"9077",3715,743,2972
"9078",3920,784,3136
"9079",4750,950,3800
"9080",4165,833,3332
"9081",3950,790,3160
"9082",4785,957,3828
"9083",4500,900,3600
"9084",3590,718,2872
"9085",3730,746,2984
"9086",5930,1186,4744
"9087",3780,756,3024
"9088",5395,1079,4316
"9089",3650,730,2920
"9090",5055,1011,4044
"9091",6740,1348,5392
"9092",6115,1223,4892
"9093",4690,938,3752
"9094",5180,1036,4144
"9095",4165,833,3332
"9096",4635,927,3708
"9097",5460,1092,4368
"9098",4260,852,3408
"9099",4050,810,3240
"9100",5190,1038,4152
"9101",4705,941,3764
"9102",5645,1129,4516
"9103",4130,826,3304
"9104",3840,768,3072
"9105",6960,1392,5568
"9106",4245,849,3396
"9107",3755,751,3004
"9108",4555,911,3644
"9109",3955,791,3164
"9110",6620,1324,5296
"9111",4145,829,3316
"9112",5800,1160,4640
"9113",5200,1040,4160
"9114",5655,1131,4524
"9115",6200,1240,4960
"9116",4335,867,3468
"9117",5045,1009,4036
"9118",4100,820,3280
"9119",3840,768,3072
"9120",3665,733,2932
"9121",4825,965,3860
"9122",3795,759,3036
"9123",4485,897,3588
"9124",5385,1077,4308
"9125",4600,920,3680
"9126",4340,868,3472
"9127",4375,875,3500
"9128",4785,957,3828
"9129",5000,1000,4000
"9130",5225,1045,4180
"9131",4295,859,3436
"9132",4120,824,3296
"9133",3180,636,2544
"9134",6265,1253,5012
"9135",4160,832,3328
"9136",5465,1093,4372
"9137",5460,1092,4368
"9138",3875,775,3100
"9139",4375,875,3500
"9140",3940,788,3152
"9141",5515,1103,4412
"9142",4660,932,3728
"9143",3890,778,3112
"9144",5115,1023,4092
"9145",4435,887,3548
"9146",4320,864,3456
"9147",4320,864,3456
"9148",5445,1089,4356
"9149",5445,1089,4356
"9150",5760,1152,4608
"9151",4405,881,3524
"9152",5605,1121,4484
"9153",5330,1066,4264
"9154",5230,1046,4184
"9155",4105,821,3284
"9156",4365,873,3492
"9157",4655,931,3724
"9158",4190,838,3352
"9159",3665,733,2932
"9160",4095,819,3276
"9161",5125,1025,4100
"9162",5375,1075,4300
"9163",5035,1007,4028
"9164",5245,1049,4196
"9165",4965,993,3972
"9166",3650,730,2920
"9167",4325,865,3460
"9168",5115,1023,4092
"9169",5655,1131,4524
"9170",6380,1276,5104
"9171",5040,1008,4032
"9172",4870,974,3896
"9173",4030,806,3224
"9174",5545,1109,4436
"9175",4740,948,3792
"9176",4350,870,3480
"9177",5145,1029,4116
"9178",4815,963,3852
"9179",4395,879,3516
"9180",3850,770,3080
"9181",4555,911,3644
"9182",4485,897,3588
"9183",4425,885,3540
"9184",4750,950,3800
"9185",5855,1171,4684
"9186",4620,924,3696
"9187",3020,604,2416
"9188",4130,826,3304
"9189",4720,944,3776
"9190",4315,863,3452
"9191",4265,853,3412
"9192",4545,909,3636
"9193",5565,1113,4452
"9194",5715,1143,4572
"9195",5050,1010,4040
"9196",5755,1151,4604
"9197",4700,940,3760
"9198",4400,880,3520
"9199",3210,642,2568
"9200",4510,902,3608
"9201",4515,903,3612
"9202",4890,978,3912
"9203",4170,834,3336
"9204",5415,1083,4332
"9205",5575,1115,4460
"9206",3970,794,3176
"9207",4650,930,3720
"9208",5575,1115,4460
"9209",5205,1041,4164
"9210",4195,839,3356
"9211",4045,809,3236
"9212",3295,659,2636
"9213",3605,721,2884
"9214",4850,970,3880
"9215",6875,1375,5500
"9216",5395,1079,4316
"9217",5685,1137,4548
"9218",4355,871,3484
"9219",3870,774,3096
"9220",4155,831,3324
"9221",4845,969,3876
"9222",4230,846,3384
"9223",4615,923,3692
"9224",5075,1015,4060
"9225",7020,1404,5616
"9226",4515,903,3612
"9227",3965,793,3172
"9228",3855,771,3084
"9229",5575,1115,4460
"9230",4180,836,3344
"9231",4595,919,3676
"9232",6745,1349,5396
"9233",4460,892,3568
"9234",4695,939,3756
"9235",4880,976,3904
"9236",4710,942,3768
"9237",4855,971,3884
"9238",4125,825,3300
"9239",3720,744,2976
"9240",3860,772,3088
"9241",3920,784,3136
"9242",4395,879,3516
"9243",4980,996,3984
"9244",4960,992,3968
"9245",4265,853,3412
"9246",5050,1010,4040
"9247",4495,899,3596
"9248",5275,1055,4220
"9249",4210,842,3368
"9250",5100,1020,4080
"9251",5240,1048,4192
"9252",4665,933,3732
"9253",3615,723,2892
"9254",4375,875,3500
"9255",5410,1082,4328
"9256",5115,1023,4092
"9257",5330,1066,4264
"9258",3720,744,2976
"9259",6920,1384,5536
"9260",4470,894,3576
"9261",3835,767,3068
"9262",4760,952,3808
"9263",5660,1132,4528
"9264",3120,624,2496
"9265",4230,846,3384
"9266",3835,767,3068
"9267",3260,652,2608
"9268",4730,946,3784
"9269",3830,766,3064
"9270",4385,877,3508
"9271",4705,941,3764
"9272",3655,731,2924
"9273",4330,866,3464
"9274",3765,753,3012
"9275",4820,964,3856
"9276",5065,1013,4052
"9277",6415,1283,5132
"9278",5175,1035,4140
"9279",4790,958,3832
"9280",3635,727,2908
"9281",4510,902,3608
"9282",6005,1201,4804
"9283",4370,874,3496
"9284",3490,698,2792
"9285",4495,899,3596
"9286",4675,935,3740
"9287",4710,942,3768
"9288",5300,1060,4240
"9289",5950,1190,4760
"9290",4505,901,3604
"9291",4190,838,3352
"9292",4170,834,3336
"9293",4555,911,3644
"9294",5675,1135,4540
"9295",4955,991,3964
"9296",4730,946,3784
"9297",4040,808,3232
"9298",4760,952,3808
"9299",4515,903,3612
"9300",4960,992,3968
"9301",4775,955,3820
"9302",4460,892,3568
"9303",4695,939,3756
"9304",5945,1189,4756
"9305",5315,1063,4252
"9306",5545,1109,4436
"9307",4440,888,3552
"9308",3550,710,2840
"9309",5200,1040,4160
"9310",4450,890,3560
"9311",3930,786,3144
"9312",3985,797,3188
"9313",4740,948,3792
"9314",3210,642,2568
"9315",4430,886,3544
"9316",4085,817,3268
"9317",4640,928,3712
"9318",3700,740,2960
"9319",4045,809,3236
"9320",4855,971,3884
"9321",3815,763,3052
"9322",6770,1354,5416
"9323",5575,1115,4460
"9324",4835,967,3868
"9325",4075,815,3260
"9326",5230,1046,4184
"9327",4955,991,3964
"9328",3780,756,3024
"9329",4260,852,3408
"9330",3765,753,3012
"9331",3880,776,3104
"9332",4100,820,3280
"9333",7025,1405,5620
"9334",4035,807,3228
"9335",3945,789,3156
"9336",4960,992,3968
"9337",4615,923,3692
"9338",5815,1163,4652
"9339",3675,735,2940
"9340",4585,917,3668
"9341",4290,858,3432
"9342",4405,881,3524
"9343",4195,839,3356
"9344",5615,1123,4492
"9345",4460,892,3568
"9346",3660,732,2928
"9347",4230,846,3384
"9348",5605,1121,4484
"9349",5320,1064,4256
"9350",5645,1129,4516
"9351",4590,918,3672
"9352",4400,880,3520
"9353",5115,1023,4092
"9354",4280,856,3424
"9355",6720,1344,5376
"9356",5065,1013,4052
"9357",5780,1156,4624
"9358",4580,916,3664
"9359",4730,946,3784
"9360",4620,924,3696
"9361",4505,901,3604
"9362",4295,859,3436
"9363",5540,1108,4432
"9364",4775,955,3820
"9365",4105,821,3284
"9366",5165,1033,4132
"9367",5380,1076,4304
"9368",4200,840,3360
"9369",5085,1017,4068
"9370",4200,840,3360
"9371",4635,927,3708
"9372",4545,909,3636
"9373",3845,769,3076
"9374",3870,774,3096
"9375",4465,893,3572
"9376",4985,997,3988
"9377",4570,914,3656
"9378",3755,751,3004
"9379",3860,772,3088
"9380",5725,1145,4580
"9381",4120,824,3296
"9382",4050,810,3240
"9383",4955,991,3964
"9384",4755,951,3804
"9385",3620,724,2896
"9386",4555,911,3644
"9387",4290,858,3432
"9388",6150,1230,4920
"9389",6975,1395,5580
"9390",4345,869,3476
"9391",4530,906,3624
"9392",4050,810,3240
"9393",3585,717,2868
"9394",4520,904,3616
"9395",4720,944,3776
"9396",4610,922,3688
"9397",3910,782,3128
"9398",5725,1145,4580
"9399",4140,828,3312
"9400",5195,1039,4156
"9401",6910,1382,5528
"9402",4645,929,3716
"9403",5380,1076,4304
"9404",3805,761,3044
"9405",3800,760,3040
"9406",5525,1105,4420
"9407",3935,787,3148
"9408",4720,944,3776
"9409",4215,843,3372
"9410",4005,801,3204
"9411",3765,753,3012
"9412",4140,828,3312
"9413",4485,897,3588
"9414",5300,1060,4240
"9415",3670,734,2936
"9416",4430,886,3544
"9417",4545,909,3636
"9418",5035,1007,4028
"9419",4380,876,3504
"9420",4865,973,3892
"9421",3685,737,2948
"9422",5725,1145,4580
"9423",6375,1275,5100
"9424",6765,1353,5412
"9425",7555,1511,6044
"9426",4610,922,3688
"9427",3820,764,3056
"9428",7465,1493,5972
"9429",4130,826,3304
"9430",5820,1164,4656
"9431",4150,830,3320
"9432",4150,830,3320
"9433",3855,771,3084
"9434",4670,934,3736
"9435",7375,1475,5900
"9436",4910,982,3928
"9437",4910,982,3928
"9438",5605,1121,4484
"9439",5885,1177,4708
"9440",4290,858,3432
"9441",4710,942,3768
"9442",4035,807,3228
"9443",5035,1007,4028
"9444",4760,952,3808
"9445",3865,773,3092
"9446",6025,1205,4820
"9447",4695,939,3756
"9448",6730,1346,5384
"9449",3950,790,3160
"9450",4565,913,3652
"9451",4255,851,3404
"9452",3470,694,2776
"9453",5485,1097,4388
"9454",3290,658,2632
"9455",5880,1176,4704
"9456",4155,831,3324
"9457",4000,800,3200
"9458",4045,809,3236
"9459",5265,1053,4212
"9460",4235,847,3388
"9461",3450,690,2760
"9462",3955,791,3164
"9463",5510,1102,4408
"9464",4830,966,3864
"9465",4230,846,3384
"9466",5275,1055,4220
"9467",5040,1008,4032
"9468",6845,1369,5476
"9469",5085,1017,4068
"9470",4340,868,3472
"9471",4995,999,3996
"9472",4350,870,3480
"9473",4380,876,3504
"9474",4160,832,3328
"9475",4635,927,3708
"9476",4285,857,3428
"9477",4785,957,3828
"9478",3145,629,2516
"9479",3915,783,3132
"9480",4040,808,3232
"9481",4280,856,3424
"9482",4260,852,3408
"9483",4245,849,3396
"9484",4710,942,3768
"9485",3325,665,2660
"9486",4225,845,3380
"9487",4100,820,3280
"9488",4935,987,3948
"9489",3380,676,2704
"9490",4715,943,3772
"9491",6345,1269,5076
"9492",4365,873,3492
"9493",4185,837,3348
"9494",4870,974,3896
"9495",4845,969,3876
"9496",4160,832,3328
"9497",4055,811,3244
"9498",5090,1018,4072
"9499",4850,970,3880
"9500",5000,1000,4000
"9501",5835,1167,4668
"9502",5340,1068,4272
"9503",4635,927,3708
"9504",3890,778,3112
"9505",3895,779,3116
"9506",7390,1478,5912
"9507",3925,785,3140
"9508",4760,952,3808
"9509",5470,1094,4376
"9510",3860,772,3088
"9511",7225,1445,5780
"9512",4305,861,3444
"9513",4685,937,3748
"9514",4790,958,3832
"9515",5070,1014,4056
"9516",3690,738,2952
"9517",7160,1432,5728
"9518",3830,766,3064
"9519",4180,836,3344
"9520",3595,719,2876
"9521",3825,765,3060
"9522",4805,961,3844
"9523",5825,1165,4660
"9524",4140,828,3312
"9525",4750,950,3800
"9526",4405,881,3524
"9527",5445,1089,4356
"9528",3955,791,3164
"9529",5755,1151,4604
"9530",3805,761,3044
"9531",6085,1217,4868
"9532",5760,1152,4608
"9533",4090,818,3272
"9534",4150,830,3320
"9535",6255,1251,5004
"9536",4690,938,3752
"9537",3750,750,3000
"9538",3830,766,3064
"9539",4245,849,3396
"9540",5075,1015,4060
"9541",3555,711,2844
"9542",4420,884,3536
"9543",4185,837,3348
"9544",3200,640,2560
"9545",3580,716,2864
"9546",5355,1071,4284
"9547",5025,1005,4020
"9548",3875,775,3100
"9549",3460,692,2768
"9550",4135,827,3308
"9551",5050,1010,4040
"9552",5540,1108,4432
"9553",3740,748,2992
"9554",4565,913,3652
"9555",4570,914,3656
"9556",4820,964,3856
"9557",4825,965,3860
"9558",4015,803,3212
"9559",4120,824,3296
"9560",4795,959,3836
"9561",5585,1117,4468
"9562",4315,863,3452
"9563",3840,768,3072
"9564",6030,1206,4824
"9565",4585,917,3668
"9566",3750,750,3000
"9567",4770,954,3816
"9568",3935,787,3148
"9569",3915,783,3132
"9570",4860,972,3888
"9571",6040,1208,4832
"9572",5540,1108,4432
"9573",4580,916,3664
"9574",4670,934,3736
"9575",5295,1059,4236
"9576",5115,1023,4092
"9577",5145,1029,4116
"9578",3210,642,2568
"9579",4430,886,3544
"9580",4640,928,3712
"9581",5350,1070,4280
"9582",4170,834,3336
"9583",5400,1080,4320
"9584",5355,1071,4284
"9585",6270,1254,5016
"9586",5290,1058,4232
"9587",5270,1054,4216
"9588",5890,1178,4712
"9589",4655,931,3724
"9590",4195,839,3356
"9591",5000,1000,4000
"9592",3700,740,2960
"9593",4615,923,3692
"9594",5190,1038,4152
"9595",4775,955,3820
"9596",3860,772,3088
"9597",4725,945,3780
"9598",5410,1082,4328
"9599",4545,909,3636
"9600",4115,823,3292
"9601",5655,1131,4524
"9602",4015,803,3212
"9603",5775,1155,4620
"9604",4495,899,3596
"9605",4295,859,3436
"9606",5185,1037,4148
"9607",4315,863,3452
"9608",4135,827,3308
"9609",4350,870,3480
"9610",5200,1040,4160
"9611",4040,808,3232
"9612",4900,980,3920
"9613",4200,840,3360
"9614",6610,1322,5288
"9615",3670,734,2936
"9616",6400,1280,5120
"9617",4540,908,3632
"9618",4375,875,3500
"9619",4285,857,3428
"9620",4710,942,3768
"9621",3250,650,2600
"9622",5790,1158,4632
"9623",6525,1305,5220
"9624",4485,897,3588
"9625",4590,918,3672
"9626",4100,820,3280
"9627",4690,938,3752
"9628",4010,802,3208
"9629",5430,1086,4344
"9630",4440,888,3552
"9631",3335,667,2668
"9632",3845,769,3076
"9633",4910,982,3928
"9634",3880,776,3104
"9635",4440,888,3552
"9636",4140,828,3312
"9637",4955,991,3964
"9638",3900,780,3120
"9639",5295,1059,4236
"9640",4355,871,3484
"9641",4825,965,3860
"9642",4330,866,3464
"9643",4720,944,3776
"9644",3810,762,3048
"9645",5330,1066,4264
"9646",4225,845,3380
"9647",3965,793,3172
"9648",3350,670,2680
"9649",4380,876,3504
"9650",3435,687,2748
"9651",4455,891,3564
"9652",5500,1100,4400
"9653",4085,817,3268
"9654",5325,1065,4260
"9655",5205,1041,4164
"9656",4145,829,3316
"9657",4130,826,3304
"9658",5785,1157,4628
"9659",4170,834,3336
"9660",4815,963,3852
"9661",5815,1163,4652
"9662",4905,981,3924
"9663",4005,801,3204
"9664",4550,910,3640
"9665",4615,923,3692
"9666",4235,847,3388
"9667",3450,690,2760
"9668",4630,926,3704
"9669",4110,822,3288
"9670",5465,1093,4372
"9671",4910,982,3928
"9672",4420,884,3536
"9673",4645,929,3716
"9674",4165,833,3332
"9675",4980,996,3984
"9676",4035,807,3228
"9677",3715,743,2972
"9678",4295,859,3436
"9679",5045,1009,4036
"9680",4695,939,3756
"9681",4205,841,3364
"9682",4625,925,3700
"9683",4265,853,3412
"9684",8155,1631,6524
"9685",7015,1403,5612
"9686",4325,865,3460
"9687",4475,895,3580
"9688",4290,858,3432
"9689",4850,970,3880
"9690",3925,785,3140
"9691",4680,936,3744
"9692",5160,1032,4128
"9693",5455,1091,4364
"9694",4900,980,3920
"9695",4110,822,3288
"9696",3275,655,2620
"9697",4480,896,3584
"9698",5540,1108,4432
"9699",4075,815,3260
"9700",4280,856,3424
"9701",4290,858,3432
"9702",7005,1401,5604
"9703",5385,1077,4308
"9704",4505,901,3604
"9705",6360,1272,5088
"9706",4605,921,3684
"9707",6140,1228,4912
"9708",5480,1096,4384
"9709",3905,781,3124
"9710",3895,779,3116
"9711",4380,876,3504
"9712",3970,794,3176
"9713",4920,984,3936
"9714",5155,1031,4124
"9715",6585,1317,5268
"9716",4320,864,3456
"9717",4965,993,3972
"9718",3900,780,3120
"9719",4095,819,3276
"9720",5255,1051,4204
"9721",5080,1016,4064
"9722",4795,959,3836
"9723",3965,793,3172
"9724",4690,938,3752
"9725",5815,1163,4652
"9726",7260,1452,5808
"9727",3915,783,3132
"9728",4585,917,3668
"9729",3680,736,2944
"9730",4470,894,3576
"9731",4605,921,3684
"9732",6915,1383,5532
"9733",3965,793,3172
"9734",4480,896,3584
"9735",4575,915,3660
"9736",4280,856,3424
"9737",3975,795,3180
"9738",3775,755,3020
"9739",4605,921,3684
"9740",4985,997,3988
"9741",4415,883,3532
"9742",4560,912,3648
"9743",4735,947,3788
"9744",4600,920,3680
"9745",4890,978,3912
"9746",5440,1088,4352
"9747",5085,1017,4068
"9748",5435,1087,4348
"9749",5565,1113,4452
"9750",5695,1139,4556
"9751",4605,921,3684
"9752",7955,1591,6364
"9753",5810,1162,4648
"9754",3995,799,3196
"9755",5065,1013,4052
"9756",4450,890,3560
"9757",4595,919,3676
"9758",6200,1240,4960
"9759",4520,904,3616
"9760",3690,738,2952
"9761",4580,916,3664
"9762",3985,797,3188
"9763",4155,831,3324
"9764",4375,875,3500
"9765",6080,1216,4864
"9766",4535,907,3628
"9767",4280,856,3424
"9768",3615,723,2892
"9769",5540,1108,4432
"9770",5085,1017,4068
"9771",4155,831,3324
"9772",5640,1128,4512
"9773",5860,1172,4688
"9774",5130,1026,4104
"9775",6995,1399,5596
"9776",5125,1025,4100
"9777",4215,843,3372
"9778",5520,1104,4416
"9779",5090,1018,4072
"9780",3895,779,3116
"9781",5205,1041,4164
"9782",6205,1241,4964
"9783",4670,934,3736
"9784",6035,1207,4828
"9785",7440,1488,5952
"9786",5075,1015,4060
"9787",4935,987,3948
"9788",4515,903,3612
"9789",3790,758,3032
"9790",4805,961,3844
"9791",5630,1126,4504
"9792",4585,917,3668
"9793",4950,990,3960
"9794",4840,968,3872
"9795",4580,916,3664
"9796",3895,779,3116
"9797",4525,905,3620
"9798",4480,896,3584
"9799",5620,1124,4496
"9800",3920,784,3136
"9801",5120,1024,4096
"9802",4375,875,3500
"9803",6065,1213,4852
"9804",6290,1258,5032
"9805",3965,793,3172
"9806",4770,954,3816
"9807",4595,919,3676
"9808",5225,1045,4180
"9809",4530,906,3624
"9810",4170,834,3336
"9811",4020,804,3216
"9812",3850,770,3080
"9813",5465,1093,4372
"9814",5215,1043,4172
"9815",3780,756,3024
"9816",7535,1507,6028
"9817",4235,847,3388
"9818",4435,887,3548
"9819",4735,947,3788
"9820",5170,1034,4136
"9821",3595,719,2876
"9822",3950,790,3160
"9823",3805,761,3044
"9824",5655,1131,4524
"9825",3990,798,3192
"9826",3390,678,2712
"9827",4675,935,3740
"9828",4065,813,3252
"9829",4510,902,3608
"9830",3990,798,3192
"9831",4850,970,3880
"9832",3880,776,3104
"9833",3760,752,3008
"9834",4095,819,3276
"9835",4580,916,3664
"9836",4345,869,3476
"9837",4090,818,3272
"9838",5475,1095,4380
"9839",4135,827,3308
"9840",3915,783,3132
"9841",3415,683,2732
"9842",3990,798,3192
"9843",5660,1132,4528
"9844",4615,923,3692
"9845",5330,1066,4264
"9846",5725,1145,4580
"9847",4200,840,3360
"9848",4715,943,3772
"9849",4380,876,3504
"9850",4810,962,3848
"9851",3650,730,2920
"9852",4345,869,3476
"9853",5180,1036,4144
"9854",4345,869,3476
"9855",4555,911,3644
"9856",3605,721,2884
"9857",4950,990,3960
"9858",5265,1053,4212
"9859",5095,1019,4076
"9860",6365,1273,5092
"9861",4150,830,3320
"9862",4375,875,3500
"9863",3335,667,2668
"9864",4255,851,3404
"9865",4185,837,3348
"9866",6300,1260,5040
"9867",7340,1468,5872
"9868",3970,794,3176
"9869",4800,960,3840
"9870",7320,1464,5856
"9871",3610,722,2888
"9872",4040,808,3232
"9873",4810,962,3848
"9874",4255,851,3404
"9875",4960,992,3968
"9876",4380,876,3504
"9877",5670,1134,4536
"9878",4150,830,3320
"9879",7115,1423,5692
"9880",4670,934,3736
"9881",4590,918,3672
"9882",3740,748,2992
"9883",4470,894,3576
"9884",3590,718,2872
"9885",4045,809,3236
"9886",4500,900,3600
"9887",3965,793,3172
"9888",4935,987,3948
"9889",4150,830,3320
"9890",5340,1068,4272
"9891",4980,996,3984
"9892",5470,1094,4376
"9893",4855,971,3884
"9894",5415,1083,4332
"9895",5590,1118,4472
"9896",3980,796,3184
"9897",4065,813,3252
"9898",3290,658,2632
"9899",4355,871,3484
"9900",3750,750,3000
"9901",4405,881,3524
"9902",5730,1146,4584
"9903",4645,929,3716
"9904",3365,673,2692
"9905",3510,702,2808
"9906",4160,832,3328
"9907",3465,693,2772
"9908",4305,861,3444
"9909",5040,1008,4032
"9910",4370,874,3496
"9911",4960,992,3968
"9912",6525,1305,5220
"9913",4575,915,3660
"9914",4195,839,3356
"9915",7320,1464,5856
"9916",4560,912,3648
"9917",4455,891,3564
"9918",4150,830,3320
"9919",3560,712,2848
"9920",5685,1137,4548
"9921",4325,865,3460
"9922",5020,1004,4016
"9923",4375,875,3500
"9924",3690,738,2952
"9925",4480,896,3584
"9926",4865,973,3892
"9927",4235,847,3388
"9928",4890,978,3912
"9929",5005,1001,4004
"9930",4085,817,3268
"9931",4670,934,3736
"9932",4405,881,3524
"9933",5790,1158,4632
"9934",4195,839,3356
"9935",4930,986,3944
"9936",4220,844,3376
"9937",5725,1145,4580
"9938",6775,1355,5420
"9939",4915,983,3932
"9940",5420,1084,4336
"9941",3960,792,3168
"9942",4165,833,3332
"9943",3360,672,2688
"9944",4855,971,3884
"9945",6095,1219,4876
"9946",4125,825,3300
"9947",4465,893,3572
"9948",6245,1249,4996
"9949",6375,1275,5100
"9950",4240,848,3392
"9951",4225,845,3380
"9952",4010,802,3208
"9953",6955,1391,5564
"9954",6940,1388,5552
"9955",4435,887,3548
"9956",3860,772,3088
"9957",4305,861,3444
"9958",6300,1260,5040
"9959",5595,1119,4476
"9960",4155,831,3324
"9961",5310,1062,4248
"9962",4805,961,3844
"9963",3320,664,2656
"9964",5125,1025,4100
"9965",5590,1118,4472
"9966",4440,888,3552
"9967",5325,1065,4260
"9968",3780,756,3024
"9969",3060,612,2448
"9970",7190,1438,5752
"9971",3775,755,3020
"9972",4560,912,3648
"9973",4425,885,3540
"9974",5065,1013,4052
"9975",4190,838,3352
"9976",4595,919,3676
"9977",3835,767,3068
"9978",5400,1080,4320
"9979",4250,850,3400
"9980",4415,883,3532
"9981",4600,920,3680
"9982",4230,846,3384
"9983",3300,660,2640
"9984",4510,902,3608
"9985",4435,887,3548
"9986",5195,1039,4156
"9987",4300,860,3440
"9988",3735,747,2988
"9989",5990,1198,4792
"9990",3365,673,2692
"9991",4180,836,3344
"9992",5585,1117,4468
"9993",4315,863,3452
"9994",3970,794,3176
"9995",4620,924,3696
"9996",5685,1137,4548
"9997",4635,927,3708
"9998",4385,877,3508
"9999",4585,917,3668
"10000",5565,1113,4452
"10001",6605,1321,5284
"10002",5735,1147,4588
"10003",3935,787,3148
"10004",3810,762,3048
"10005",5565,1113,4452
"10006",4140,828,3312
"10007",4040,808,3232
"10008",4780,956,3824
"10009",4750,950,3800
"10010",4755,951,3804
"10011",6770,1354,5416
"10012",5205,1041,4164
"10013",4135,827,3308
"10014",5850,1170,4680
"10015",5105,1021,4084
"10016",8675,1735,6940
"10017",4530,906,3624
"10018",6060,1212,4848
"10019",5665,1133,4532
"10020",3680,736,2944
"10021",3900,780,3120
"10022",5550,1110,4440
"10023",5725,1145,4580
"10024",5155,1031,4124
"10025",4630,926,3704
"10026",4880,976,3904
"10027",3765,753,3012
"10028",4060,812,3248
"10029",3905,781,3124
"10030",5025,1005,4020
"10031",5090,1018,4072
"10032",5550,1110,4440
"10033",4865,973,3892
"10034",4660,932,3728
"10035",4745,949,3796
"10036",4730,946,3784
"10037",4725,945,3780
"10038",3945,789,3156
"10039",5790,1158,4632
"10040",3990,798,3192
"10041",3385,677,2708
"10042",5215,1043,4172
"10043",6700,1340,5360
"10044",4295,859,3436
"10045",4070,814,3256
"10046",5005,1001,4004
"10047",4935,987,3948
"10048",4280,856,3424
"10049",6870,1374,5496
"10050",4395,879,3516
"10051",4000,800,3200
"10052",5500,1100,4400
"10053",5985,1197,4788
"10054",4160,832,3328
"10055",3160,632,2528
"10056",5625,1125,4500
"10057",4395,879,3516
"10058",4975,995,3980
"10059",4350,870,3480
"10060",4915,983,3932
"10061",6035,1207,4828
"10062",4725,945,3780
"10063",3590,718,2872
"10064",5550,1110,4440
"10065",3885,777,3108
"10066",5165,1033,4132
"10067",5505,1101,4404
"10068",4380,876,3504
"10069",4755,951,3804
"10070",4135,827,3308
"10071",4650,930,3720
"10072",4955,991,3964
"10073",4650,930,3720
"10074",3920,784,3136
"10075",4575,915,3660
"10076",4115,823,3292
"10077",5270,1054,4216
"10078",5115,1023,4092
"10079",4130,826,3304
"10080",4465,893,3572
"10081",4725,945,3780
"10082",5875,1175,4700
"10083",4920,984,3936
"10084",5095,1019,4076
"10085",6785,1357,5428
"10086",7105,1421,5684
"10087",5130,1026,4104
"10088",4730,946,3784
"10089",4175,835,3340
"10090",4810,962,3848
"10091",4310,862,3448
"10092",4930,986,3944
"10093",6600,1320,5280
"10094",4845,969,3876
"10095",7115,1423,5692
"10096",4720,944,3776
"10097",4350,870,3480
"10098",3805,761,3044
"10099",4425,885,3540
"10100",3810,762,3048
"10101",5975,1195,4780
"10102",4525,905,3620
"10103",4840,968,3872
"10104",3715,743,2972
"10105",4765,953,3812
"10106",5545,1109,4436
"10107",4925,985,3940
"10108",5425,1085,4340
"10109",6040,1208,4832
"10110",4480,896,3584
"10111",4570,914,3656
"10112",5225,1045,4180
"10113",4050,810,3240
"10114",5075,1015,4060
"10115",4475,895,3580
"10116",4710,942,3768
"10117",5535,1107,4428
"10118",5565,1113,4452
"10119",4870,974,3896
"10120",3785,757,3028
"10121",4600,920,3680
"10122",3670,734,2936
"10123",3260,652,2608
"10124",4325,865,3460
"10125",4435,887,3548
"10126",4445,889,3556
"10127",5070,1014,4056
"10128",6485,1297,5188
"10129",3935,787,3148
"10130",5480,1096,4384
"10131",4265,853,3412
"10132",5130,1026,4104
"10133",4055,811,3244
"10134",6315,1263,5052
"10135",4220,844,3376
"10136",3660,732,2928
"10137",6175,1235,4940
"10138",5805,1161,4644
"10139",3790,758,3032
"10140",3725,745,2980
"10141",3700,740,2960
"10142",5160,1032,4128
"10143",5430,1086,4344
"10144",3625,725,2900
"10145",5605,1121,4484
"10146",5175,1035,4140
"10147",4585,917,3668
"10148",4425,885,3540
"10149",4330,866,3464
"10150",4630,926,3704
"10151",4555,911,3644
"10152",5530,1106,4424
"10153",4270,854,3416
"10154",5370,1074,4296
"10155",4615,923,3692
"10156",5590,1118,4472
"10157",5480,1096,4384
"10158",3870,774,3096
"10159",4195,839,3356
"10160",4810,962,3848
"10161",4835,967,3868
"10162",4470,894,3576
"10163",4655,931,3724
"10164",4715,943,3772
"10165",4920,984,3936
"10166",3710,742,2968
"10167",5650,1130,4520
"10168",3895,779,3116
"10169",4340,868,3472
"10170",4785,957,3828
"10171",5075,1015,4060
"10172",4070,814,3256
"10173",5780,1156,4624
"10174",4115,823,3292
"10175",4655,931,3724
"10176",3850,770,3080
"10177",4400,880,3520
"10178",4450,890,3560
"10179",3615,723,2892
"10180",5255,1051,4204
"10181",7175,1435,5740
"10182",4220,844,3376
"10183",4595,919,3676
"10184",6735,1347,5388
"10185",5740,1148,4592
"10186",4185,837,3348
"10187",4630,926,3704
"10188",7785,1557,6228
"10189",5175,1035,4140
"10190",4325,865,3460
"10191",5450,1090,4360
"10192",5210,1042,4168
"10193",4505,901,3604
"10194",5865,1173,4692
"10195",2935,587,2348
"10196",4845,969,3876
"10197",4705,941,3764
"10198",5670,1134,4536
"10199",4800,960,3840
"10200",3685,737,2948
"10201",4120,824,3296
"10202",4935,987,3948
"10203",3970,794,3176
"10204",4580,916,3664
"10205",5295,1059,4236
"10206",4210,842,3368
"10207",4525,905,3620
"10208",5775,1155,4620
"10209",3720,744,2976
"10210",3815,763,3052
"10211",3320,664,2656
"10212",5720,1144,4576
"10213",5090,1018,4072
"10214",4810,962,3848
"10215",5485,1097,4388
"10216",4670,934,3736
"10217",6320,1264,5056
"10218",7350,1470,5880
"10219",4080,816,3264
"10220",4535,907,3628
"10221",5305,1061,4244
"10222",6270,1254,5016
"10223",5710,1142,4568
"10224",5135,1027,4108
"10225",5425,1085,4340
"10226",3710,742,2968
"10227",7220,1444,5776
"10228",4945,989,3956
"10229",4850,970,3880
"10230",5075,1015,4060
"10231",4395,879,3516
"10232",3615,723,2892
"10233",5890,1178,4712
"10234",5330,1066,4264
"10235",6675,1335,5340
"10236",4535,907,3628
"10237",4745,949,3796
"10238",5920,1184,4736
"10239",6165,1233,4932
"10240",3695,739,2956
"10241",4470,894,3576
"10242",4445,889,3556
"10243",5065,1013,4052
"10244",4245,849,3396
"10245",6250,1250,5000
"10246",4550,910,3640
"10247",4865,973,3892
"10248",4375,875,3500
"10249",4650,930,3720
"10250",3580,716,2864
"10251",4650,930,3720
"10252",5330,1066,4264
"10253",3935,787,3148
"10254",4850,970,3880
"10255",3630,726,2904
"10256",4590,918,3672
"10257",4345,869,3476
"10258",5125,1025,4100
"10259",3785,757,3028
"10260",5705,1141,4564
"10261",4970,994,3976
"10262",4200,840,3360
"10263",4760,952,3808
"10264",4675,935,3740
"10265",4500,900,3600
"10266",4700,940,3760
"10267",6120,1224,4896
"10268",5650,1130,4520
"10269",4200,840,3360
"10270",4405,881,3524
"10271",4575,915,3660
"10272",5365,1073,4292
"10273",4285,857,3428
"10274",4005,801,3204
"10275",6455,1291,5164
"10276",4700,940,3760
"10277",4760,952,3808
"10278",3980,796,3184
"10279",4725,945,3780
"10280",4180,836,3344
"10281",5280,1056,4224
"10282",3590,718,2872
"10283",4340,868,3472
"10284",3920,784,3136
"10285",4915,983,3932
"10286",3275,655,2620
"10287",5375,1075,4300
"10288",4620,924,3696
"10289",3795,759,3036
"10290",4090,818,3272
"10291",6185,1237,4948
"10292",3810,762,3048
"10293",6560,1312,5248
"10294",4890,978,3912
"10295",4150,830,3320
"10296",4415,883,3532
"10297",3830,766,3064
"10298",3820,764,3056
"10299",5875,1175,4700
"10300",4390,878,3512
"10301",4235,847,3388
"10302",5180,1036,4144
"10303",3890,778,3112
"10304",3700,740,2960
"10305",4010,802,3208
"10306",4930,986,3944
"10307",4375,875,3500
"10308",4960,992,3968
"10309",5395,1079,4316
"10310",5385,1077,4308
"10311",5000,1000,4000
"10312",4710,942,3768
"10313",4790,958,3832
"10314",4495,899,3596
"10315",5535,1107,4428
"10316",4320,864,3456
"10317",5620,1124,4496
"10318",5550,1110,4440
"10319",4205,841,3364
"10320",6530,1306,5224
"10321",4115,823,3292
"10322",5315,1063,4252
"10323",6095,1219,4876
"10324",5565,1113,4452
"10325",5510,1102,4408
"10326",5325,1065,4260
"10327",4845,969,3876
"10328",5335,1067,4268
"10329",4385,877,3508
"10330",4560,912,3648
"10331",4275,855,3420
"10332",5005,1001,4004
"10333",6665,1333,5332
"10334",5250,1050,4200
"10335",4100,820,3280
"10336",3435,687,2748
"10337",5145,1029,4116
"10338",4430,886,3544
"10339",4280,856,3424
"10340",5310,1062,4248
"10341",5380,1076,4304
"10342",4325,865,3460
"10343",3980,796,3184
"10344",5300,1060,4240
"10345",4280,856,3424
"10346",4445,889,3556
"10347",4170,834,3336
"10348",4270,854,3416
"10349",6130,1226,4904
"10350",4210,842,3368
"10351",4495,899,3596
"10352",6665,1333,5332
"10353",3870,774,3096
"10354",4960,992,3968
"10355",3900,780,3120
"10356",6365,1273,5092
"10357",4260,852,3408
"10358",4630,926,3704
"10359",5565,1113,4452
"10360",5420,1084,4336
"10361",5265,1053,4212
"10362",4940,988,3952
"10363",3960,792,3168
"10364",4480,896,3584
"10365",4475,895,3580
"10366",5520,1104,4416
"10367",4845,969,3876
"10368",4790,958,3832
"10369",4635,927,3708
"10370",5305,1061,4244
"10371",3760,752,3008
"10372",5305,1061,4244
"10373",3890,778,3112
"10374",4955,991,3964
"10375",4005,801,3204
"10376",4015,803,3212
"10377",4605,921,3684
"10378",7260,1452,5808
"10379",5015,1003,4012
"10380",4285,857,3428
"10381",3715,743,2972
"10382",4850,970,3880
"10383",7175,1435,5740
"10384",5955,1191,4764
"10385",3900,780,3120
"10386",5225,1045,4180
"10387",3865,773,3092
"10388",5905,1181,4724
"10389",4595,919,3676
"10390",5200,1040,4160
"10391",4390,878,3512
"10392",3945,789,3156
"10393",4440,888,3552
"10394",4960,992,3968
"10395",3600,720,2880
"10396",5290,1058,4232
"10397",4165,833,3332
"10398",5395,1079,4316
"10399",4385,877,3508
"10400",4035,807,3228
"10401",4270,854,3416
"10402",5610,1122,4488
"10403",4290,858,3432
"10404",5045,1009,4036
"10405",5570,1114,4456
"10406",3980,796,3184
"10407",5825,1165,4660
"10408",4950,990,3960
"10409",4010,802,3208
"10410",5160,1032,4128
"10411",4355,871,3484
"10412",4695,939,3756
"10413",4500,900,3600
"10414",4725,945,3780
"10415",4885,977,3908
"10416",4680,936,3744
"10417",3880,776,3104
"10418",5375,1075,4300
"10419",5140,1028,4112
"10420",7940,1588,6352
"10421",4200,840,3360
"10422",4420,884,3536
"10423",4770,954,3816
"10424",4260,852,3408
"10425",4640,928,3712
"10426",5335,1067,4268
"10427",4175,835,3340
"10428",4275,855,3420
"10429",4080,816,3264
"10430",3875,775,3100
"10431",4580,916,3664
"10432",3985,797,3188
"10433",3670,734,2936
"10434",4805,961,3844
"10435",4200,840,3360
"10436",4345,869,3476
"10437",4400,880,3520
"10438",4325,865,3460
"10439",4630,926,3704
"10440",4330,866,3464
"10441",3810,762,3048
"10442",5905,1181,4724
"10443",3485,697,2788
"10444",5685,1137,4548
"10445",5005,1001,4004
"10446",4305,861,3444
"10447",3865,773,3092
"10448",3610,722,2888
"10449",5190,1038,4152
"10450",3840,768,3072
"10451",4520,904,3616
"10452",4685,937,3748
"10453",6170,1234,4936
"10454",5530,1106,4424
"10455",6920,1384,5536
"10456",4290,858,3432
"10457",4625,925,3700
"10458",3745,749,2996
"10459",4080,816,3264
"10460",4345,869,3476
"10461",4065,813,3252
"10462",4285,857,3428
"10463",4470,894,3576
"10464",4090,818,3272
"10465",4215,843,3372
"10466",4250,850,3400
"10467",4345,869,3476
"10468",4540,908,3632
"10469",5975,1195,4780
"10470",4980,996,3984
"10471",4655,931,3724
"10472",4475,895,3580
"10473",4940,988,3952
"10474",5060,1012,4048
"10475",6625,1325,5300
"10476",4595,919,3676
"10477",5065,1013,4052
"10478",4730,946,3784
"10479",5145,1029,4116
"10480",5940,1188,4752
"10481",3225,645,2580
"10482",4645,929,3716
"10483",8475,1695,6780
"10484",4060,812,3248
"10485",7050,1410,5640
"10486",5320,1064,4256
"10487",4110,822,3288
"10488",3530,706,2824
"10489",5615,1123,4492
"10490",4020,804,3216
"10491",4845,969,3876
"10492",3790,758,3032
"10493",4835,967,3868
"10494",5285,1057,4228
"10495",5735,1147,4588
"10496",4200,840,3360
"10497",6065,1213,4852
"10498",4580,916,3664
"10499",4105,821,3284
"10500",6365,1273,5092
"10501",5090,1018,4072
"10502",3915,783,3132
"10503",4945,989,3956
"10504",5565,1113,4452
"10505",5205,1041,4164
"10506",4680,936,3744
"10507",4390,878,3512
"10508",4025,805,3220
"10509",4000,800,3200
"10510",4025,805,3220
"10511",5460,1092,4368
"10512",4125,825,3300
"10513",3810,762,3048
"10514",4160,832,3328
"10515",6115,1223,4892
"10516",5430,1086,4344
"10517",4090,818,3272
"10518",4365,873,3492
"10519",4125,825,3300
"10520",3850,770,3080
"10521",4065,813,3252
"10522",4195,839,3356
"10523",4855,971,3884
"10524",6130,1226,4904
"10525",3790,758,3032
"10526",4400,880,3520
"10527",4320,864,3456
"10528",5890,1178,4712
"10529",4030,806,3224
"10530",6095,1219,4876
"10531",4665,933,3732
"10532",4040,808,3232
"10533",5310,1062,4248
"10534",5490,1098,4392
"10535",5215,1043,4172
"10536",4320,864,3456
"10537",5970,1194,4776
"10538",3945,789,3156
"10539",5480,1096,4384
"10540",5270,1054,4216
"10541",6275,1255,5020
"10542",4890,978,3912
"10543",4360,872,3488
"10544",4905,981,3924
"10545",4365,873,3492
"10546",4175,835,3340
"10547",5370,1074,4296
"10548",4760,952,3808
"10549",4175,835,3340
"10550",5050,1010,4040
"10551",4255,851,3404
"10552",4080,816,3264
"10553",3790,758,3032
"10554",4380,876,3504
"10555",5145,1029,4116
"10556",3130,626,2504
"10557",4340,868,3472
"10558",4570,914,3656
"10559",4310,862,3448
"10560",6330,1266,5064
"10561",3525,705,2820
"10562",4590,918,3672
"10563",4335,867,3468
"10564",4090,818,3272
"10565",4720,944,3776
"10566",4345,869,3476
"10567",3925,785,3140
"10568",4395,879,3516
"10569",4355,871,3484
"10570",4375,875,3500
"10571",5540,1108,4432
"10572",4300,860,3440
"10573",3645,729,2916
"10574",3475,695,2780
"10575",4540,908,3632
"10576",5875,1175,4700
"10577",4575,915,3660
"10578",5565,1113,4452
"10579",3935,787,3148
"10580",5030,1006,4024
"10581",4900,980,3920
"10582",5385,1077,4308
"10583",4020,804,3216
"10584",4130,826,3304
"10585",5190,1038,4152
"10586",4740,948,3792
"10587",4855,971,3884
"10588",5305,1061,4244
"10589",4415,883,3532
"10590",4515,903,3612
"10591",4285,857,3428
"10592",6080,1216,4864
"10593",3855,771,3084
"10594",4325,865,3460
"10595",6055,1211,4844
"10596",5705,1141,4564
"10597",4415,883,3532
"10598",4440,888,3552
"10599",7320,1464,5856
"10600",4580,916,3664
"10601",4100,820,3280
"10602",4755,951,3804
"10603",4275,855,3420
"10604",3830,766,3064
"10605",5565,1113,4452
"10606",4180,836,3344
"10607",5940,1188,4752
"10608",4175,835,3340
"10609",5220,1044,4176
"10610",4980,996,3984
"10611",5095,1019,4076
"10612",4650,930,3720
"10613",3580,716,2864
"10614",3310,662,2648
"10615",4060,812,3248
"10616",3935,787,3148
"10617",4460,892,3568
"10618",6810,1362,5448
"10619",4065,813,3252
"10620",4820,964,3856
"10621",6705,1341,5364
"10622",4335,867,3468
"10623",4035,807,3228
"10624",5045,1009,4036
"10625",5590,1118,4472
"10626",4810,962,3848
"10627",6080,1216,4864
"10628",6495,1299,5196
"10629",5285,1057,4228
"10630",4185,837,3348
"10631",5545,1109,4436
"10632",4345,869,3476
"10633",4110,822,3288
"10634",4520,904,3616
"10635",4615,923,3692
"10636",3915,783,3132
"10637",4245,849,3396
"10638",7825,1565,6260
"10639",4370,874,3496
"10640",4665,933,3732
"10641",4560,912,3648
"10642",5575,1115,4460
"10643",4280,856,3424
"10644",5270,1054,4216
"10645",4495,899,3596
"10646",3485,697,2788
"10647",4695,939,3756
"10648",5350,1070,4280
"10649",3550,710,2840
"10650",4830,966,3864
"10651",5045,1009,4036
"10652",4695,939,3756
"10653",4605,921,3684
"10654",5575,1115,4460
"10655",4155,831,3324
"10656",3925,785,3140
"10657",5205,1041,4164
"10658",4710,942,3768
"10659",3850,770,3080
"10660",3830,766,3064
"10661",4455,891,3564
"10662",3895,779,3116
"10663",4755,951,3804
"10664",4425,885,3540
"10665",6755,1351,5404
"10666",4120,824,3296
"10667",4340,868,3472
"10668",4860,972,3888
"10669",4480,896,3584
"10670",4415,883,3532
"10671",5390,1078,4312
"10672",5845,1169,4676
"10673",5305,1061,4244
"10674",4300,860,3440
"10675",7315,1463,5852
"10676",4640,928,3712
"10677",3820,764,3056
"10678",4850,970,3880
"10679",4095,819,3276
"10680",4510,902,3608
"10681",5180,1036,4144
"10682",3840,768,3072
"10683",5295,1059,4236
"10684",4940,988,3952
"10685",4995,999,3996
"10686",4410,882,3528
"10687",4245,849,3396
"10688",4785,957,3828
"10689",4820,964,3856
"10690",4880,976,3904
"10691",3945,789,3156
"10692",5030,1006,4024
"10693",6670,1334,5336
"10694",4040,808,3232
"10695",4070,814,3256
"10696",4855,971,3884
"10697",3640,728,2912
"10698",4615,923,3692
"10699",3665,733,2932
"10700",4395,879,3516
"10701",7805,1561,6244
"10702",4720,944,3776
"10703",4850,970,3880
"10704",4550,910,3640
"10705",4145,829,3316
"10706",4215,843,3372
"10707",5265,1053,4212
"10708",4525,905,3620
"10709",3980,796,3184
"10710",4685,937,3748
"10711",3930,786,3144
"10712",3960,792,3168
"10713",4000,800,3200
"10714",5065,1013,4052
"10715",4805,961,3844
"10716",4175,835,3340
"10717",5030,1006,4024
"10718",4415,883,3532
"10719",4365,873,3492
"10720",4330,866,3464
"10721",5160,1032,4128
"10722",3445,689,2756
"10723",5015,1003,4012
"10724",3860,772,3088
"10725",4025,805,3220
"10726",3920,784,3136
"10727",6425,1285,5140
"10728",4410,882,3528
"10729",5500,1100,4400
"10730",4910,982,3928
"10731",4200,840,3360
"10732",5250,1050,4200
"10733",5195,1039,4156
"10734",3900,780,3120
"10735",4960,992,3968
"10736",5045,1009,4036
"10737",5020,1004,4016
"10738",3645,729,2916
"10739",4160,832,3328
"10740",4330,866,3464
"10741",5275,1055,4220
"10742",4215,843,3372
"10743",5230,1046,4184
"10744",7540,1508,6032
"10745",5090,1018,4072
"10746",4005,801,3204
"10747",5865,1173,4692
"10748",5450,1090,4360
"10749",3755,751,3004
"10750",4005,801,3204
"10751",4525,905,3620
"10752",5485,1097,4388
"10753",4225,845,3380
"10754",3880,776,3104
"10755",5915,1183,4732
"10756",8275,1655,6620
"10757",4360,872,3488
"10758",4605,921,3684
"10759",4630,926,3704
"10760",4480,896,3584
"10761",5500,1100,4400
"10762",4605,921,3684
"10763",4885,977,3908
"10764",3940,788,3152
"10765",5900,1180,4720
"10766",4855,971,3884
"10767",4465,893,3572
"10768",5915,1183,4732
"10769",3705,741,2964
"10770",4050,810,3240
"10771",5485,1097,4388
"10772",4975,995,3980
"10773",4675,935,3740
"10774",5125,1025,4100
"10775",3690,738,2952
"10776",4635,927,3708
"10777",5595,1119,4476
"10778",5710,1142,4568
"10779",5495,1099,4396
"10780",4920,984,3936
"10781",4655,931,3724
"10782",3035,607,2428
"10783",4030,806,3224
"10784",4535,907,3628
"10785",3905,781,3124
"10786",4755,951,3804
"10787",3755,751,3004
"10788",3960,792,3168
"10789",5100,1020,4080
"10790",4380,876,3504
"10791",4235,847,3388
"10792",4445,889,3556
"10793",4145,829,3316
"10794",3965,793,3172
"10795",3920,784,3136
"10796",4540,908,3632
"10797",4855,971,3884
"10798",4935,987,3948
"10799",3140,628,2512
"10800",4715,943,3772
"10801",3540,708,2832
"10802",3920,784,3136
"10803",3975,795,3180
"10804",5520,1104,4416
"10805",5010,1002,4008
"10806",5845,1169,4676
"10807",4685,937,3748
"10808",4690,938,3752
"10809",4685,937,3748
"10810",4580,916,3664
"10811",5775,1155,4620
"10812",3990,798,3192
"10813",4170,834,3336
"10814",6800,1360,5440
"10815",4985,997,3988
"10816",5145,1029,4116
"10817",4845,969,3876
"10818",4915,983,3932
"10819",5325,1065,4260
"10820",5030,1006,4024
"10821",6470,1294,5176
"10822",6305,1261,5044
"10823",3865,773,3092
"10824",4625,925,3700
"10825",4010,802,3208
"10826",4540,908,3632
"10827",6200,1240,4960
"10828",4185,837,3348
"10829",5230,1046,4184
"10830",4540,908,3632
"10831",3865,773,3092
"10832",5065,1013,4052
"10833",4545,909,3636
"10834",5035,1007,4028
"10835",5815,1163,4652
"10836",5365,1073,4292
"10837",5325,1065,4260
"10838",5055,1011,4044
"10839",5935,1187,4748
"10840",6080,1216,4864
"10841",4110,822,3288
"10842",5655,1131,4524
"10843",4510,902,3608
"10844",4410,882,3528
"10845",4200,840,3360
"10846",4945,989,3956
"10847",4645,929,3716
"10848",4060,812,3248
"10849",4775,955,3820
"10850",6400,1280,5120
"10851",5775,1155,4620
"10852",7260,1452,5808
"10853",4770,954,3816
"10854",5205,1041,4164
"10855",4745,949,3796
"10856",4265,853,3412
"10857",4315,863,3452
"10858",5200,1040,4160
"10859",4210,842,3368
"10860",5100,1020,4080
"10861",3920,784,3136
"10862",3895,779,3116
"10863",4615,923,3692
"10864",6220,1244,4976
"10865",5815,1163,4652
"10866",5075,1015,4060
"10867",5075,1015,4060
"10868",3720,744,2976
"10869",6755,1351,5404
"10870",5635,1127,4508
"10871",3985,797,3188
"10872",5640,1128,4512
"10873",4915,983,3932
"10874",4505,901,3604
"10875",3925,785,3140
"10876",5290,1058,4232
"10877",4270,854,3416
"10878",4630,926,3704
"10879",4585,917,3668
"10880",3100,620,2480
"10881",4440,888,3552
"10882",4770,954,3816
"10883",6375,1275,5100
"10884",4385,877,3508
"10885",4485,897,3588
"10886",4080,816,3264
"10887",6115,1223,4892
"10888",4500,900,3600
"10889",6115,1223,4892
"10890",4865,973,3892
"10891",5540,1108,4432
"10892",4850,970,3880
"10893",4675,935,3740
"10894",4680,936,3744
"10895",4120,824,3296
"10896",6275,1255,5020
"10897",4490,898,3592
"10898",4400,880,3520
"10899",4015,803,3212
"10900",5080,1016,4064
"10901",4515,903,3612
"10902",3950,790,3160
"10903",4105,821,3284
"10904",4795,959,3836
"10905",5170,1034,4136
"10906",4095,819,3276
"10907",5400,1080,4320
"10908",3710,742,2968
"10909",3795,759,3036
"10910",4450,890,3560
"10911",4920,984,3936
"10912",7300,1460,5840
"10913",4730,946,3784
"10914",5470,1094,4376
"10915",5100,1020,4080
"10916",5060,1012,4048
"10917",5935,1187,4748
"10918",4400,880,3520
"10919",4170,834,3336
"10920",5425,1085,4340
"10921",4035,807,3228
"10922",4235,847,3388
"10923",3605,721,2884
"10924",6130,1226,4904
"10925",5930,1186,4744
"10926",3955,791,3164
"10927",3535,707,2828
"10928",4370,874,3496
"10929",4585,917,3668
"10930",4210,842,3368
"10931",4340,868,3472
"10932",4355,871,3484
"10933",5055,1011,4044
"10934",7335,1467,5868
"10935",4855,971,3884
"10936",5625,1125,4500
"10937",4835,967,3868
"10938",4460,892,3568
"10939",5645,1129,4516
"10940",5070,1014,4056
"10941",4770,954,3816
"10942",4780,956,3824
"10943",5085,1017,4068
"10944",5990,1198,4792
"10945",4090,818,3272
"10946",3970,794,3176
"10947",3750,750,3000
"10948",4975,995,3980
"10949",3805,761,3044
"10950",3550,710,2840
"10951",6895,1379,5516
"10952",5660,1132,4528
"10953",3810,762,3048
"10954",4015,803,3212
"10955",3790,758,3032
"10956",3980,796,3184
"10957",3825,765,3060
"10958",4105,821,3284
"10959",4770,954,3816
"10960",4295,859,3436
"10961",5150,1030,4120
"10962",5055,1011,4044
"10963",6085,1217,4868
"10964",4415,883,3532
"10965",4330,866,3464
"10966",3805,761,3044
"10967",5570,1114,4456
"10968",3700,740,2960
"10969",6555,1311,5244
"10970",4295,859,3436
"10971",3945,789,3156
"10972",5805,1161,4644
"10973",4170,834,3336
"10974",3845,769,3076
"10975",5435,1087,4348
"10976",4760,952,3808
"10977",4275,855,3420
"10978",4325,865,3460
"10979",4135,827,3308
"10980",4570,914,3656
"10981",4640,928,3712
"10982",5650,1130,4520
"10983",3455,691,2764
"10984",3555,711,2844
"10985",4765,953,3812
"10986",6445,1289,5156
"10987",4840,968,3872
"10988",3585,717,2868
"10989",5250,1050,4200
"10990",4245,849,3396
"10991",6140,1228,4912
"10992",5715,1143,4572
"10993",4175,835,3340
"10994",6260,1252,5008
"10995",4335,867,3468
"10996",4980,996,3984
"10997",4375,875,3500
"10998",5300,1060,4240
"10999",3975,795,3180
"11000",4745,949,3796
"11001",5075,1015,4060
"11002",4395,879,3516
"11003",4185,837,3348
"11004",3650,730,2920
"11005",4475,895,3580
"11006",3765,753,3012
"11007",4985,997,3988
"11008",4255,851,3404
"11009",5620,1124,4496
"11010",4150,830,3320
"11011",4880,976,3904
"11012",4085,817,3268
"11013",4025,805,3220
"11014",3740,748,2992
"11015",7670,1534,6136
"11016",4665,933,3732
"11017",5870,1174,4696
"11018",3875,775,3100
"11019",5070,1014,4056
"11020",5505,1101,4404
"11021",4010,802,3208
"11022",4885,977,3908
"11023",3125,625,2500
"11024",3940,788,3152
"11025",3960,792,3168
"11026",4435,887,3548
"11027",3580,716,2864
"11028",4695,939,3756
"11029",3610,722,2888
"11030",4475,895,3580
"11031",4540,908,3632
"11032",3950,790,3160
"11033",4670,934,3736
"11034",3870,774,3096
"11035",5505,1101,4404
"11036",4950,990,3960
"11037",3875,775,3100
"11038",4360,872,3488
"11039",3710,742,2968
"11040",5910,1182,4728
"11041",7420,1484,5936
"11042",4045,809,3236
"11043",5660,1132,4528
"11044",4415,883,3532
"11045",5995,1199,4796
"11046",5125,1025,4100
"11047",3670,734,2936
"11048",6785,1357,5428
"11049",5005,1001,4004
"11050",4910,982,3928
"11051",5345,1069,4276
"11052",3925,785,3140
"11053",4415,883,3532
"11054",4900,980,3920
"11055",5180,1036,4144
"11056",5285,1057,4228
"11057",4455,891,3564
"11058",5410,1082,4328
"11059",4430,886,3544
"11060",4520,904,3616
"11061",3965,793,3172
"11062",4710,942,3768
"11063",4280,856,3424
"11064",4205,841,3364
"11065",4135,827,3308
"11066",4045,809,3236
"11067",5865,1173,4692
"11068",4060,812,3248
"11069",4745,949,3796
"11070",4930,986,3944
"11071",3870,774,3096
"11072",4535,907,3628
"11073",6705,1341,5364
"11074",4095,819,3276
"11075",3860,772,3088
"11076",4640,928,3712
"11077",4705,941,3764
"11078",4695,939,3756
"11079",4295,859,3436
"11080",5675,1135,4540
"11081",3935,787,3148
"11082",5110,1022,4088
"11083",3930,786,3144
"11084",4730,946,3784
"11085",4925,985,3940
"11086",7310,1462,5848
"11087",4805,961,3844
"11088",7000,1400,5600
"11089",3625,725,2900
"11090",3890,778,3112
"11091",3805,761,3044
"11092",4005,801,3204
"11093",6090,1218,4872
"11094",3935,787,3148
"11095",3880,776,3104
"11096",3890,778,3112
"11097",4880,976,3904
"11098",5240,1048,4192
"11099",3780,756,3024
"11100",4870,974,3896
"11101",3815,763,3052
"11102",5200,1040,4160
"11103",4035,807,3228
"11104",5455,1091,4364
"11105",5375,1075,4300
"11106",4480,896,3584
"11107",5235,1047,4188
"11108",5150,1030,4120
"11109",5625,1125,4500
"11110",8225,1645,6580
"11111",6250,1250,5000
"11112",5105,1021,4084
"11113",5095,1019,4076
"11114",4960,992,3968
"11115",4140,828,3312
"11116",5145,1029,4116
"11117",3720,744,2976
"11118",3820,764,3056
"11119",4725,945,3780
"11120",4845,969,3876
"11121",5610,1122,4488
"11122",4645,929,3716
"11123",3675,735,2940
"11124",4260,852,3408
"11125",3405,681,2724
"11126",7590,1518,6072
"11127",4600,920,3680
"11128",4400,880,3520
"11129",4025,805,3220
"11130",4920,984,3936
"11131",5010,1002,4008
"11132",5555,1111,4444
"11133",5385,1077,4308
"11134",4620,924,3696
"11135",3615,723,2892
"11136",4485,897,3588
"11137",4705,941,3764
"11138",4050,810,3240
"11139",4620,924,3696
"11140",4705,941,3764
"11141",4575,915,3660
"11142",5050,1010,4040
"11143",6385,1277,5108
"11144",3620,724,2896
"11145",4305,861,3444
"11146",4705,941,3764
"11147",6635,1327,5308
"11148",4210,842,3368
"11149",4285,857,3428
"11150",5090,1018,4072
"11151",4380,876,3504
"11152",5025,1005,4020
"11153",6535,1307,5228
"11154",5235,1047,4188
"11155",4875,975,3900
"11156",5135,1027,4108
"11157",3795,759,3036
"11158",5195,1039,4156
"11159",4205,841,3364
"11160",4265,853,3412
"11161",4135,827,3308
"11162",4790,958,3832
"11163",5575,1115,4460
"11164",3855,771,3084
"11165",5555,1111,4444
"11166",6310,1262,5048
"11167",4955,991,3964
"11168",4860,972,3888
"11169",5615,1123,4492
"11170",3570,714,2856
"11171",6065,1213,4852
"11172",4635,927,3708
"11173",3330,666,2664
"11174",4725,945,3780
"11175",4110,822,3288
"11176",4275,855,3420
"11177",5375,1075,4300
"11178",5920,1184,4736
"11179",6390,1278,5112
"11180",5515,1103,4412
"11181",4585,917,3668
"11182",5820,1164,4656
"11183",5280,1056,4224
"11184",5105,1021,4084
"11185",5025,1005,4020
"11186",5655,1131,4524
"11187",3225,645,2580
"11188",5050,1010,4040
"11189",4555,911,3644
"11190",4320,864,3456
"11191",3225,645,2580
"11192",4730,946,3784
"11193",4895,979,3916
"11194",6850,1370,5480
"11195",3860,772,3088
"11196",4140,828,3312
"11197",4780,956,3824
"11198",5010,1002,4008
"11199",4755,951,3804
"11200",5015,1003,4012
"11201",3990,798,3192
"11202",3430,686,2744
"11203",5595,1119,4476
"11204",6430,1286,5144
"11205",4610,922,3688
"11206",6250,1250,5000
"11207",4315,863,3452
"11208",3375,675,2700
"11209",4660,932,3728
"11210",5240,1048,4192
"11211",3625,725,2900
"11212",4850,970,3880
"11213",4840,968,3872
"11214",4175,835,3340
"11215",3775,755,3020
"11216",6220,1244,4976
"11217",3755,751,3004
"11218",4030,806,3224
"11219",4285,857,3428
"11220",4790,958,3832
"11221",4980,996,3984
"11222",3770,754,3016
"11223",4015,803,3212
"11224",4535,907,3628
"11225",4540,908,3632
"11226",3860,772,3088
"11227",4055,811,3244
"11228",3965,793,3172
"11229",5450,1090,4360
"11230",4315,863,3452
"11231",5235,1047,4188
"11232",4620,924,3696
"11233",4650,930,3720
"11234",6060,1212,4848
"11235",3450,690,2760
"11236",3510,702,2808
"11237",4755,951,3804
"11238",7595,1519,6076
"11239",4505,901,3604
"11240",4775,955,3820
"11241",3905,781,3124
"11242",4350,870,3480
"11243",3705,741,2964
"11244",5030,1006,4024
"11245",4245,849,3396
"11246",4950,990,3960
"11247",3530,706,2824
"11248",4685,937,3748
"11249",4085,817,3268
"11250",4585,917,3668
"11251",6400,1280,5120
"11252",4085,817,3268
"11253",3965,793,3172
"11254",5080,1016,4064
"11255",4895,979,3916
"11256",3970,794,3176
"11257",4045,809,3236
"11258",3785,757,3028
"11259",5450,1090,4360
"11260",4545,909,3636
"11261",6145,1229,4916
"11262",5260,1052,4208
"11263",6240,1248,4992
"11264",4035,807,3228
"11265",5255,1051,4204
"11266",4295,859,3436
"11267",3685,737,2948
"11268",4140,828,3312
"11269",5290,1058,4232
"11270",6535,1307,5228
"11271",3985,797,3188
"11272",3610,722,2888
"11273",3915,783,3132
"11274",3765,753,3012
"11275",5050,1010,4040
"11276",4215,843,3372
"11277",4360,872,3488
"11278",7625,1525,6100
"11279",5745,1149,4596
"11280",5080,1016,4064
"11281",8460,1692,6768
"11282",4805,961,3844
"11283",4505,901,3604
"11284",3590,718,2872
"11285",5020,1004,4016
"11286",4930,986,3944
"11287",6480,1296,5184
"11288",4620,924,3696
"11289",5545,1109,4436
"11290",4305,861,3444
"11291",5195,1039,4156
"11292",4160,832,3328
"11293",4130,826,3304
"11294",5430,1086,4344
"11295",4475,895,3580
"11296",4350,870,3480
"11297",6260,1252,5008
"11298",3995,799,3196
"11299",5595,1119,4476
"11300",4915,983,3932
"11301",4085,817,3268
"11302",4270,854,3416
"11303",3830,766,3064
"11304",4290,858,3432
"11305",6630,1326,5304
"11306",3460,692,2768
"11307",4370,874,3496
"11308",4100,820,3280
"11309",5170,1034,4136
"11310",4700,940,3760
"11311",5220,1044,4176
"11312",3715,743,2972
"11313",4520,904,3616
"11314",4440,888,3552
"11315",3535,707,2828
"11316",5600,1120,4480
"11317",4375,875,3500
"11318",4345,869,3476
"11319",5140,1028,4112
"11320",4680,936,3744
"11321",5840,1168,4672
"11322",4120,824,3296
"11323",5425,1085,4340
"11324",5005,1001,4004
"11325",4700,940,3760
"11326",4150,830,3320
"11327",5930,1186,4744
"11328",4835,967,3868
"11329",5815,1163,4652
"11330",5725,1145,4580
"11331",5380,1076,4304
"11332",4060,812,3248
"11333",3760,752,3008
"11334",5460,1092,4368
"11335",5200,1040,4160
"11336",3435,687,2748
"11337",4540,908,3632
"11338",6160,1232,4928
"11339",3765,753,3012
"11340",6235,1247,4988
"11341",5070,1014,4056
"11342",4520,904,3616
"11343",4875,975,3900
"11344",4090,818,3272
"11345",4335,867,3468
"11346",4775,955,3820
"11347",4465,893,3572
"11348",5550,1110,4440
"11349",6090,1218,4872
"11350",7920,1584,6336
"11351",4000,800,3200
"11352",6350,1270,5080
"11353",4555,911,3644
"11354",5675,1135,4540
"11355",5105,1021,4084
"11356",3950,790,3160
"11357",3690,738,2952
"11358",4635,927,3708
"11359",5300,1060,4240
"11360",5980,1196,4784
"11361",3370,674,2696
"11362",4905,981,3924
"11363",3795,759,3036
"11364",6360,1272,5088
"11365",3570,714,2856
"11366",4105,821,3284
"11367",4275,855,3420
"11368",5285,1057,4228
"11369",3255,651,2604
"11370",5400,1080,4320
"11371",3850,770,3080
"11372",4260,852,3408
"11373",5100,1020,4080
"11374",4975,995,3980
"11375",4605,921,3684
"11376",3360,672,2688
"11377",4745,949,3796
"11378",5365,1073,4292
"11379",4820,964,3856
"11380",7405,1481,5924
"11381",4310,862,3448
"11382",6520,1304,5216
"11383",4005,801,3204
"11384",4800,960,3840
"11385",3345,669,2676
"11386",4615,923,3692
"11387",3950,790,3160
"11388",3765,753,3012
"11389",5865,1173,4692
"11390",5520,1104,4416
"11391",4325,865,3460
"11392",5695,1139,4556
"11393",4160,832,3328
"11394",3965,793,3172
"11395",5030,1006,4024
"11396",4015,803,3212
"11397",5570,1114,4456
"11398",4270,854,3416
"11399",4315,863,3452
"11400",3675,735,2940
"11401",3475,695,2780
"11402",6190,1238,4952
"11403",4550,910,3640
"11404",4750,950,3800
"11405",5460,1092,4368
"11406",4250,850,3400
"11407",6215,1243,4972
"11408",4800,960,3840
"11409",4070,814,3256
"11410",4530,906,3624
"11411",4295,859,3436
"11412",5145,1029,4116
"11413",4565,913,3652
"11414",5075,1015,4060
"11415",3550,710,2840
"11416",4510,902,3608
"11417",4045,809,3236
"11418",4055,811,3244
"11419",5185,1037,4148
"11420",5165,1033,4132
"11421",4905,981,3924
"11422",4925,985,3940
"11423",3955,791,3164
"11424",5575,1115,4460
"11425",4650,930,3720
"11426",4975,995,3980
"11427",3990,798,3192
"11428",4850,970,3880
"11429",4400,880,3520
"11430",4940,988,3952
"11431",5730,1146,4584
"11432",4110,822,3288
"11433",6330,1266,5064
"11434",4345,869,3476
"11435",3875,775,3100
"11436",6295,1259,5036
"11437",3465,693,2772
"11438",4055,811,3244
"11439",3705,741,2964
"11440",5085,1017,4068
"11441",5220,1044,4176
"11442",6145,1229,4916
"11443",5055,1011,4044
"11444",3480,696,2784
"11445",4820,964,3856
"11446",4215,843,3372
"11447",4430,886,3544
"11448",4720,944,3776
"11449",4775,955,3820
"11450",5110,1022,4088
"11451",3680,736,2944
"11452",3965,793,3172
"11453",3790,758,3032
"11454",6140,1228,4912
"11455",5365,1073,4292
"11456",4215,843,3372
"11457",3935,787,3148
"11458",4825,965,3860
"11459",6975,1395,5580
"11460",5625,1125,4500
"11461",3690,738,2952
"11462",6345,1269,5076
"11463",4280,856,3424
"11464",5080,1016,4064
"11465",4265,853,3412
"11466",4180,836,3344
"11467",5985,1197,4788
"11468",4010,802,3208
"11469",5565,1113,4452
"11470",4340,868,3472
"11471",4575,915,3660
"11472",5115,1023,4092
"11473",3935,787,3148
"11474",3440,688,2752
"11475",4930,986,3944
"11476",4240,848,3392
"11477",5965,1193,4772
"11478",4480,896,3584
"11479",5005,1001,4004
"11480",5795,1159,4636
"11481",5255,1051,4204
"11482",5725,1145,4580
"11483",3825,765,3060
"11484",4015,803,3212
"11485",6145,1229,4916
"11486",4435,887,3548
"11487",4995,999,3996
"11488",3625,725,2900
"11489",4925,985,3940
"11490",4925,985,3940
"11491",5970,1194,4776
"11492",5230,1046,4184
"11493",4275,855,3420
"11494",3905,781,3124
"11495",3685,737,2948
"11496",6305,1261,5044
"11497",5490,1098,4392
"11498",5920,1184,4736
"11499",3965,793,3172
"11500",4630,926,3704
"11501",4125,825,3300
"11502",5005,1001,4004
"11503",4160,832,3328
"11504",5000,1000,4000
"11505",4360,872,3488
"11506",5465,1093,4372
"11507",5215,1043,4172
"11508",6820,1364,5456
"11509",4255,851,3404
"11510",6550,1310,5240
"11511",4080,816,3264
"11512",5035,1007,4028
"11513",4260,852,3408
"11514",4000,800,3200
"11515",4540,908,3632
"11516",4110,822,3288
"11517",4235,847,3388
"11518",3460,692,2768
"11519",5595,1119,4476
"11520",4625,925,3700
"11521",6835,1367,5468
"11522",3560,712,2848
"11523",4320,864,3456
"11524",4975,995,3980
"11525",3425,685,2740
"11526",4505,901,3604
"11527",4050,810,3240
"11528",5860,1172,4688
"11529",4890,978,3912
"11530",3915,783,3132
"11531",4800,960,3840
"11532",4010,802,3208
"11533",5170,1034,4136
"11534",3235,647,2588
"11535",4485,897,3588
"11536",6255,1251,5004
"11537",3960,792,3168
"11538",4295,859,3436
"11539",4850,970,3880
"11540",4635,927,3708
"11541",5300,1060,4240
"11542",3100,620,2480
"11543",5065,1013,4052
"11544",3795,759,3036
"11545",4200,840,3360
"11546",4695,939,3756
"11547",4690,938,3752
"11548",4205,841,3364
"11549",4410,882,3528
"11550",4015,803,3212
"11551",4100,820,3280
"11552",4440,888,3552
"11553",4065,813,3252
"11554",7245,1449,5796
"11555",4460,892,3568
"11556",4630,926,3704
"11557",6395,1279,5116
"11558",5340,1068,4272
"11559",4010,802,3208
"11560",3980,796,3184
"11561",3825,765,3060
"11562",3940,788,3152
"11563",3930,786,3144
"11564",3515,703,2812
"11565",3990,798,3192
"11566",4160,832,3328
"11567",4725,945,3780
"11568",4885,977,3908
"11569",5080,1016,4064
"11570",4480,896,3584
"11571",3455,691,2764
"11572",4340,868,3472
"11573",5265,1053,4212
"11574",3490,698,2792
"11575",6130,1226,4904
"11576",5525,1105,4420
"11577",5400,1080,4320
"11578",4415,883,3532
"11579",3690,738,2952
"11580",4245,849,3396
"11581",4880,976,3904
"11582",4325,865,3460
"11583",6250,1250,5000
"11584",5710,1142,4568
"11585",4255,851,3404
"11586",3945,789,3156
"11587",2995,599,2396
"11588",5390,1078,4312
"11589",4560,912,3648
"11590",4330,866,3464
"11591",5320,1064,4256
"11592",4065,813,3252
"11593",6920,1384,5536
"11594",3935,787,3148
"11595",3975,795,3180
"11596",5005,1001,4004
"11597",4360,872,3488
"11598",4300,860,3440
"11599",5085,1017,4068
"11600",5285,1057,4228
"11601",5980,1196,4784
"11602",4410,882,3528
"11603",3330,666,2664
"11604",4235,847,3388
"11605",5840,1168,4672
"11606",4920,984,3936
"11607",5015,1003,4012
"11608",5225,1045,4180
"11609",4200,840,3360
"11610",3845,769,3076
"11611",5885,1177,4708
"11612",4345,869,3476
"11613",4395,879,3516
"11614",5355,1071,4284
"11615",4035,807,3228
"11616",6470,1294,5176
"11617",3980,796,3184
"11618",4285,857,3428
"11619",7665,1533,6132
"11620",4580,916,3664
"11621",3610,722,2888
"11622",6300,1260,5040
"11623",3700,740,2960
"11624",6965,1393,5572
"11625",4815,963,3852
"11626",4105,821,3284
"11627",3990,798,3192
"11628",4755,951,3804
"11629",4710,942,3768
"11630",4205,841,3364
"11631",4110,822,3288
"11632",4585,917,3668
"11633",5355,1071,4284
"11634",4270,854,3416
"11635",4290,858,3432
"11636",5280,1056,4224
"11637",4740,948,3792
"11638",4475,895,3580
"11639",4315,863,3452
"11640",4125,825,3300
"11641",4235,847,3388
"11642",4265,853,3412
"11643",4775,955,3820
"11644",5405,1081,4324
"11645",4040,808,3232
"11646",4485,897,3588
"11647",4050,810,3240
"11648",4080,816,3264
"11649",5165,1033,4132
"11650",5400,1080,4320
"11651",4020,804,3216
"11652",4210,842,3368
"11653",5580,1116,4464
"11654",5670,1134,4536
"11655",4260,852,3408
"11656",4190,838,3352
"11657",4475,895,3580
"11658",4275,855,3420
"11659",9115,1823,7292
"11660",4345,869,3476
"11661",5650,1130,4520
"11662",3760,752,3008
"11663",5325,1065,4260
"11664",6020,1204,4816
"11665",3575,715,2860
"11666",3960,792,3168
"11667",3495,699,2796
"11668",6330,1266,5064
"11669",5770,1154,4616
"11670",4905,981,3924
"11671",4475,895,3580
"11672",4275,855,3420
"11673",4885,977,3908
"11674",6115,1223,4892
"11675",5690,1138,4552
"11676",6455,1291,5164
"11677",3745,749,2996
"11678",5390,1078,4312
"11679",4230,846,3384
"11680",4500,900,3600
"11681",3905,781,3124
"11682",3530,706,2824
"11683",4235,847,3388
"11684",5065,1013,4052
"11685",3855,771,3084
"11686",3760,752,3008
"11687",3645,729,2916
"11688",4080,816,3264
"11689",3865,773,3092
"11690",3755,751,3004
"11691",3910,782,3128
"11692",5215,1043,4172
"11693",4625,925,3700
"11694",4855,971,3884
"11695",4855,971,3884
"11696",4240,848,3392
"11697",4310,862,3448
"11698",4945,989,3956
"11699",4130,826,3304
"11700",4130,826,3304
"11701",4500,900,3600
"11702",4440,888,3552
"11703",3480,696,2784
"11704",7995,1599,6396
"11705",5350,1070,4280
"11706",4540,908,3632
"11707",4060,812,3248
"11708",4410,882,3528
"11709",6170,1234,4936
"11710",4920,984,3936
"11711",3970,794,3176
"11712",6070,1214,4856
"11713",4495,899,3596
"11714",3850,770,3080
"11715",5050,1010,4040
"11716",5055,1011,4044
"11717",4375,875,3500
"11718",4305,861,3444
"11719",6175,1235,4940
"11720",4495,899,3596
"11721",4090,818,3272
"11722",5270,1054,4216
"11723",4555,911,3644
"11724",5170,1034,4136
"11725",4485,897,3588
"11726",5295,1059,4236
"11727",4430,886,3544
"11728",6040,1208,4832
"11729",3135,627,2508
"11730",6030,1206,4824
"11731",3980,796,3184
"11732",5775,1155,4620
"11733",4720,944,3776
"11734",4705,941,3764
"11735",3705,741,2964
"11736",3865,773,3092
"11737",6635,1327,5308
"11738",4685,937,3748
"11739",5260,1052,4208
"11740",6090,1218,4872
"11741",4195,839,3356
"11742",4400,880,3520
"11743",5135,1027,4108
"11744",4855,971,3884
"11745",4480,896,3584
"11746",4645,929,3716
"11747",5015,1003,4012
"11748",3860,772,3088
"11749",4845,969,3876
"11750",4345,869,3476
"11751",6580,1316,5264
"11752",4815,963,3852
"11753",4965,993,3972
"11754",4680,936,3744
"11755",5795,1159,4636
"11756",4585,917,3668
"11757",4705,941,3764
"11758",4385,877,3508
"11759",4355,871,3484
"11760",6035,1207,4828
"11761",4110,822,3288
"11762",3685,737,2948
"11763",4395,879,3516
"11764",5860,1172,4688
"11765",6040,1208,4832
"11766",4200,840,3360
"11767",4880,976,3904
"11768",4385,877,3508
"11769",3845,769,3076
"11770",4005,801,3204
"11771",6230,1246,4984
"11772",3560,712,2848
"11773",4685,937,3748
"11774",6065,1213,4852
"11775",4460,892,3568
"11776",4460,892,3568
"11777",3995,799,3196
"11778",4810,962,3848
"11779",4175,835,3340
"11780",4275,855,3420
"11781",5245,1049,4196
"11782",4325,865,3460
"11783",4815,963,3852
"11784",4160,832,3328
"11785",4655,931,3724
"11786",3675,735,2940
"11787",3870,774,3096
"11788",4740,948,3792
"11789",4850,970,3880
"11790",4695,939,3756
"11791",6615,1323,5292
"11792",4715,943,3772
"11793",3705,741,2964
"11794",4355,871,3484
"11795",3975,795,3180
"11796",3550,710,2840
"11797",5300,1060,4240
"11798",4755,951,3804
"11799",5605,1121,4484
"11800",3830,766,3064
"11801",4915,983,3932
"11802",7190,1438,5752
"11803",6565,1313,5252
"11804",4405,881,3524
"11805",4330,866,3464
"11806",4560,912,3648
"11807",5095,1019,4076
"11808",4630,926,3704
"11809",6015,1203,4812
"11810",4150,830,3320
"11811",4205,841,3364
"11812",4925,985,3940
"11813",5075,1015,4060
"11814",3850,770,3080
"11815",3580,716,2864
"11816",4320,864,3456
"11817",4360,872,3488
"11818",4795,959,3836
"11819",4695,939,3756
"11820",3700,740,2960
"11821",5065,1013,4052
"11822",4005,801,3204
"11823",4370,874,3496
"11824",6665,1333,5332
"11825",3505,701,2804
"11826",4560,912,3648
"11827",6325,1265,5060
"11828",4300,860,3440
"11829",4680,936,3744
"11830",6150,1230,4920
"11831",5755,1151,4604
"11832",4270,854,3416
"11833",4590,918,3672
"11834",4795,959,3836
"11835",5740,1148,4592
"11836",4035,807,3228
"11837",4620,924,3696
"11838",4275,855,3420
"11839",6180,1236,4944
"11840",4665,933,3732
"11841",4970,994,3976
"11842",3520,704,2816
"11843",4455,891,3564
"11844",4050,810,3240
"11845",3730,746,2984
"11846",3920,784,3136
"11847",3765,753,3012
"11848",3960,792,3168
"11849",4855,971,3884
"11850",4780,956,3824
"11851",4870,974,3896
"11852",6510,1302,5208
"11853",4880,976,3904
"11854",5665,1133,4532
"11855",4040,808,3232
"11856",3255,651,2604
"11857",3840,768,3072
"11858",5100,1020,4080
"11859",5060,1012,4048
"11860",5945,1189,4756
"11861",3800,760,3040
"11862",4420,884,3536
"11863",4200,840,3360
"11864",4680,936,3744
"11865",5020,1004,4016
"11866",4610,922,3688
"11867",4340,868,3472
"11868",4525,905,3620
"11869",4755,951,3804
"11870",4700,940,3760
"11871",6515,1303,5212
"11872",4400,880,3520
"11873",4190,838,3352
"11874",4775,955,3820
"11875",4940,988,3952
"11876",4425,885,3540
"11877",3630,726,2904
"11878",6075,1215,4860
"11879",4525,905,3620
"11880",5010,1002,4008
"11881",4130,826,3304
"11882",3530,706,2824
"11883",4420,884,3536
"11884",4830,966,3864
"11885",5440,1088,4352
"11886",3440,688,2752
"11887",3700,740,2960
"11888",4350,870,3480
"11889",4315,863,3452
"11890",4475,895,3580
"11891",6405,1281,5124
"11892",5110,1022,4088
"11893",4035,807,3228
"11894",5045,1009,4036
"11895",3845,769,3076
"11896",3975,795,3180
"11897",3970,794,3176
"11898",4935,987,3948
"11899",5560,1112,4448
"11900",5420,1084,4336
"11901",3795,759,3036
"11902",3890,778,3112
"11903",5020,1004,4016
"11904",5345,1069,4276
"11905",5220,1044,4176
"11906",5225,1045,4180
"11907",4855,971,3884
"11908",5570,1114,4456
"11909",4590,918,3672
"11910",4720,944,3776
"11911",3930,786,3144
"11912",4910,982,3928
"11913",3335,667,2668
"11914",4185,837,3348
"11915",4045,809,3236
"11916",3685,737,2948
"11917",5665,1133,4532
"11918",4525,905,3620
"11919",4590,918,3672
"11920",4610,922,3688
"11921",5520,1104,4416
"11922",5830,1166,4664
"11923",3605,721,2884
"11924",4620,924,3696
"11925",4020,804,3216
"11926",5185,1037,4148
"11927",4965,993,3972
"11928",5765,1153,4612
"11929",4030,806,3224
"11930",5240,1048,4192
"11931",4230,846,3384
"11932",6605,1321,5284
"11933",4955,991,3964
"11934",5415,1083,4332
"11935",6025,1205,4820
"11936",5260,1052,4208
"11937",6060,1212,4848
"11938",4540,908,3632
"11939",4975,995,3980
"11940",5840,1168,4672
"11941",4950,990,3960
"11942",4050,810,3240
"11943",4255,851,3404
"11944",3775,755,3020
"11945",5530,1106,4424
"11946",3950,790,3160
"11947",4245,849,3396
"11948",3945,789,3156
"11949",5315,1063,4252
"11950",4295,859,3436
"11951",4550,910,3640
"11952",4585,917,3668
"11953",5560,1112,4448
"11954",4605,921,3684
"11955",4185,837,3348
"11956",5240,1048,4192
"11957",5400,1080,4320
"11958",4150,830,3320
"11959",7300,1460,5840
"11960",4980,996,3984
"11961",4910,982,3928
"11962",5200,1040,4160
"11963",3965,793,3172
"11964",5830,1166,4664
"11965",4750,950,3800
"11966",4480,896,3584
"11967",4365,873,3492
"11968",4405,881,3524
"11969",4675,935,3740
"11970",6075,1215,4860
"11971",4080,816,3264
"11972",4045,809,3236
"11973",4310,862,3448
"11974",4725,945,3780
"11975",5895,1179,4716
"11976",4835,967,3868
"11977",7085,1417,5668
"11978",4690,938,3752
"11979",3900,780,3120
"11980",4405,881,3524
"11981",4245,849,3396
"11982",5845,1169,4676
"11983",4720,944,3776
"11984",4805,961,3844
"11985",5555,1111,4444
"11986",4990,998,3992
"11987",5595,1119,4476
"11988",4085,817,3268
"11989",3615,723,2892
"11990",5450,1090,4360
"11991",3360,672,2688
"11992",5215,1043,4172
"11993",4730,946,3784
"11994",3745,749,2996
"11995",5070,1014,4056
"11996",4630,926,3704
"11997",3775,755,3020
"11998",4725,945,3780
"11999",6405,1281,5124
"12000",3420,684,2736
"12001",6720,1344,5376
"12002",3830,766,3064
"12003",5040,1008,4032
"12004",5380,1076,4304
"12005",5685,1137,4548
"12006",3975,795,3180
"12007",4115,823,3292
"12008",3995,799,3196
"12009",4930,986,3944
"12010",4905,981,3924
"12011",4930,986,3944
"12012",3470,694,2776
"12013",4660,932,3728
"12014",4360,872,3488
"12015",3885,777,3108
"12016",6175,1235,4940
"12017",3935,787,3148
"12018",5580,1116,4464
"12019",5350,1070,4280
"12020",4165,833,3332
"12021",3930,786,3144
"12022",3800,760,3040
"12023",4090,818,3272
"12024",4340,868,3472
"12025",4060,812,3248
"12026",4725,945,3780
"12027",3875,775,3100
"12028",4100,820,3280
"12029",5010,1002,4008
"12030",4920,984,3936
"12031",7185,1437,5748
"12032",3805,761,3044
"12033",4815,963,3852
"12034",4225,845,3380
"12035",3865,773,3092
"12036",5130,1026,4104
"12037",5200,1040,4160
"12038",4580,916,3664
"12039",4160,832,3328
"12040",4415,883,3532
"12041",4430,886,3544
"12042",4280,856,3424
"12043",3840,768,3072
"12044",4180,836,3344
"12045",7255,1451,5804
"12046",4000,800,3200
"12047",5680,1136,4544
"12048",5140,1028,4112
"12049",4350,870,3480
"12050",3835,767,3068
"12051",4335,867,3468
"12052",3790,758,3032
"12053",3960,792,3168
"12054",3970,794,3176
"12055",4645,929,3716
"12056",5000,1000,4000
"12057",3925,785,3140
"12058",3760,752,3008
"12059",4515,903,3612
"12060",4235,847,3388
"12061",3140,628,2512
"12062",4065,813,3252
"12063",3450,690,2760
"12064",5625,1125,4500
"12065",6105,1221,4884
"12066",5005,1001,4004
"12067",5150,1030,4120
"12068",4840,968,3872
"12069",5240,1048,4192
"12070",5145,1029,4116
"12071",5160,1032,4128
"12072",4870,974,3896
"12073",4820,964,3856
"12074",5850,1170,4680
"12075",4295,859,3436
"12076",4910,982,3928
"12077",4020,804,3216
"12078",4710,942,3768
"12079",5250,1050,4200
"12080",4595,919,3676
"12081",3715,743,2972
"12082",4275,855,3420
"12083",4120,824,3296
"12084",4370,874,3496
"12085",5765,1153,4612
"12086",6895,1379,5516
"12087",5455,1091,4364
"12088",5225,1045,4180
"12089",4805,961,3844
"12090",6735,1347,5388
"12091",3970,794,3176
"12092",4850,970,3880
"12093",4895,979,3916
"12094",4170,834,3336
"12095",3705,741,2964
"12096",5145,1029,4116
"12097",3760,752,3008
"12098",4200,840,3360
"12099",4835,967,3868
"12100",4805,961,3844
"12101",4195,839,3356
"12102",3635,727,2908
"12103",5540,1108,4432
"12104",3950,790,3160
"12105",5160,1032,4128
"12106",4670,934,3736
"12107",4120,824,3296
"12108",4455,891,3564
"12109",5380,1076,4304
"12110",4380,876,3504
"12111",5110,1022,4088
"12112",3995,799,3196
"12113",4660,932,3728
"12114",6305,1261,5044
"12115",4570,914,3656
"12116",6425,1285,5140
"12117",3815,763,3052
"12118",4045,809,3236
"12119",4995,999,3996
"12120",4275,855,3420
"12121",4365,873,3492
"12122",4505,901,3604
"12123",4415,883,3532
"12124",4050,810,3240
"12125",5255,1051,4204
"12126",4910,982,3928
"12127",5855,1171,4684
"12128",5425,1085,4340
"12129",4165,833,3332
"12130",5285,1057,4228
"12131",5125,1025,4100
"12132",3575,715,2860
"12133",4355,871,3484
"12134",3730,746,2984
"12135",4640,928,3712
"12136",5590,1118,4472
"12137",4915,983,3932
"12138",5605,1121,4484
"12139",3690,738,2952
"12140",4005,801,3204
"12141",5075,1015,4060
"12142",3515,703,2812
"12143",3540,708,2832
"12144",4385,877,3508
"12145",3860,772,3088
"12146",4375,875,3500
"12147",3815,763,3052
"12148",5215,1043,4172
"12149",4655,931,3724
"12150",3420,684,2736
"12151",5630,1126,4504
"12152",4170,834,3336
"12153",3810,762,3048
"12154",4015,803,3212
"12155",4295,859,3436
"12156",3695,739,2956
"12157",4630,926,3704
"12158",6280,1256,5024
"12159",5335,1067,4268
"12160",4460,892,3568
"12161",4685,937,3748
"12162",3925,785,3140
"12163",4695,939,3756
"12164",4035,807,3228
"12165",4770,954,3816
"12166",4025,805,3220
"12167",4365,873,3492
"12168",4680,936,3744
"12169",5495,1099,4396
"12170",4285,857,3428
"12171",5135,1027,4108
"12172",3725,745,2980
"12173",5715,1143,4572
"12174",4415,883,3532
"12175",4590,918,3672
"12176",5450,1090,4360
"12177",3460,692,2768
"12178",5100,1020,4080
"12179",4150,830,3320
"12180",4700,940,3760
"12181",4085,817,3268
"12182",4985,997,3988
"12183",3620,724,2896
"12184",5025,1005,4020
"12185",4660,932,3728
"12186",3780,756,3024
"12187",4025,805,3220
"12188",4615,923,3692
"12189",4250,850,3400
"12190",3930,786,3144
"12191",4275,855,3420
"12192",5210,1042,4168
"12193",5130,1026,4104
"12194",4055,811,3244
"12195",3490,698,2792
"12196",4435,887,3548
"12197",4975,995,3980
"12198",3285,657,2628
"12199",3640,728,2912
"12200",5790,1158,4632
"12201",4185,837,3348
"12202",5075,1015,4060
"12203",5680,1136,4544
"12204",4185,837,3348
"12205",5150,1030,4120
"12206",3820,764,3056
"12207",4760,952,3808
"12208",6020,1204,4816
"12209",7095,1419,5676
"12210",4035,807,3228
"12211",4410,882,3528
"12212",4300,860,3440
"12213",4875,975,3900
"12214",4095,819,3276
"12215",4105,821,3284
"12216",4430,886,3544
"12217",4120,824,3296
"12218",3375,675,2700
"12219",5195,1039,4156
"12220",4275,855,3420
"12221",5335,1067,4268
"12222",4130,826,3304
"12223",4100,820,3280
"12224",4390,878,3512
"12225",5325,1065,4260
"12226",4535,907,3628
"12227",4965,993,3972
"12228",4705,941,3764
"12229",4145,829,3316
"12230",4015,803,3212
"12231",4380,876,3504
"12232",4905,981,3924
"12233",4765,953,3812
"12234",6760,1352,5408
"12235",5765,1153,4612
"12236",6400,1280,5120
"12237",6000,1200,4800
"12238",5335,1067,4268
"12239",5345,1069,4276
"12240",3490,698,2792
"12241",5555,1111,4444
"12242",6275,1255,5020
"12243",4065,813,3252
"12244",3810,762,3048
"12245",4960,992,3968
"12246",4460,892,3568
"12247",5190,1038,4152
"12248",4515,903,3612
"12249",3955,791,3164
"12250",4650,930,3720
"12251",5010,1002,4008
"12252",4845,969,3876
"12253",6235,1247,4988
"12254",3990,798,3192
"12255",4880,976,3904
"12256",6850,1370,5480
"12257",4895,979,3916
"12258",5670,1134,4536
"12259",4430,886,3544
"12260",5020,1004,4016
"12261",4390,878,3512
"12262",5010,1002,4008
"12263",5095,1019,4076
"12264",4855,971,3884
"12265",4350,870,3480
"12266",4230,846,3384
"12267",5605,1121,4484
"12268",6435,1287,5148
"12269",3645,729,2916
"12270",5400,1080,4320
"12271",6380,1276,5104
"12272",4790,958,3832
"12273",4865,973,3892
"12274",4300,860,3440
"12275",5785,1157,4628
"12276",3640,728,2912
"12277",4455,891,3564
"12278",6155,1231,4924
"12279",4890,978,3912
"12280",4765,953,3812
"12281",4365,873,3492
"12282",4140,828,3312
"12283",4335,867,3468
"12284",4370,874,3496
"12285",4240,848,3392
"12286",4705,941,3764
"12287",4735,947,3788
"12288",4065,813,3252
"12289",5165,1033,4132
"12290",5620,1124,4496
"12291",4325,865,3460
"12292",5310,1062,4248
"12293",4520,904,3616
"12294",4795,959,3836
"12295",4290,858,3432
"12296",5325,1065,4260
"12297",5065,1013,4052
"12298",5475,1095,4380
"12299",4685,937,3748
"12300",6975,1395,5580
"12301",4320,864,3456
"12302",5535,1107,4428
"12303",3765,753,3012
"12304",4230,846,3384
"12305",6350,1270,5080
"12306",6765,1353,5412
"12307",4400,880,3520
"12308",5560,1112,4448
"12309",3660,732,2928
"12310",4235,847,3388
"12311",5525,1105,4420
"12312",4260,852,3408
"12313",5095,1019,4076
"12314",5065,1013,4052
"12315",5030,1006,4024
"12316",4170,834,3336
"12317",3890,778,3112
"12318",5030,1006,4024
"12319",4325,865,3460
"12320",5735,1147,4588
"12321",6090,1218,4872
"12322",4270,854,3416
"12323",5150,1030,4120
"12324",4560,912,3648
"12325",4295,859,3436
"12326",5135,1027,4108
"12327",4110,822,3288
"12328",5350,1070,4280
"12329",4450,890,3560
"12330",3785,757,3028
"12331",4425,885,3540
"12332",4995,999,3996
"12333",4050,810,3240
"12334",4340,868,3472
"12335",3690,738,2952
"12336",3945,789,3156
"12337",3655,731,2924
"12338",5070,1014,4056
"12339",4930,986,3944
"12340",6340,1268,5072
"12341",6575,1315,5260
"12342",4145,829,3316
"12343",5305,1061,4244
"12344",4510,902,3608
"12345",4245,849,3396
"12346",5265,1053,4212
"12347",4080,816,3264
"12348",4955,991,3964
"12349",4180,836,3344
"12350",4995,999,3996
"12351",4355,871,3484
"12352",4685,937,3748
"12353",3750,750,3000
"12354",5610,1122,4488
"12355",4540,908,3632
"12356",4045,809,3236
"12357",4585,917,3668
"12358",5245,1049,4196
"12359",4125,825,3300
"12360",4020,804,3216
"12361",4175,835,3340
"12362",5125,1025,4100
"12363",3625,725,2900
"12364",4285,857,3428
"12365",4960,992,3968
"12366",4100,820,3280
"12367",5110,1022,4088
"12368",3375,675,2700
"12369",5655,1131,4524
"12370",4890,978,3912
"12371",4280,856,3424
"12372",3925,785,3140
"12373",3555,711,2844
"12374",5025,1005,4020
"12375",4805,961,3844
"12376",4150,830,3320
"12377",4065,813,3252
"12378",4865,973,3892
"12379",4390,878,3512
"12380",4900,980,3920
"12381",6060,1212,4848
"12382",6315,1263,5052
"12383",3790,758,3032
"12384",3840,768,3072
"12385",4970,994,3976
"12386",4220,844,3376
"12387",6320,1264,5056
"12388",5900,1180,4720
"12389",4460,892,3568
"12390",4610,922,3688
"12391",4260,852,3408
"12392",8215,1643,6572
"12393",3170,634,2536
"12394",4295,859,3436
"12395",4995,999,3996
"12396",3935,787,3148
"12397",5355,1071,4284
"12398",3865,773,3092
"12399",5255,1051,4204
"12400",5185,1037,4148
"12401",3920,784,3136
"12402",5985,1197,4788
"12403",4960,992,3968
"12404",4060,812,3248
"12405",5370,1074,4296
"12406",4465,893,3572
"12407",5250,1050,4200
"12408",4905,981,3924
"12409",4395,879,3516
"12410",3545,709,2836
"12411",3395,679,2716
"12412",7220,1444,5776
"12413",4955,991,3964
"12414",5945,1189,4756
"12415",3850,770,3080
"12416",4470,894,3576
"12417",5250,1050,4200
"12418",4705,941,3764
"12419",6375,1275,5100
"12420",4385,877,3508
"12421",4935,987,3948
"12422",3580,716,2864
"12423",4570,914,3656
"12424",5445,1089,4356
"12425",4130,826,3304
"12426",3900,780,3120
"12427",5915,1183,4732
"12428",6500,1300,5200
"12429",5110,1022,4088
"12430",4945,989,3956
"12431",6620,1324,5296
"12432",5315,1063,4252
"12433",4220,844,3376
"12434",4235,847,3388
"12435",4585,917,3668
"12436",3715,743,2972
"12437",4670,934,3736
"12438",5680,1136,4544
"12439",5170,1034,4136
"12440",4990,998,3992
"12441",3875,775,3100
"12442",4070,814,3256
"12443",4565,913,3652
"12444",4465,893,3572
"12445",5245,1049,4196
"12446",4515,903,3612
"12447",4400,880,3520
"12448",4340,868,3472
"12449",5795,1159,4636
"12450",5695,1139,4556
"12451",3835,767,3068
"12452",4365,873,3492
"12453",4725,945,3780
"12454",4620,924,3696
"12455",3945,789,3156
"12456",5425,1085,4340
"12457",5305,1061,4244
"12458",4745,949,3796
"12459",7020,1404,5616
"12460",5565,1113,4452
"12461",6390,1278,5112
"12462",4275,855,3420
"12463",4125,825,3300
"12464",3530,706,2824
"12465",5255,1051,4204
"12466",3955,791,3164
"12467",4010,802,3208
"12468",5465,1093,4372
"12469",4400,880,3520
"12470",5040,1008,4032
"12471",4115,823,3292
"12472",5585,1117,4468
"12473",3455,691,2764
"12474",3705,741,2964
"12475",5595,1119,4476
"12476",4575,915,3660
"12477",4130,826,3304
"12478",6605,1321,5284
"12479",4965,993,3972
"12480",3690,738,2952
"12481",4800,960,3840
"12482",3835,767,3068
"12483",7410,1482,5928
"12484",5310,1062,4248
"12485",4790,958,3832
"12486",3780,756,3024
"12487",3785,757,3028
"12488",5355,1071,4284
"12489",4940,988,3952
"12490",4420,884,3536
"12491",4430,886,3544
"12492",6510,1302,5208
"12493",5060,1012,4048
"12494",3725,745,2980
"12495",4415,883,3532
"12496",3440,688,2752
"12497",3670,734,2936
"12498",5295,1059,4236
"12499",5760,1152,4608
"12500",5130,1026,4104
"12501",4255,851,3404
"12502",4455,891,3564
"12503",5420,1084,4336
"12504",4800,960,3840
"12505",6525,1305,5220
"12506",4665,933,3732
"12507",4080,816,3264
"12508",6725,1345,5380
"12509",4975,995,3980
"12510",3900,780,3120
"12511",3605,721,2884
"12512",4525,905,3620
"12513",4805,961,3844
"12514",4590,918,3672
"12515",4415,883,3532
"12516",4145,829,3316
"12517",5005,1001,4004
"12518",6960,1392,5568
"12519",4465,893,3572
"12520",3470,694,2776
"12521",4700,940,3760
"12522",4215,843,3372
"12523",4050,810,3240
"12524",3750,750,3000
"12525",5280,1056,4224
"12526",3670,734,2936
"12527",4930,986,3944
"12528",4755,951,3804
"12529",4295,859,3436
"12530",3615,723,2892
"12531",7445,1489,5956
"12532",5345,1069,4276
"12533",4280,856,3424
"12534",6610,1322,5288
"12535",5890,1178,4712
"12536",5640,1128,4512
"12537",4515,903,3612
"12538",6430,1286,5144
"12539",5000,1000,4000
"12540",4465,893,3572
"12541",3925,785,3140
"12542",3810,762,3048
"12543",5610,1122,4488
"12544",3355,671,2684
"12545",4245,849,3396
"12546",4410,882,3528
"12547",4185,837,3348
"12548",5550,1110,4440
"12549",4170,834,3336
"12550",7150,1430,5720
"12551",4860,972,3888
"12552",5280,1056,4224
"12553",4480,896,3584
"12554",3555,711,2844
"12555",5160,1032,4128
"12556",4495,899,3596
"12557",4750,950,3800
"12558",4250,850,3400
"12559",4175,835,3340
"12560",4525,905,3620
"12561",4130,826,3304
"12562",5495,1099,4396
"12563",6055,1211,4844
"12564",4445,889,3556
"12565",4970,994,3976
"12566",4025,805,3220
"12567",4685,937,3748
"12568",5605,1121,4484
"12569",6360,1272,5088
"12570",4115,823,3292
"12571",5270,1054,4216
"12572",4545,909,3636
"12573",4455,891,3564
"12574",4330,866,3464
"12575",4645,929,3716
"12576",4755,951,3804
"12577",3670,734,2936
"12578",3865,773,3092
"12579",4115,823,3292
"12580",4430,886,3544
"12581",5975,1195,4780
"12582",3960,792,3168
"12583",4810,962,3848
"12584",4090,818,3272
"12585",3970,794,3176
"12586",5810,1162,4648
"12587",3950,790,3160
"12588",4435,887,3548
"12589",5890,1178,4712
"12590",4665,933,3732
"12591",4445,889,3556
"12592",4555,911,3644
"12593",4975,995,3980
"12594",5610,1122,4488
"12595",4555,911,3644
"12596",6040,1208,4832
"12597",3885,777,3108
"12598",3765,753,3012
"12599",5040,1008,4032
"12600",4075,815,3260
"12601",6140,1228,4912
"12602",4575,915,3660
"12603",3360,672,2688
"12604",4365,873,3492
"12605",5100,1020,4080
"12606",4070,814,3256
"12607",5090,1018,4072
"12608",4865,973,3892
"12609",3955,791,3164
"12610",3800,760,3040
"12611",3645,729,2916
"12612",5570,1114,4456
"12613",5770,1154,4616
"12614",5315,1063,4252
"12615",6665,1333,5332
"12616",5495,1099,4396
"12617",4735,947,3788
"12618",4565,913,3652
"12619",4875,975,3900
"12620",7485,1497,5988
"12621",5100,1020,4080
"12622",4005,801,3204
"12623",5105,1021,4084
"12624",5595,1119,4476
"12625",4120,824,3296
"12626",4050,810,3240
"12627",4055,811,3244
"12628",4875,975,3900
"12629",4845,969,3876
"12630",6645,1329,5316
"12631",5850,1170,4680
"12632",4660,932,3728
"12633",5710,1142,4568
"12634",5330,1066,4264
"12635",5340,1068,4272
"12636",5360,1072,4288
"12637",4815,963,3852
"12638",5365,1073,4292
"12639",4645,929,3716
"12640",3850,770,3080
"12641",4210,842,3368
"12642",4670,934,3736
"12643",4975,995,3980
"12644",4685,937,3748
"12645",3945,789,3156
"12646",5645,1129,4516
"12647",4395,879,3516
"12648",4340,868,3472
"12649",4070,814,3256
"12650",3755,751,3004
"12651",3930,786,3144
"12652",3900,780,3120
"12653",4675,935,3740
"12654",5340,1068,4272
"12655",4325,865,3460
"12656",4380,876,3504
"12657",4245,849,3396
"12658",6270,1254,5016
"12659",7550,1510,6040
"12660",4360,872,3488
"12661",4590,918,3672
"12662",4150,830,3320
"12663",4030,806,3224
"12664",4315,863,3452
"12665",5110,1022,4088
"12666",3580,716,2864
"12667",3670,734,2936
"12668",5340,1068,4272
"12669",4280,856,3424
"12670",4345,869,3476
"12671",5505,1101,4404
"12672",4135,827,3308
"12673",5700,1140,4560
"12674",4700,940,3760
"12675",6055,1211,4844
"12676",4665,933,3732
"12677",5315,1063,4252
"12678",4655,931,3724
"12679",4785,957,3828
"12680",3920,784,3136
"12681",4365,873,3492
"12682",4000,800,3200
"12683",5260,1052,4208
"12684",3870,774,3096
"12685",5985,1197,4788
"12686",5325,1065,4260
"12687",4435,887,3548
"12688",3800,760,3040
"12689",3845,769,3076
"12690",4270,854,3416
"12691",4355,871,3484
"12692",3570,714,2856
"12693",4680,936,3744
"12694",5680,1136,4544
"12695",4460,892,3568
"12696",4995,999,3996
"12697",7805,1561,6244
"12698",4595,919,3676
"12699",5325,1065,4260
"12700",4280,856,3424
"12701",4050,810,3240
"12702",3580,716,2864
"12703",4310,862,3448
"12704",5070,1014,4056
"12705",5900,1180,4720
"12706",5035,1007,4028
"12707",5455,1091,4364
"12708",4945,989,3956
"12709",4670,934,3736
"12710",4240,848,3392
"12711",4780,956,3824
"12712",5250,1050,4200
"12713",4300,860,3440
"12714",5015,1003,4012
"12715",5705,1141,4564
"12716",5580,1116,4464
"12717",5840,1168,4672
"12718",5110,1022,4088
"12719",5150,1030,4120
"12720",4575,915,3660
"12721",4010,802,3208
"12722",3815,763,3052
"12723",5360,1072,4288
"12724",4665,933,3732
"12725",4715,943,3772
"12726",4110,822,3288
"12727",7615,1523,6092
"12728",7155,1431,5724
"12729",4275,855,3420
"12730",4785,957,3828
"12731",5420,1084,4336
"12732",4580,916,3664
"12733",4120,824,3296
"12734",6110,1222,4888
"12735",6555,1311,5244
"12736",4160,832,3328
"12737",3445,689,2756
"12738",5845,1169,4676
"12739",4220,844,3376
"12740",3825,765,3060
"12741",4730,946,3784
"12742",5425,1085,4340
"12743",4345,869,3476
"12744",4295,859,3436
"12745",6605,1321,5284
"12746",5295,1059,4236
"12747",5110,1022,4088
"12748",3370,674,2696
"12749",5560,1112,4448
"12750",4385,877,3508
"12751",4025,805,3220
"12752",5190,1038,4152
"12753",5245,1049,4196
"12754",4310,862,3448
"12755",3990,798,3192
"12756",4970,994,3976
"12757",4670,934,3736
"12758",5090,1018,4072
"12759",4615,923,3692
"12760",4780,956,3824
"12761",4850,970,3880
"12762",4555,911,3644
"12763",5110,1022,4088
"12764",4235,847,3388
"12765",4205,841,3364
"12766",4570,914,3656
"12767",4820,964,3856
"12768",3990,798,3192
"12769",4870,974,3896
"12770",4655,931,3724
"12771",4280,856,3424
"12772",5740,1148,4592
"12773",4350,870,3480
"12774",4265,853,3412
"12775",4525,905,3620
"12776",3730,746,2984
"12777",3475,695,2780
"12778",4800,960,3840
"12779",5620,1124,4496
"12780",5730,1146,4584
"12781",4875,975,3900
"12782",5585,1117,4468
"12783",5245,1049,4196
"12784",4135,827,3308
"12785",5175,1035,4140
"12786",4635,927,3708
"12787",5390,1078,4312
"12788",4860,972,3888
"12789",4280,856,3424
"12790",4200,840,3360
"12791",4420,884,3536
"12792",6170,1234,4936
"12793",3790,758,3032
"12794",4105,821,3284
"12795",3895,779,3116
"12796",6070,1214,4856
"12797",5825,1165,4660
"12798",5080,1016,4064
"12799",4000,800,3200
"12800",4470,894,3576
"12801",5030,1006,4024
"12802",3375,675,2700
"12803",4845,969,3876
"12804",4295,859,3436
"12805",3760,752,3008
"12806",5290,1058,4232
"12807",5600,1120,4480
"12808",5385,1077,4308
"12809",5325,1065,4260
"12810",3370,674,2696
"12811",7125,1425,5700
"12812",4155,831,3324
"12813",4280,856,3424
"12814",5140,1028,4112
"12815",3725,745,2980
"12816",4640,928,3712
"12817",4440,888,3552
"12818",3780,756,3024
"12819",5165,1033,4132
"12820",5325,1065,4260
"12821",3865,773,3092
"12822",3535,707,2828
"12823",4440,888,3552
"12824",4260,852,3408
"12825",4645,929,3716
"12826",6150,1230,4920
"12827",6500,1300,5200
"12828",5790,1158,4632
"12829",3915,783,3132
"12830",5100,1020,4080
"12831",3860,772,3088
"12832",6450,1290,5160
"12833",5230,1046,4184
"12834",6055,1211,4844
"12835",3610,722,2888
"12836",4795,959,3836
"12837",6305,1261,5044
"12838",4120,824,3296
"12839",4670,934,3736
"12840",5860,1172,4688
"12841",4865,973,3892
"12842",4190,838,3352
"12843",6220,1244,4976
"12844",5370,1074,4296
"12845",3300,660,2640
"12846",5050,1010,4040
"12847",4410,882,3528
"12848",4595,919,3676
"12849",5110,1022,4088
"12850",6110,1222,4888
"12851",3685,737,2948
"12852",6150,1230,4920
"12853",4060,812,3248
"12854",5635,1127,4508
"12855",4605,921,3684
"12856",4410,882,3528
"12857",5245,1049,4196
"12858",3795,759,3036
"12859",3640,728,2912
"12860",4945,989,3956
"12861",4275,855,3420
"12862",4350,870,3480
"12863",4195,839,3356
"12864",4545,909,3636
"12865",4875,975,3900
"12866",4005,801,3204
"12867",4215,843,3372
"12868",3795,759,3036
"12869",4060,812,3248
"12870",5590,1118,4472
"12871",3870,774,3096
"12872",4050,810,3240
"12873",4500,900,3600
"12874",5080,1016,4064
"12875",3970,794,3176
"12876",4875,975,3900
"12877",4750,950,3800
"12878",4705,941,3764
"12879",3275,655,2620
"12880",3650,730,2920
"12881",5520,1104,4416
"12882",5730,1146,4584
"12883",4025,805,3220
"12884",4510,902,3608
"12885",4145,829,3316
"12886",4550,910,3640
"12887",3895,779,3116
"12888",4000,800,3200
"12889",5000,1000,4000
"12890",4185,837,3348
"12891",4735,947,3788
"12892",5295,1059,4236
"12893",4795,959,3836
"12894",4370,874,3496
"12895",4100,820,3280
"12896",5930,1186,4744
"12897",4980,996,3984
"12898",3610,722,2888
"12899",6015,1203,4812
"12900",3880,776,3104
"12901",4265,853,3412
"12902",4330,866,3464
"12903",5180,1036,4144
"12904",3790,758,3032
"12905",5110,1022,4088
"12906",4570,914,3656
"12907",3480,696,2784
"12908",4000,800,3200
"12909",4310,862,3448
"12910",5570,1114,4456
"12911",4885,977,3908
"12912",3650,730,2920
"12913",7545,1509,6036
"12914",4180,836,3344
"12915",4740,948,3792
"12916",3950,790,3160
"12917",4485,897,3588
"12918",4255,851,3404
"12919",5050,1010,4040
"12920",4070,814,3256
"12921",5585,1117,4468
"12922",4380,876,3504
"12923",4360,872,3488
"12924",4350,870,3480
"12925",5150,1030,4120
"12926",4770,954,3816
"12927",3960,792,3168
"12928",4565,913,3652
"12929",4555,911,3644
"12930",6550,1310,5240
"12931",4320,864,3456
"12932",3820,764,3056
"12933",5735,1147,4588
"12934",5625,1125,4500
"12935",3850,770,3080
"12936",5170,1034,4136
"12937",4560,912,3648
"12938",4455,891,3564
"12939",5615,1123,4492
"12940",3685,737,2948
"12941",5610,1122,4488
"12942",4940,988,3952
"12943",4450,890,3560
"12944",5820,1164,4656
"12945",5535,1107,4428
"12946",3880,776,3104
"12947",5055,1011,4044
"12948",3895,779,3116
"12949",4650,930,3720
"12950",6405,1281,5124
"12951",3530,706,2824
"12952",3955,791,3164
"12953",4500,900,3600
"12954",5150,1030,4120
"12955",5435,1087,4348
"12956",4795,959,3836
"12957",4985,997,3988
"12958",6815,1363,5452
"12959",6810,1362,5448
"12960",4995,999,3996
"12961",6015,1203,4812
"12962",4670,934,3736
"12963",5590,1118,4472
"12964",5060,1012,4048
"12965",4790,958,3832
"12966",4105,821,3284
"12967",3825,765,3060
"12968",4850,970,3880
"12969",4120,824,3296
"12970",4170,834,3336
"12971",3995,799,3196
"12972",3840,768,3072
"12973",6420,1284,5136
"12974",4010,802,3208
"12975",3490,698,2792
"12976",5965,1193,4772
"12977",5095,1019,4076
"12978",6315,1263,5052
"12979",3745,749,2996
"12980",4220,844,3376
"12981",5015,1003,4012
"12982",4675,935,3740
"12983",5540,1108,4432
"12984",6045,1209,4836
"12985",4920,984,3936
"12986",4480,896,3584
"12987",7495,1499,5996
"12988",4715,943,3772
"12989",5560,1112,4448
"12990",3585,717,2868
"12991",4175,835,3340
"12992",4460,892,3568
"12993",4745,949,3796
"12994",6160,1232,4928
"12995",4895,979,3916
"12996",4380,876,3504
"12997",3675,735,2940
"12998",3720,744,2976
"12999",5335,1067,4268
"13000",4055,811,3244
"13001",3955,791,3164
"13002",5240,1048,4192
"13003",4200,840,3360
"13004",4085,817,3268
"13005",4285,857,3428
"13006",4920,984,3936
"13007",5540,1108,4432
"13008",4190,838,3352
"13009",6025,1205,4820
"13010",5275,1055,4220
"13011",5735,1147,4588
"13012",4710,942,3768
"13013",5355,1071,4284
"13014",5835,1167,4668
"13015",3945,789,3156
"13016",4170,834,3336
"13017",3500,700,2800
"13018",4975,995,3980
"13019",5155,1031,4124
"13020",4360,872,3488
"13021",4955,991,3964
"13022",4755,951,3804
"13023",4440,888,3552
"13024",4635,927,3708
"13025",3760,752,3008
"13026",4050,810,3240
"13027",3970,794,3176
"13028",5365,1073,4292
"13029",4645,929,3716
"13030",4965,993,3972
"13031",4655,931,3724
"13032",6620,1324,5296
"13033",4185,837,3348
"13034",6110,1222,4888
"13035",4900,980,3920
"13036",4670,934,3736
"13037",5390,1078,4312
"13038",8000,1600,6400
"13039",5380,1076,4304
"13040",3710,742,2968
"13041",4740,948,3792
"13042",3130,626,2504
"13043",4245,849,3396
"13044",4995,999,3996
"13045",3845,769,3076
"13046",6375,1275,5100
"13047",3775,755,3020
"13048",5670,1134,4536
"13049",3890,778,3112
"13050",4635,927,3708
"13051",6285,1257,5028
"13052",4370,874,3496
"13053",4810,962,3848
"13054",4500,900,3600
"13055",5820,1164,4656
"13056",4790,958,3832
"13057",4145,829,3316
"13058",6455,1291,5164
"13059",4240,848,3392
"13060",4125,825,3300
"13061",4010,802,3208
"13062",5150,1030,4120
"13063",4640,928,3712
"13064",3545,709,2836
"13065",4940,988,3952
"13066",4155,831,3324
"13067",5535,1107,4428
"13068",4185,837,3348
"13069",3665,733,2932
"13070",4305,861,3444
"13071",4420,884,3536
"13072",4175,835,3340
"13073",4970,994,3976
"13074",3465,693,2772
"13075",5750,1150,4600
"13076",5165,1033,4132
"13077",3825,765,3060
"13078",4525,905,3620
"13079",4875,975,3900
"13080",5195,1039,4156
"13081",6780,1356,5424
"13082",5145,1029,4116
"13083",4885,977,3908
"13084",3485,697,2788
"13085",4675,935,3740
"13086",4095,819,3276
"13087",5180,1036,4144
"13088",4835,967,3868
"13089",3795,759,3036
"13090",3970,794,3176
"13091",5160,1032,4128
"13092",4135,827,3308
"13093",4685,937,3748
"13094",3785,757,3028
"13095",4800,960,3840
"13096",5700,1140,4560
"13097",5840,1168,4672
"13098",6160,1232,4928
"13099",4660,932,3728
"13100",5055,1011,4044
"13101",5000,1000,4000
"13102",4000,800,3200
"13103",3260,652,2608
"13104",3435,687,2748
"13105",3445,689,2756
"13106",5040,1008,4032
"13107",5235,1047,4188
"13108",4375,875,3500
"13109",4380,876,3504
"13110",4390,878,3512
"13111",3410,682,2728
"13112",7560,1512,6048
"13113",4350,870,3480
"13114",4665,933,3732
"13115",4225,845,3380
"13116",6110,1222,4888
"13117",3565,713,2852
"13118",4700,940,3760
"13119",4730,946,3784
"13120",4530,906,3624
"13121",5380,1076,4304
"13122",4275,855,3420
"13123",3360,672,2688
"13124",4230,846,3384
"13125",3845,769,3076
"13126",4750,950,3800
"13127",4095,819,3276
"13128",3905,781,3124
"13129",5600,1120,4480
"13130",4195,839,3356
"13131",4555,911,3644
"13132",5030,1006,4024
"13133",5695,1139,4556
"13134",4145,829,3316
"13135",3935,787,3148
"13136",7690,1538,6152
"13137",5785,1157,4628
"13138",3820,764,3056
"13139",4195,839,3356
"13140",5330,1066,4264
"13141",5415,1083,4332
"13142",5455,1091,4364
"13143",5020,1004,4016
"13144",4885,977,3908
"13145",4465,893,3572
"13146",5260,1052,4208
"13147",5255,1051,4204
"13148",3640,728,2912
"13149",5260,1052,4208
"13150",5100,1020,4080
"13151",5830,1166,4664
"13152",3740,748,2992
"13153",5535,1107,4428
"13154",4890,978,3912
"13155",4040,808,3232
"13156",5250,1050,4200
"13157",4390,878,3512
"13158",5140,1028,4112
"13159",3655,731,2924
"13160",5970,1194,4776
"13161",3915,783,3132
"13162",3425,685,2740
"13163",3610,722,2888
"13164",3530,706,2824
"13165",4365,873,3492
"13166",4365,873,3492
"13167",3845,769,3076
"13168",5960,1192,4768
"13169",4635,927,3708
"13170",4045,809,3236
"13171",6885,1377,5508
"13172",7065,1413,5652
"13173",4015,803,3212
"13174",4400,880,3520
"13175",4800,960,3840
"13176",4380,876,3504
"13177",4160,832,3328
"13178",4190,838,3352
"13179",3720,744,2976
"13180",4225,845,3380
"13181",5275,1055,4220
"13182",3850,770,3080
"13183",5140,1028,4112
"13184",6295,1259,5036
"13185",4020,804,3216
"13186",4400,880,3520
"13187",4005,801,3204
"13188",5070,1014,4056
"13189",4095,819,3276
"13190",4900,980,3920
"13191",4385,877,3508
"13192",4450,890,3560
"13193",3875,775,3100
"13194",7400,1480,5920
"13195",4355,871,3484
"13196",4195,839,3356
"13197",4080,816,3264
"13198",5140,1028,4112
"13199",4485,897,3588
"13200",4170,834,3336
"13201",7615,1523,6092
"13202",5865,1173,4692
"13203",4755,951,3804
"13204",5125,1025,4100
"13205",4530,906,3624
"13206",4565,913,3652
"13207",3955,791,3164
"13208",7805,1561,6244
"13209",5680,1136,4544
"13210",5015,1003,4012
"13211",5125,1025,4100
"13212",3620,724,2896
"13213",4420,884,3536
"13214",5785,1157,4628
"13215",5060,1012,4048
"13216",6150,1230,4920
"13217",3880,776,3104
"13218",5255,1051,4204
"13219",4695,939,3756
"13220",5770,1154,4616
"13221",7415,1483,5932
"13222",4400,880,3520
"13223",3755,751,3004
"13224",4575,915,3660
"13225",4060,812,3248
"13226",6065,1213,4852
"13227",4455,891,3564
"13228",5460,1092,4368
"13229",4245,849,3396
"13230",5640,1128,4512
"13231",3955,791,3164
"13232",6210,1242,4968
"13233",6190,1238,4952
"13234",4615,923,3692
"13235",6335,1267,5068
"13236",5575,1115,4460
"13237",5245,1049,4196
"13238",4465,893,3572
"13239",4065,813,3252
"13240",3660,732,2928
"13241",4255,851,3404
"13242",8930,1786,7144
"13243",4900,980,3920
"13244",5220,1044,4176
"13245",3580,716,2864
"13246",5160,1032,4128
"13247",4715,943,3772
"13248",4350,870,3480
"13249",4655,931,3724
"13250",5900,1180,4720
"13251",5595,1119,4476
"13252",3660,732,2928
"13253",4150,830,3320
"13254",4875,975,3900
"13255",5145,1029,4116
"13256",3970,794,3176
"13257",5560,1112,4448
"13258",4695,939,3756
"13259",3600,720,2880
"13260",4940,988,3952
"13261",4900,980,3920
"13262",3805,761,3044
"13263",5065,1013,4052
"13264",7035,1407,5628
"13265",4850,970,3880
"13266",4440,888,3552
"13267",4295,859,3436
"13268",3995,799,3196
"13269",4530,906,3624
"13270",4845,969,3876
"13271",4930,986,3944
"13272",4285,857,3428
"13273",5265,1053,4212
"13274",4595,919,3676
"13275",4865,973,3892
"13276",4385,877,3508
"13277",4230,846,3384
"13278",5615,1123,4492
"13279",4075,815,3260
"13280",5620,1124,4496
"13281",4515,903,3612
"13282",4780,956,3824
"13283",3310,662,2648
"13284",5020,1004,4016
"13285",3890,778,3112
"13286",3765,753,3012
"13287",4755,951,3804
"13288",3695,739,2956
"13289",4995,999,3996
"13290",3540,708,2832
"13291",5670,1134,4536
"13292",3285,657,2628
"13293",4170,834,3336
"13294",4280,856,3424
"13295",4430,886,3544
"13296",3335,667,2668
"13297",5125,1025,4100
"13298",5075,1015,4060
"13299",4185,837,3348
"13300",3490,698,2792
"13301",6240,1248,4992
"13302",4460,892,3568
"13303",4710,942,3768
"13304",4800,960,3840
"13305",4100,820,3280
"13306",4770,954,3816
"13307",4245,849,3396
"13308",3725,745,2980
"13309",4070,814,3256
"13310",5140,1028,4112
"13311",4025,805,3220
"13312",5565,1113,4452
"13313",5015,1003,4012
"13314",6380,1276,5104
"13315",6015,1203,4812
"13316",5130,1026,4104
"13317",3955,791,3164
"13318",3940,788,3152
"13319",4600,920,3680
"13320",5210,1042,4168
"13321",5900,1180,4720
"13322",4560,912,3648
"13323",5070,1014,4056
"13324",4410,882,3528
"13325",4555,911,3644
"13326",4125,825,3300
"13327",6510,1302,5208
"13328",4720,944,3776
"13329",3925,785,3140
"13330",5275,1055,4220
"13331",4230,846,3384
"13332",4660,932,3728
"13333",5265,1053,4212
"13334",3985,797,3188
"13335",5825,1165,4660
"13336",4085,817,3268
"13337",4085,817,3268
"13338",4215,843,3372
"13339",4300,860,3440
"13340",4345,869,3476
"13341",3885,777,3108
"13342",3105,621,2484
"13343",4140,828,3312
"13344",3440,688,2752
"13345",4170,834,3336
"13346",3105,621,2484
"13347",4135,827,3308
"13348",5385,1077,4308
"13349",3560,712,2848
"13350",5090,1018,4072
"13351",5245,1049,4196
"13352",4410,882,3528
"13353",4185,837,3348
"13354",5385,1077,4308
"13355",5305,1061,4244
"13356",5190,1038,4152
"13357",4605,921,3684
"13358",5040,1008,4032
"13359",3680,736,2944
"13360",4755,951,3804
"13361",4830,966,3864
"13362",3820,764,3056
"13363",3785,757,3028
"13364",4570,914,3656
"13365",3795,759,3036
"13366",6335,1267,5068
"13367",4925,985,3940
"13368",5445,1089,4356
"13369",4115,823,3292
"13370",4125,825,3300
"13371",4455,891,3564
"13372",4705,941,3764
"13373",5230,1046,4184
"13374",3820,764,3056
"13375",4015,803,3212
"13376",5620,1124,4496
"13377",3675,735,2940
"13378",7325,1465,5860
"13379",5190,1038,4152
"13380",4260,852,3408
"13381",4105,821,3284
"13382",4885,977,3908
"13383",3390,678,2712
"13384",4085,817,3268
"13385",4245,849,3396
"13386",4830,966,3864
"13387",4420,884,3536
"13388",4290,858,3432
"13389",3770,754,3016
"13390",4430,886,3544
"13391",5805,1161,4644
"13392",4960,992,3968
"13393",4495,899,3596
"13394",4870,974,3896
"13395",5785,1157,4628
"13396",4555,911,3644
"13397",6140,1228,4912
"13398",5330,1066,4264
"13399",6800,1360,5440
"13400",3725,745,2980
"13401",4500,900,3600
"13402",4085,817,3268
"13403",4245,849,3396
"13404",4275,855,3420
"13405",5230,1046,4184
"13406",4350,870,3480
"13407",5350,1070,4280
"13408",4500,900,3600
"13409",3830,766,3064
"13410",4360,872,3488
"13411",7600,1520,6080
"13412",6740,1348,5392
"13413",6515,1303,5212
"13414",3750,750,3000
"13415",4780,956,3824
"13416",5525,1105,4420
"13417",4230,846,3384
"13418",4545,909,3636
"13419",4120,824,3296
"13420",4945,989,3956
"13421",5925,1185,4740
"13422",4280,856,3424
"13423",3785,757,3028
"13424",3595,719,2876
"13425",5300,1060,4240
"13426",4100,820,3280
"13427",5025,1005,4020
"13428",6060,1212,4848
"13429",4685,937,3748
"13430",3895,779,3116
"13431",3990,798,3192
"13432",4155,831,3324
"13433",5285,1057,4228
"13434",4555,911,3644
"13435",5075,1015,4060
"13436",3475,695,2780
"13437",4985,997,3988
"13438",4580,916,3664
"13439",5225,1045,4180
"13440",5440,1088,4352
"13441",4195,839,3356
"13442",4630,926,3704
"13443",4240,848,3392
"13444",5415,1083,4332
"13445",6250,1250,5000
"13446",3875,775,3100
"13447",4935,987,3948
"13448",4930,986,3944
"13449",4595,919,3676
"13450",4995,999,3996
"13451",6050,1210,4840
"13452",4175,835,3340
"13453",4525,905,3620
"13454",5315,1063,4252
"13455",4550,910,3640
"13456",3840,768,3072
"13457",7800,1560,6240
"13458",4855,971,3884
"13459",3685,737,2948
"13460",5190,1038,4152
"13461",5220,1044,4176
"13462",5190,1038,4152
"13463",5020,1004,4016
"13464",4350,870,3480
"13465",4315,863,3452
"13466",4645,929,3716
"13467",3605,721,2884
"13468",4975,995,3980
"13469",4480,896,3584
"13470",3575,715,2860
"13471",6355,1271,5084
"13472",5055,1011,4044
"13473",4750,950,3800
"13474",4805,961,3844
"13475",4035,807,3228
"13476",3960,792,3168
"13477",3875,775,3100
"13478",4715,943,3772
"13479",4265,853,3412
"13480",4505,901,3604
"13481",4905,981,3924
"13482",4440,888,3552
"13483",4380,876,3504
"13484",6040,1208,4832
"13485",4175,835,3340
"13486",3870,774,3096
"13487",4550,910,3640
"13488",4095,819,3276
"13489",4900,980,3920
"13490",4810,962,3848
"13491",3810,762,3048
"13492",5000,1000,4000
"13493",4420,884,3536
"13494",5095,1019,4076
"13495",6165,1233,4932
"13496",4120,824,3296
"13497",4870,974,3896
"13498",4070,814,3256
"13499",5460,1092,4368
"13500",4320,864,3456
"13501",4145,829,3316
"13502",3915,783,3132
"13503",4290,858,3432
"13504",4670,934,3736
"13505",5080,1016,4064
"13506",4115,823,3292
"13507",4155,831,3324
"13508",6105,1221,4884
"13509",4010,802,3208
"13510",4970,994,3976
"13511",5300,1060,4240
"13512",5055,1011,4044
"13513",4670,934,3736
"13514",5170,1034,4136
"13515",4485,897,3588
"13516",3910,782,3128
"13517",5340,1068,4272
"13518",4350,870,3480
"13519",4450,890,3560
"13520",4645,929,3716
"13521",3395,679,2716
"13522",5005,1001,4004
"13523",4070,814,3256
"13524",4445,889,3556
"13525",4915,983,3932
"13526",5100,1020,4080
"13527",4400,880,3520
"13528",3980,796,3184
"13529",6260,1252,5008
"13530",4845,969,3876
"13531",5555,1111,4444
"13532",5535,1107,4428
"13533",4310,862,3448
"13534",5075,1015,4060
"13535",4305,861,3444
"13536",4095,819,3276
"13537",4520,904,3616
"13538",4955,991,3964
"13539",4875,975,3900
"13540",3800,760,3040
"13541",5450,1090,4360
"13542",5245,1049,4196
"13543",4575,915,3660
"13544",3585,717,2868
"13545",3900,780,3120
"13546",5205,1041,4164
"13547",4910,982,3928
"13548",4745,949,3796
"13549",4430,886,3544
"13550",4205,841,3364
"13551",4235,847,3388
"13552",3820,764,3056
"13553",4920,984,3936
"13554",4145,829,3316
"13555",4530,906,3624
"13556",4685,937,3748
"13557",5175,1035,4140
"13558",4400,880,3520
"13559",4075,815,3260
"13560",5610,1122,4488
"13561",4450,890,3560
"13562",4865,973,3892
"13563",5530,1106,4424
"13564",5230,1046,4184
"13565",3920,784,3136
"13566",7230,1446,5784
"13567",4530,906,3624
"13568",5190,1038,4152
"13569",4875,975,3900
"13570",4970,994,3976
"13571",4955,991,3964
"13572",3810,762,3048
"13573",3060,612,2448
"13574",4625,925,3700
"13575",4945,989,3956
"13576",3750,750,3000
"13577",3500,700,2800
"13578",3965,793,3172
"13579",4180,836,3344
"13580",4920,984,3936
"13581",3830,766,3064
"13582",5180,1036,4144
"13583",3935,787,3148
"13584",4595,919,3676
"13585",5115,1023,4092
"13586",4630,926,3704
"13587",4145,829,3316
"13588",4285,857,3428
"13589",4030,806,3224
"13590",4435,887,3548
"13591",5900,1180,4720
"13592",4575,915,3660
"13593",4005,801,3204
"13594",4305,861,3444
"13595",5110,1022,4088
"13596",3740,748,2992
"13597",3715,743,2972
"13598",4455,891,3564
"13599",4015,803,3212
"13600",3095,619,2476
"13601",5700,1140,4560
"13602",4260,852,3408
"13603",3885,777,3108
"13604",4510,902,3608
"13605",3925,785,3140
"13606",3665,733,2932
"13607",4860,972,3888
"13608",5720,1144,4576
"13609",5695,1139,4556
"13610",4495,899,3596
"13611",3890,778,3112
"13612",5650,1130,4520
"13613",4710,942,3768
"13614",4220,844,3376
"13615",6785,1357,5428
"13616",6025,1205,4820
"13617",4130,826,3304
"13618",4470,894,3576
"13619",4080,816,3264
"13620",6320,1264,5056
"13621",4865,973,3892
"13622",4705,941,3764
"13623",5645,1129,4516
"13624",4565,913,3652
"13625",4305,861,3444
"13626",3975,795,3180
"13627",4445,889,3556
"13628",5380,1076,4304
"13629",4320,864,3456
"13630",3765,753,3012
"13631",5970,1194,4776
"13632",4250,850,3400
"13633",5470,1094,4376
"13634",3785,757,3028
"13635",4435,887,3548
"13636",4435,887,3548
"13637",5210,1042,4168
"13638",5000,1000,4000
"13639",5305,1061,4244
"13640",5780,1156,4624
"13641",4390,878,3512
"13642",4500,900,3600
"13643",3485,697,2788
"13644",4050,810,3240
"13645",3515,703,2812
"13646",5910,1182,4728
"13647",3955,791,3164
"13648",5685,1137,4548
"13649",4150,830,3320
"13650",4065,813,3252
"13651",5005,1001,4004
"13652",4110,822,3288
"13653",4320,864,3456
"13654",3800,760,3040
"13655",6000,1200,4800
"13656",4205,841,3364
"13657",4100,820,3280
"13658",5070,1014,4056
"13659",4745,949,3796
"13660",5195,1039,4156
"13661",5060,1012,4048
"13662",4870,974,3896
"13663",4800,960,3840
"13664",6190,1238,4952
"13665",5615,1123,4492
"13666",3945,789,3156
"13667",4970,994,3976
"13668",3635,727,2908
"13669",5020,1004,4016
"13670",3875,775,3100
"13671",5870,1174,4696
"13672",4005,801,3204
"13673",4595,919,3676
"13674",4005,801,3204
"13675",3550,710,2840
"13676",3735,747,2988
"13677",4640,928,3712
"13678",3965,793,3172
"13679",4340,868,3472
"13680",5135,1027,4108
"13681",5970,1194,4776
"13682",4890,978,3912
"13683",4070,814,3256
"13684",4325,865,3460
"13685",6530,1306,5224
"13686",4960,992,3968
"13687",4850,970,3880
"13688",5880,1176,4704
"13689",5655,1131,4524
"13690",5045,1009,4036
"13691",5830,1166,4664
"13692",4150,830,3320
"13693",6010,1202,4808
"13694",3620,724,2896
"13695",5070,1014,4056
"13696",4715,943,3772
"13697",5015,1003,4012
"13698",3290,658,2632
"13699",3520,704,2816
"13700",5170,1034,4136
"13701",4945,989,3956
"13702",4900,980,3920
"13703",3880,776,3104
"13704",4245,849,3396
"13705",4250,850,3400
"13706",4295,859,3436
"13707",4080,816,3264
"13708",6450,1290,5160
"13709",5280,1056,4224
"13710",4950,990,3960
"13711",5325,1065,4260
"13712",5000,1000,4000
"13713",4635,927,3708
"13714",3605,721,2884
"13715",4340,868,3472
"13716",5100,1020,4080
"13717",3775,755,3020
"13718",4295,859,3436
"13719",3825,765,3060
"13720",3990,798,3192
"13721",4805,961,3844
"13722",3710,742,2968
"13723",3670,734,2936
"13724",4460,892,3568
"13725",5600,1120,4480
"13726",4275,855,3420
"13727",4405,881,3524
"13728",4085,817,3268
"13729",5670,1134,4536
"13730",6430,1286,5144
"13731",4425,885,3540
"13732",4415,883,3532
"13733",3660,732,2928
"13734",4575,915,3660
"13735",4815,963,3852
"13736",4195,839,3356
"13737",4520,904,3616
"13738",4255,851,3404
"13739",3680,736,2944
"13740",6075,1215,4860
"13741",8690,1738,6952
"13742",4280,856,3424
"13743",5830,1166,4664
"13744",4335,867,3468
"13745",4795,959,3836
"13746",4060,812,3248
"13747",3875,775,3100
"13748",5745,1149,4596
"13749",3985,797,3188
"13750",5305,1061,4244
"13751",5070,1014,4056
"13752",4325,865,3460
"13753",4635,927,3708
"13754",3660,732,2928
"13755",4880,976,3904
"13756",3740,748,2992
"13757",5225,1045,4180
"13758",4410,882,3528
"13759",5885,1177,4708
"13760",3535,707,2828
"13761",5150,1030,4120
"13762",7310,1462,5848
"13763",5105,1021,4084
"13764",3120,624,2496
"13765",5470,1094,4376
"13766",3965,793,3172
"13767",4900,980,3920
"13768",5195,1039,4156
"13769",3535,707,2828
"13770",4585,917,3668
"13771",4890,978,3912
"13772",4620,924,3696
"13773",4770,954,3816
"13774",4055,811,3244
"13775",5600,1120,4480
"13776",4680,936,3744
"13777",4530,906,3624
"13778",4105,821,3284
"13779",5105,1021,4084
"13780",4445,889,3556
"13781",5875,1175,4700
"13782",5790,1158,4632
"13783",3730,746,2984
"13784",3855,771,3084
"13785",4275,855,3420
"13786",7075,1415,5660
"13787",3850,770,3080
"13788",5500,1100,4400
"13789",5585,1117,4468
"13790",4825,965,3860
"13791",3550,710,2840
"13792",4010,802,3208
"13793",6060,1212,4848
"13794",5170,1034,4136
"13795",5635,1127,4508
"13796",4490,898,3592
"13797",5555,1111,4444
"13798",4215,843,3372
"13799",4080,816,3264
"13800",3690,738,2952
"13801",4575,915,3660
"13802",4185,837,3348
"13803",3715,743,2972
"13804",4585,917,3668
"13805",3500,700,2800
"13806",5285,1057,4228
"13807",4165,833,3332
"13808",6085,1217,4868
"13809",3325,665,2660
"13810",4870,974,3896
"13811",4970,994,3976
"13812",4450,890,3560
"13813",4140,828,3312
"13814",4575,915,3660
"13815",4440,888,3552
"13816",5365,1073,4292
"13817",5025,1005,4020
"13818",3920,784,3136
"13819",6230,1246,4984
"13820",4805,961,3844
"13821",4490,898,3592
"13822",8170,1634,6536
"13823",5585,1117,4468
"13824",5870,1174,4696
"13825",3870,774,3096
"13826",5145,1029,4116
"13827",5280,1056,4224
"13828",4080,816,3264
"13829",4315,863,3452
"13830",3485,697,2788
"13831",4640,928,3712
"13832",7460,1492,5968
"13833",4335,867,3468
"13834",4725,945,3780
"13835",4130,826,3304
"13836",3925,785,3140
"13837",5320,1064,4256
"13838",5035,1007,4028
"13839",5550,1110,4440
"13840",4910,982,3928
"13841",5640,1128,4512
"13842",4945,989,3956
"13843",5430,1086,4344
"13844",3865,773,3092
"13845",4695,939,3756
"13846",4010,802,3208
"13847",5000,1000,4000
"13848",7120,1424,5696
"13849",3765,753,3012
"13850",3660,732,2928
"13851",5860,1172,4688
"13852",4830,966,3864
"13853",5410,1082,4328
"13854",4795,959,3836
"13855",4500,900,3600
"13856",4455,891,3564
"13857",3430,686,2744
"13858",4140,828,3312
"13859",8015,1603,6412
"13860",4540,908,3632
"13861",4730,946,3784
"13862",3075,615,2460
"13863",4485,897,3588
"13864",4060,812,3248
"13865",4445,889,3556
"13866",4515,903,3612
"13867",6090,1218,4872
"13868",5320,1064,4256
"13869",4840,968,3872
"13870",3100,620,2480
"13871",4375,875,3500
"13872",3445,689,2756
"13873",4385,877,3508
"13874",5580,1116,4464
"13875",4055,811,3244
"13876",5505,1101,4404
"13877",3545,709,2836
"13878",4570,914,3656
"13879",4330,866,3464
"13880",4955,991,3964
"13881",5170,1034,4136
"13882",3755,751,3004
"13883",4365,873,3492
"13884",6170,1234,4936
"13885",4960,992,3968
"13886",4060,812,3248
"13887",4135,827,3308
"13888",4080,816,3264
"13889",5175,1035,4140
"13890",5245,1049,4196
"13891",4690,938,3752
"13892",6335,1267,5068
"13893",3865,773,3092
"13894",4405,881,3524
"13895",5090,1018,4072
"13896",5480,1096,4384
"13897",4275,855,3420
"13898",3545,709,2836
"13899",3720,744,2976
"13900",3955,791,3164
"13901",4780,956,3824
"13902",4815,963,3852
"13903",4405,881,3524
"13904",4490,898,3592
"13905",4690,938,3752
"13906",4120,824,3296
"13907",4335,867,3468
"13908",4745,949,3796
"13909",3945,789,3156
"13910",4465,893,3572
"13911",4500,900,3600
"13912",3910,782,3128
"13913",6490,1298,5192
"13914",4285,857,3428
"13915",4635,927,3708
"13916",3105,621,2484
"13917",3900,780,3120
"13918",5385,1077,4308
"13919",5720,1144,4576
"13920",5810,1162,4648
"13921",3645,729,2916
"13922",5160,1032,4128
"13923",4575,915,3660
"13924",4070,814,3256
"13925",4710,942,3768
"13926",5590,1118,4472
"13927",3780,756,3024
"13928",6675,1335,5340
"13929",5565,1113,4452
"13930",7160,1432,5728
"13931",4105,821,3284
"13932",4610,922,3688
"13933",4155,831,3324
"13934",4265,853,3412
"13935",4720,944,3776
"13936",8215,1643,6572
"13937",4240,848,3392
"13938",4005,801,3204
"13939",3645,729,2916
"13940",5650,1130,4520
"13941",4715,943,3772
"13942",5075,1015,4060
"13943",6785,1357,5428
"13944",3995,799,3196
"13945",5760,1152,4608
"13946",5060,1012,4048
"13947",4730,946,3784
"13948",3885,777,3108
"13949",3890,778,3112
"13950",4315,863,3452
"13951",4125,825,3300
"13952",5125,1025,4100
"13953",4535,907,3628
"13954",4970,994,3976
"13955",9105,1821,7284
"13956",5285,1057,4228
"13957",4830,966,3864
"13958",4490,898,3592
"13959",7465,1493,5972
"13960",5300,1060,4240
"13961",6320,1264,5056
"13962",4560,912,3648
"13963",6350,1270,5080
"13964",7585,1517,6068
"13965",4390,878,3512
"13966",5575,1115,4460
"13967",5150,1030,4120
"13968",4700,940,3760
"13969",6390,1278,5112
"13970",5455,1091,4364
"13971",4475,895,3580
"13972",4810,962,3848
"13973",4415,883,3532
"13974",5710,1142,4568
"13975",3790,758,3032
"13976",3920,784,3136
"13977",5680,1136,4544
"13978",5445,1089,4356
"13979",5570,1114,4456
"13980",4305,861,3444
"13981",5105,1021,4084
"13982",3570,714,2856
"13983",5850,1170,4680
"13984",5050,1010,4040
"13985",5195,1039,4156
"13986",4465,893,3572
"13987",5785,1157,4628
"13988",4850,970,3880
"13989",4835,967,3868
"13990",4335,867,3468
"13991",3960,792,3168
"13992",4785,957,3828
"13993",3980,796,3184
"13994",4685,937,3748
"13995",6280,1256,5024
"13996",6030,1206,4824
"13997",3915,783,3132
"13998",3935,787,3148
"13999",4495,899,3596
"14000",4780,956,3824
"14001",3400,680,2720
"14002",4590,918,3672
"14003",5320,1064,4256
"14004",3535,707,2828
"14005",4675,935,3740
"14006",4340,868,3472
"14007",3840,768,3072
"14008",4540,908,3632
"14009",4110,822,3288
"14010",3695,739,2956
"14011",7140,1428,5712
"14012",7345,1469,5876
"14013",5770,1154,4616
"14014",4220,844,3376
"14015",4435,887,3548
"14016",5335,1067,4268
"14017",4345,869,3476
"14018",5490,1098,4392
"14019",5860,1172,4688
"14020",3900,780,3120
"14021",5695,1139,4556
"14022",5080,1016,4064
"14023",5410,1082,4328
"14024",3465,693,2772
"14025",3530,706,2824
"14026",4465,893,3572
"14027",4690,938,3752
"14028",5160,1032,4128
"14029",4105,821,3284
"14030",4625,925,3700
"14031",4410,882,3528
"14032",6245,1249,4996
"14033",4810,962,3848
"14034",5365,1073,4292
"14035",3555,711,2844
"14036",7900,1580,6320
"14037",3675,735,2940
"14038",5175,1035,4140
"14039",5720,1144,4576
"14040",5055,1011,4044
"14041",5230,1046,4184
"14042",5190,1038,4152
"14043",4025,805,3220
"14044",3800,760,3040
"14045",4635,927,3708
"14046",3815,763,3052
"14047",5205,1041,4164
"14048",3895,779,3116
"14049",6415,1283,5132
"14050",4460,892,3568
"14051",4060,812,3248
"14052",5855,1171,4684
"14053",4630,926,3704
"14054",4830,966,3864
"14055",4545,909,3636
"14056",4130,826,3304
"14057",4630,926,3704
"14058",4110,822,3288
"14059",4225,845,3380
"14060",4270,854,3416
"14061",4275,855,3420
"14062",5010,1002,4008
"14063",6970,1394,5576
"14064",3090,618,2472
"14065",7150,1430,5720
"14066",4285,857,3428
"14067",4755,951,3804
"14068",3985,797,3188
"14069",4500,900,3600
"14070",4885,977,3908
"14071",4420,884,3536
"14072",4140,828,3312
"14073",5940,1188,4752
"14074",5440,1088,4352
"14075",6045,1209,4836
"14076",4915,983,3932
"14077",4485,897,3588
"14078",5720,1144,4576
"14079",4235,847,3388
"14080",4650,930,3720
"14081",3835,767,3068
"14082",5825,1165,4660
"14083",4290,858,3432
"14084",6730,1346,5384
"14085",3985,797,3188
"14086",3885,777,3108
"14087",5705,1141,4564
"14088",3545,709,2836
"14089",5905,1181,4724
"14090",3970,794,3176
"14091",5340,1068,4272
"14092",5400,1080,4320
"14093",5040,1008,4032
"14094",3530,706,2824
"14095",4070,814,3256
"14096",5150,1030,4120
"14097",4425,885,3540
"14098",4425,885,3540
"14099",4175,835,3340
"14100",5095,1019,4076
"14101",4290,858,3432
"14102",7260,1452,5808
"14103",3955,791,3164
"14104",5400,1080,4320
"14105",4080,816,3264
"14106",4340,868,3472
"14107",4985,997,3988
"14108",4700,940,3760
"14109",4620,924,3696
"14110",4300,860,3440
"14111",3795,759,3036
"14112",3955,791,3164
"14113",4020,804,3216
"14114",4190,838,3352
"14115",5120,1024,4096
"14116",3770,754,3016
"14117",7090,1418,5672
"14118",4255,851,3404
"14119",4615,923,3692
"14120",4775,955,3820
"14121",4185,837,3348
"14122",4225,845,3380
"14123",6860,1372,5488
"14124",4445,889,3556
"14125",5790,1158,4632
"14126",4945,989,3956
"14127",4510,902,3608
"14128",4055,811,3244
"14129",3700,740,2960
"14130",4850,970,3880
"14131",4610,922,3688
"14132",3850,770,3080
"14133",3440,688,2752
"14134",4535,907,3628
"14135",4500,900,3600
"14136",5455,1091,4364
"14137",4270,854,3416
"14138",4120,824,3296
"14139",5475,1095,4380
"14140",3955,791,3164
"14141",3540,708,2832
"14142",6395,1279,5116
"14143",4305,861,3444
"14144",3440,688,2752
"14145",4900,980,3920
"14146",3560,712,2848
"14147",4170,834,3336
"14148",3525,705,2820
"14149",6525,1305,5220
"14150",4295,859,3436
"14151",4950,990,3960
"14152",3665,733,2932
"14153",3910,782,3128
"14154",3825,765,3060
"14155",4390,878,3512
"14156",6385,1277,5108
"14157",5535,1107,4428
"14158",3905,781,3124
"14159",4095,819,3276
"14160",4405,881,3524
"14161",4790,958,3832
"14162",4395,879,3516
"14163",5230,1046,4184
"14164",6975,1395,5580
"14165",4345,869,3476
"14166",5125,1025,4100
"14167",5135,1027,4108
"14168",5745,1149,4596
"14169",3605,721,2884
"14170",4100,820,3280
"14171",5635,1127,4508
"14172",3830,766,3064
"14173",4075,815,3260
"14174",4285,857,3428
"14175",4820,964,3856
"14176",3835,767,3068
"14177",4095,819,3276
"14178",5340,1068,4272
"14179",4850,970,3880
"14180",4740,948,3792
"14181",5120,1024,4096
"14182",3885,777,3108
"14183",4405,881,3524
"14184",6020,1204,4816
"14185",4200,840,3360
"14186",4835,967,3868
"14187",3985,797,3188
"14188",4070,814,3256
"14189",5240,1048,4192
"14190",4970,994,3976
"14191",5610,1122,4488
"14192",6185,1237,4948
"14193",5170,1034,4136
"14194",4875,975,3900
"14195",4380,876,3504
"14196",4275,855,3420
"14197",4455,891,3564
"14198",5295,1059,4236
"14199",4040,808,3232
"14200",4995,999,3996
"14201",4940,988,3952
"14202",6255,1251,5004
"14203",3945,789,3156
"14204",4695,939,3756
"14205",4835,967,3868
"14206",4360,872,3488
"14207",5035,1007,4028
"14208",4135,827,3308
"14209",5870,1174,4696
"14210",4900,980,3920
"14211",4290,858,3432
"14212",4095,819,3276
"14213",4665,933,3732
"14214",4675,935,3740
"14215",5215,1043,4172
"14216",4780,956,3824
"14217",4970,994,3976
"14218",5875,1175,4700
"14219",5235,1047,4188
"14220",4640,928,3712
"14221",5920,1184,4736
"14222",4110,822,3288
"14223",4860,972,3888
"14224",4335,867,3468
"14225",4995,999,3996
"14226",4010,802,3208
"14227",3910,782,3128
"14228",5430,1086,4344
"14229",4200,840,3360
"14230",5115,1023,4092
"14231",4240,848,3392
"14232",4525,905,3620
"14233",5375,1075,4300
"14234",4120,824,3296
"14235",7000,1400,5600
"14236",4685,937,3748
"14237",5705,1141,4564
"14238",4025,805,3220
"14239",4580,916,3664
"14240",5875,1175,4700
"14241",5920,1184,4736
"14242",4025,805,3220
"14243",4190,838,3352
"14244",4530,906,3624
"14245",4710,942,3768
"14246",3755,751,3004
"14247",4985,997,3988
"14248",5655,1131,4524
"14249",5315,1063,4252
"14250",3640,728,2912
"14251",3645,729,2916
"14252",3930,786,3144
"14253",4425,885,3540
"14254",4965,993,3972
"14255",5880,1176,4704
"14256",3795,759,3036
"14257",5040,1008,4032
"14258",4600,920,3680
"14259",4880,976,3904
"14260",4385,877,3508
"14261",4610,922,3688
"14262",4825,965,3860
"14263",4260,852,3408
"14264",5255,1051,4204
"14265",5670,1134,4536
"14266",3810,762,3048
"14267",5405,1081,4324
"14268",3645,729,2916
"14269",4495,899,3596
"14270",5025,1005,4020
"14271",5865,1173,4692
"14272",4860,972,3888
"14273",5730,1146,4584
"14274",3405,681,2724
"14275",3265,653,2612
"14276",4470,894,3576
"14277",6310,1262,5048
"14278",5435,1087,4348
"14279",4940,988,3952
"14280",4255,851,3404
"14281",4510,902,3608
"14282",6085,1217,4868
"14283",4650,930,3720
"14284",4310,862,3448
"14285",4555,911,3644
"14286",4620,924,3696
"14287",4425,885,3540
"14288",4505,901,3604
"14289",5630,1126,4504
"14290",3850,770,3080
"14291",3185,637,2548
"14292",5410,1082,4328
"14293",3725,745,2980
"14294",6940,1388,5552
"14295",5270,1054,4216
"14296",4865,973,3892
"14297",4835,967,3868
"14298",3885,777,3108
"14299",4050,810,3240
"14300",3655,731,2924
"14301",5060,1012,4048
"14302",4065,813,3252
"14303",4240,848,3392
"14304",4400,880,3520
"14305",4935,987,3948
"14306",5400,1080,4320
"14307",5480,1096,4384
"14308",4995,999,3996
"14309",5480,1096,4384
"14310",4685,937,3748
"14311",5465,1093,4372
"14312",5945,1189,4756
"14313",3795,759,3036
"14314",5285,1057,4228
"14315",6190,1238,4952
"14316",3935,787,3148
"14317",4390,878,3512
"14318",4930,986,3944
"14319",4090,818,3272
"14320",4060,812,3248
"14321",5165,1033,4132
"14322",4030,806,3224
"14323",4805,961,3844
"14324",4105,821,3284
"14325",4395,879,3516
"14326",4465,893,3572
"14327",5470,1094,4376
"14328",5070,1014,4056
"14329",5015,1003,4012
"14330",5705,1141,4564
"14331",5085,1017,4068
"14332",4295,859,3436
"14333",4605,921,3684
"14334",4860,972,3888
"14335",4220,844,3376
"14336",4200,840,3360
"14337",4290,858,3432
"14338",3990,798,3192
"14339",4300,860,3440
"14340",5095,1019,4076
"14341",3615,723,2892
"14342",5080,1016,4064
"14343",6960,1392,5568
"14344",6010,1202,4808
"14345",5005,1001,4004
"14346",4670,934,3736
"14347",4835,967,3868
"14348",5450,1090,4360
"14349",5830,1166,4664
"14350",4135,827,3308
"14351",4035,807,3228
"14352",4850,970,3880
"14353",3835,767,3068
"14354",4780,956,3824
"14355",5505,1101,4404
"14356",4845,969,3876
"14357",5070,1014,4056
"14358",4225,845,3380
"14359",3780,756,3024
"14360",4105,821,3284
"14361",5185,1037,4148
"14362",4390,878,3512
"14363",4805,961,3844
"14364",5440,1088,4352
"14365",4465,893,3572
"14366",5755,1151,4604
"14367",5085,1017,4068
"14368",3710,742,2968
"14369",5130,1026,4104
"14370",5975,1195,4780
"14371",5240,1048,4192
"14372",4590,918,3672
"14373",3795,759,3036
"14374",5085,1017,4068
"14375",5165,1033,4132
"14376",3850,770,3080
"14377",4135,827,3308
"14378",4800,960,3840
"14379",5170,1034,4136
"14380",4370,874,3496
"14381",4155,831,3324
"14382",3815,763,3052
"14383",4830,966,3864
"14384",4260,852,3408
"14385",4040,808,3232
"14386",5030,1006,4024
"14387",5065,1013,4052
"14388",5055,1011,4044
"14389",4530,906,3624
"14390",3645,729,2916
"14391",4755,951,3804
"14392",5175,1035,4140
"14393",6935,1387,5548
"14394",3775,755,3020
"14395",6480,1296,5184
"14396",5025,1005,4020
"14397",4825,965,3860
"14398",4845,969,3876
"14399",4550,910,3640
"14400",4100,820,3280
"14401",5905,1181,4724
"14402",4645,929,3716
"14403",3600,720,2880
"14404",4485,897,3588
"14405",5295,1059,4236
"14406",5275,1055,4220
"14407",4870,974,3896
"14408",4020,804,3216
"14409",4540,908,3632
"14410",4050,810,3240
"14411",4630,926,3704
"14412",4755,951,3804
"14413",4135,827,3308
"14414",4395,879,3516
"14415",5225,1045,4180
"14416",3940,788,3152
"14417",4150,830,3320
"14418",4745,949,3796
"14419",5450,1090,4360
"14420",4130,826,3304
"14421",4115,823,3292
"14422",5000,1000,4000
"14423",5240,1048,4192
"14424",5015,1003,4012
"14425",4270,854,3416
"14426",4465,893,3572
"14427",3820,764,3056
"14428",5725,1145,4580
"14429",4585,917,3668
"14430",4705,941,3764
"14431",4460,892,3568
"14432",4495,899,3596
"14433",6465,1293,5172
"14434",4790,958,3832
"14435",5315,1063,4252
"14436",4115,823,3292
"14437",3140,628,2512
"14438",5955,1191,4764
"14439",3290,658,2632
"14440",3900,780,3120
"14441",4525,905,3620
"14442",5660,1132,4528
"14443",6485,1297,5188
"14444",5255,1051,4204
"14445",4640,928,3712
"14446",4610,922,3688
"14447",3965,793,3172
"14448",3455,691,2764
"14449",5710,1142,4568
"14450",6915,1383,5532
"14451",4645,929,3716
"14452",4410,882,3528
"14453",5635,1127,4508
"14454",3525,705,2820
"14455",4545,909,3636
"14456",4795,959,3836
"14457",4030,806,3224
"14458",5950,1190,4760
"14459",4880,976,3904
"14460",5690,1138,4552
"14461",4500,900,3600
"14462",6325,1265,5060
"14463",6655,1331,5324
"14464",3900,780,3120
"14465",5120,1024,4096
"14466",6655,1331,5324
"14467",5150,1030,4120
"14468",5390,1078,4312
"14469",3995,799,3196
"14470",5125,1025,4100
"14471",5420,1084,4336
"14472",5155,1031,4124
"14473",6895,1379,5516
"14474",5275,1055,4220
"14475",5785,1157,4628
"14476",5055,1011,4044
"14477",4965,993,3972
"14478",6045,1209,4836
"14479",4245,849,3396
"14480",5765,1153,4612
"14481",5695,1139,4556
"14482",5980,1196,4784
"14483",3660,732,2928
"14484",4580,916,3664
"14485",5645,1129,4516
"14486",5275,1055,4220
"14487",5150,1030,4120
"14488",4290,858,3432
"14489",4370,874,3496
"14490",6225,1245,4980
"14491",4615,923,3692
"14492",5750,1150,4600
"14493",5980,1196,4784
"14494",3535,707,2828
"14495",4825,965,3860
"14496",4890,978,3912
"14497",4915,983,3932
"14498",5500,1100,4400
"14499",4070,814,3256
"14500",4320,864,3456
"14501",3850,770,3080
"14502",4555,911,3644
"14503",4140,828,3312
"14504",3580,716,2864
"14505",5000,1000,4000
"14506",3360,672,2688
"14507",3760,752,3008
"14508",4455,891,3564
"14509",5080,1016,4064
"14510",5090,1018,4072
"14511",4895,979,3916
"14512",6090,1218,4872
"14513",5650,1130,4520
"14514",4970,994,3976
"14515",4455,891,3564
"14516",4885,977,3908
"14517",3570,714,2856
"14518",4560,912,3648
"14519",4805,961,3844
"14520",4435,887,3548
"14521",3805,761,3044
"14522",5125,1025,4100
"14523",4315,863,3452
"14524",4795,959,3836
"14525",4710,942,3768
"14526",4055,811,3244
"14527",5265,1053,4212
"14528",4010,802,3208
"14529",4425,885,3540
"14530",6170,1234,4936
"14531",5190,1038,4152
"14532",5045,1009,4036
"14533",6025,1205,4820
"14534",6200,1240,4960
"14535",4230,846,3384
"14536",4070,814,3256
"14537",5040,1008,4032
"14538",3950,790,3160
"14539",4310,862,3448
"14540",4500,900,3600
"14541",5100,1020,4080
"14542",5590,1118,4472
"14543",4140,828,3312
"14544",4590,918,3672
"14545",4705,941,3764
"14546",5175,1035,4140
"14547",3190,638,2552
"14548",3920,784,3136
"14549",4450,890,3560
"14550",4950,990,3960
"14551",4045,809,3236
"14552",5600,1120,4480
"14553",4345,869,3476
"14554",3520,704,2816
"14555",6390,1278,5112
"14556",4505,901,3604
"14557",4240,848,3392
"14558",5760,1152,4608
"14559",4290,858,3432
"14560",4350,870,3480
"14561",4175,835,3340
"14562",3615,723,2892
"14563",5130,1026,4104
"14564",3710,742,2968
"14565",5850,1170,4680
"14566",3720,744,2976
"14567",4300,860,3440
"14568",4005,801,3204
"14569",4070,814,3256
"14570",3885,777,3108
"14571",5620,1124,4496
"14572",4495,899,3596
"14573",5095,1019,4076
"14574",4070,814,3256
"14575",4395,879,3516
"14576",3720,744,2976
"14577",4400,880,3520
"14578",5465,1093,4372
"14579",4910,982,3928
"14580",4610,922,3688
"14581",3985,797,3188
"14582",4680,936,3744
"14583",5055,1011,4044
"14584",3995,799,3196
"14585",3930,786,3144
"14586",6000,1200,4800
"14587",5020,1004,4016
"14588",6690,1338,5352
"14589",4735,947,3788
"14590",3400,680,2720
"14591",4425,885,3540
"14592",4710,942,3768
"14593",5295,1059,4236
"14594",3945,789,3156
"14595",3180,636,2544
"14596",4005,801,3204
"14597",4445,889,3556
"14598",5120,1024,4096
"14599",4105,821,3284
"14600",4055,811,3244
"14601",4190,838,3352
"14602",5870,1174,4696
"14603",4430,886,3544
"14604",4200,840,3360
"14605",4160,832,3328
"14606",3505,701,2804
"14607",5150,1030,4120
"14608",5200,1040,4160
"14609",4635,927,3708
"14610",5105,1021,4084
"14611",5170,1034,4136
"14612",3665,733,2932
"14613",4410,882,3528
"14614",6125,1225,4900
"14615",3680,736,2944
"14616",5830,1166,4664
"14617",4255,851,3404
"14618",3730,746,2984
"14619",3430,686,2744
"14620",5165,1033,4132
"14621",4265,853,3412
"14622",3715,743,2972
"14623",5370,1074,4296
"14624",6305,1261,5044
"14625",5555,1111,4444
"14626",6250,1250,5000
"14627",3660,732,2928
"14628",4185,837,3348
"14629",6905,1381,5524
"14630",6450,1290,5160
"14631",4780,956,3824
"14632",3990,798,3192
"14633",4980,996,3984
"14634",4875,975,3900
"14635",4495,899,3596
"14636",4490,898,3592
"14637",4605,921,3684
"14638",4085,817,3268
"14639",5205,1041,4164
"14640",3980,796,3184
"14641",5205,1041,4164
"14642",3585,717,2868
"14643",3560,712,2848
"14644",4700,940,3760
"14645",5100,1020,4080
"14646",5165,1033,4132
"14647",4075,815,3260
"14648",4875,975,3900
"14649",3505,701,2804
"14650",6255,1251,5004
"14651",4405,881,3524
"14652",4755,951,3804
"14653",3695,739,2956
"14654",6455,1291,5164
"14655",6205,1241,4964
"14656",5020,1004,4016
"14657",3900,780,3120
"14658",3665,733,2932
"14659",5035,1007,4028
"14660",5150,1030,4120
"14661",3960,792,3168
"14662",4055,811,3244
"14663",4520,904,3616
"14664",5665,1133,4532
"14665",4555,911,3644
"14666",4360,872,3488
"14667",3930,786,3144
"14668",4715,943,3772
"14669",4395,879,3516
"14670",4030,806,3224
"14671",4395,879,3516
"14672",4850,970,3880
"14673",5295,1059,4236
"14674",6000,1200,4800
"14675",4075,815,3260
"14676",5775,1155,4620
"14677",4845,969,3876
"14678",6600,1320,5280
"14679",4475,895,3580
"14680",5275,1055,4220
"14681",4615,923,3692
"14682",5760,1152,4608
"14683",8450,1690,6760
"14684",5060,1012,4048
"14685",5110,1022,4088
"14686",7220,1444,5776
"14687",5075,1015,4060
"14688",3995,799,3196
"14689",4295,859,3436
"14690",4995,999,3996
"14691",5460,1092,4368
"14692",4620,924,3696
"14693",4415,883,3532
"14694",3750,750,3000
"14695",4645,929,3716
"14696",4035,807,3228
"14697",5765,1153,4612
"14698",4370,874,3496
"14699",3930,786,3144
"14700",3895,779,3116
"14701",4395,879,3516
"14702",4820,964,3856
"14703",3760,752,3008
"14704",5235,1047,4188
"14705",4170,834,3336
"14706",4335,867,3468
"14707",3885,777,3108
"14708",4370,874,3496
"14709",4280,856,3424
"14710",6035,1207,4828
"14711",4405,881,3524
"14712",4460,892,3568
"14713",4570,914,3656
"14714",4360,872,3488
"14715",3590,718,2872
"14716",3735,747,2988
"14717",5485,1097,4388
"14718",6215,1243,4972
"14719",4125,825,3300
"14720",4825,965,3860
"14721",6610,1322,5288
"14722",3925,785,3140
"14723",4645,929,3716
"14724",7065,1413,5652
"14725",3960,792,3168
"14726",4630,926,3704
"14727",4375,875,3500
"14728",5510,1102,4408
"14729",4445,889,3556
"14730",4590,918,3672
"14731",3590,718,2872
"14732",5190,1038,4152
"14733",3590,718,2872
"14734",3770,754,3016
"14735",4140,828,3312
"14736",4190,838,3352
"14737",4785,957,3828
"14738",3570,714,2856
"14739",3710,742,2968
"14740",6015,1203,4812
"14741",3975,795,3180
"14742",4680,936,3744
"14743",4810,962,3848
"14744",4090,818,3272
"14745",3620,724,2896
"14746",4395,879,3516
"14747",3970,794,3176
"14748",4310,862,3448
"14749",4175,835,3340
"14750",4695,939,3756
"14751",4085,817,3268
"14752",4525,905,3620
"14753",4145,829,3316
"14754",4945,989,3956
"14755",6355,1271,5084
"14756",4435,887,3548
"14757",5985,1197,4788
"14758",3455,691,2764
"14759",4540,908,3632
"14760",6150,1230,4920
"14761",4465,893,3572
"14762",5220,1044,4176
"14763",5015,1003,4012
"14764",4540,908,3632
"14765",4200,840,3360
"14766",4830,966,3864
"14767",4165,833,3332
"14768",4065,813,3252
"14769",6625,1325,5300
"14770",5235,1047,4188
"14771",4405,881,3524
"14772",6085,1217,4868
"14773",5470,1094,4376
"14774",4770,954,3816
"14775",4220,844,3376
"14776",4290,858,3432
"14777",4985,997,3988
"14778",4370,874,3496
"14779",4615,923,3692
"14780",3760,752,3008
"14781",4095,819,3276
"14782",3905,781,3124
"14783",5105,1021,4084
"14784",3930,786,3144
"14785",3655,731,2924
"14786",4960,992,3968
"14787",3985,797,3188
"14788",4245,849,3396
"14789",5130,1026,4104
"14790",6580,1316,5264
"14791",5105,1021,4084
"14792",3910,782,3128
"14793",3960,792,3168
"14794",4320,864,3456
"14795",7315,1463,5852
"14796",4300,860,3440
"14797",4990,998,3992
"14798",5635,1127,4508
"14799",5540,1108,4432
"14800",4600,920,3680
"14801",5890,1178,4712
"14802",4005,801,3204
"14803",3820,764,3056
"14804",4495,899,3596
"14805",3700,740,2960
"14806",4355,871,3484
"14807",4780,956,3824
"14808",3850,770,3080
"14809",4985,997,3988
"14810",4965,993,3972
"14811",5730,1146,4584
"14812",5450,1090,4360
"14813",5040,1008,4032
"14814",3430,686,2744
"14815",5950,1190,4760
"14816",3880,776,3104
"14817",4080,816,3264
"14818",4940,988,3952
"14819",4475,895,3580
"14820",4365,873,3492
"14821",4870,974,3896
"14822",4130,826,3304
"14823",4205,841,3364
"14824",5320,1064,4256
"14825",3920,784,3136
"14826",4985,997,3988
"14827",4345,869,3476
"14828",4850,970,3880
"14829",4760,952,3808
"14830",3370,674,2696
"14831",5320,1064,4256
"14832",3645,729,2916
"14833",4555,911,3644
"14834",4360,872,3488
"14835",4455,891,3564
"14836",3820,764,3056
"14837",4410,882,3528
"14838",3895,779,3116
"14839",4885,977,3908
"14840",4600,920,3680
"14841",4770,954,3816
"14842",3725,745,2980
"14843",5025,1005,4020
"14844",5665,1133,4532
"14845",6595,1319,5276
"14846",5825,1165,4660
"14847",5190,1038,4152
"14848",4355,871,3484
"14849",4275,855,3420
"14850",3860,772,3088
"14851",5175,1035,4140
"14852",5180,1036,4144
"14853",4790,958,3832
"14854",5875,1175,4700
"14855",5485,1097,4388
"14856",5865,1173,4692
"14857",6830,1366,5464
"14858",4090,818,3272
"14859",5545,1109,4436
"14860",5060,1012,4048
"14861",5545,1109,4436
"14862",4250,850,3400
"14863",4775,955,3820
"14864",4625,925,3700
"14865",4720,944,3776
"14866",3940,788,3152
"14867",4090,818,3272
"14868",4790,958,3832
"14869",5495,1099,4396
"14870",4065,813,3252
"14871",4120,824,3296
"14872",4870,974,3896
"14873",4645,929,3716
"14874",4885,977,3908
"14875",3950,790,3160
"14876",4965,993,3972
"14877",4335,867,3468
"14878",4505,901,3604
"14879",4555,911,3644
"14880",5795,1159,4636
"14881",5440,1088,4352
"14882",5345,1069,4276
"14883",4755,951,3804
"14884",5005,1001,4004
"14885",4410,882,3528
"14886",3755,751,3004
"14887",3815,763,3052
"14888",4530,906,3624
"14889",3495,699,2796
"14890",4535,907,3628
"14891",6075,1215,4860
"14892",5435,1087,4348
"14893",6400,1280,5120
"14894",5665,1133,4532
"14895",4550,910,3640
"14896",5780,1156,4624
"14897",4135,827,3308
"14898",5135,1027,4108
"14899",4660,932,3728
"14900",4170,834,3336
"14901",5485,1097,4388
"14902",4085,817,3268
"14903",5445,1089,4356
"14904",4990,998,3992
"14905",4375,875,3500
"14906",4515,903,3612
"14907",4670,934,3736
"14908",4120,824,3296
"14909",4845,969,3876
"14910",4405,881,3524
"14911",4000,800,3200
"14912",5090,1018,4072
"14913",4180,836,3344
"14914",4140,828,3312
"14915",5045,1009,4036
"14916",4345,869,3476
"14917",4740,948,3792
"14918",5260,1052,4208
"14919",4885,977,3908
"14920",3830,766,3064
"14921",5000,1000,4000
"14922",4685,937,3748
"14923",4845,969,3876
"14924",6125,1225,4900
"14925",5345,1069,4276
"14926",4790,958,3832
"14927",4895,979,3916
"14928",3480,696,2784
"14929",4650,930,3720
"14930",3530,706,2824
"14931",3785,757,3028
"14932",4355,871,3484
"14933",5040,1008,4032
"14934",5825,1165,4660
"14935",4930,986,3944
"14936",4720,944,3776
"14937",4215,843,3372
"14938",4685,937,3748
"14939",4065,813,3252
"14940",5445,1089,4356
"14941",3655,731,2924
"14942",4265,853,3412
"14943",5015,1003,4012
"14944",6190,1238,4952
"14945",5220,1044,4176
"14946",4135,827,3308
"14947",4765,953,3812
"14948",4285,857,3428
"14949",5320,1064,4256
"14950",6025,1205,4820
"14951",5450,1090,4360
"14952",3850,770,3080
"14953",5875,1175,4700
"14954",4575,915,3660
"14955",4370,874,3496
"14956",4095,819,3276
"14957",4280,856,3424
"14958",4385,877,3508
"14959",4040,808,3232
"14960",8035,1607,6428
"14961",4870,974,3896
"14962",6425,1285,5140
"14963",3980,796,3184
"14964",5200,1040,4160
"14965",3860,772,3088
"14966",4230,846,3384
"14967",6775,1355,5420
"14968",6835,1367,5468
"14969",6160,1232,4928
"14970",5210,1042,4168
"14971",4840,968,3872
"14972",4345,869,3476
"14973",6205,1241,4964
"14974",3575,715,2860
"14975",6095,1219,4876
"14976",4555,911,3644
"14977",4185,837,3348
"14978",4095,819,3276
"14979",4935,987,3948
"14980",4465,893,3572
"14981",4070,814,3256
"14982",4340,868,3472
"14983",4620,924,3696
"14984",5410,1082,4328
"14985",3895,779,3116
"14986",5135,1027,4108
"14987",3555,711,2844
"14988",4810,962,3848
"14989",4215,843,3372
"14990",4200,840,3360
"14991",3470,694,2776
"14992",6645,1329,5316
"14993",5010,1002,4008
"14994",4085,817,3268
"14995",3825,765,3060
"14996",4570,914,3656
"14997",5745,1149,4596
"14998",3390,678,2712
"14999",4910,982,3928
"15000",5230,1046,4184
"15001",4540,908,3632
"15002",5575,1115,4460
"15003",4505,901,3604
"15004",5140,1028,4112
"15005",4550,910,3640
"15006",4570,914,3656
"15007",6305,1261,5044
"15008",4930,986,3944
"15009",4090,818,3272
"15010",5640,1128,4512
"15011",3840,768,3072
"15012",4280,856,3424
"15013",4645,929,3716
"15014",4865,973,3892
"15015",4405,881,3524
"15016",3695,739,2956
"15017",7135,1427,5708
"15018",4185,837,3348
"15019",4235,847,3388
"15020",4555,911,3644
"15021",4895,979,3916
"15022",5600,1120,4480
"15023",4025,805,3220
"15024",4455,891,3564
"15025",3875,775,3100
"15026",4605,921,3684
"15027",5090,1018,4072
"15028",4560,912,3648
"15029",4175,835,3340
"15030",6765,1353,5412
"15031",3275,655,2620
"15032",4080,816,3264
"15033",4565,913,3652
"15034",4415,883,3532
"15035",4550,910,3640
"15036",4015,803,3212
"15037",4405,881,3524
"15038",4240,848,3392
"15039",4955,991,3964
"15040",5275,1055,4220
"15041",3570,714,2856
"15042",5165,1033,4132
"15043",4050,810,3240
"15044",4875,975,3900
"15045",4895,979,3916
"15046",5110,1022,4088
"15047",3650,730,2920
"15048",4975,995,3980
"15049",5505,1101,4404
"15050",4215,843,3372
"15051",4475,895,3580
"15052",3880,776,3104
"15053",5080,1016,4064
"15054",5145,1029,4116
"15055",4120,824,3296
"15056",4225,845,3380
"15057",3800,760,3040
"15058",4360,872,3488
"15059",4265,853,3412
"15060",4530,906,3624
"15061",4090,818,3272
"15062",4495,899,3596
"15063",4130,826,3304
"15064",5075,1015,4060
"15065",6220,1244,4976
"15066",4165,833,3332
"15067",6190,1238,4952
"15068",5105,1021,4084
"15069",6640,1328,5312
"15070",4095,819,3276
"15071",5730,1146,4584
"15072",4245,849,3396
"15073",4375,875,3500
"15074",5780,1156,4624
"15075",4395,879,3516
"15076",6255,1251,5004
"15077",6805,1361,5444
"15078",6575,1315,5260
"15079",4085,817,3268
"15080",4075,815,3260
"15081",5365,1073,4292
"15082",4010,802,3208
"15083",4680,936,3744
"15084",6160,1232,4928
"15085",3865,773,3092
"15086",3480,696,2784
"15087",4420,884,3536
"15088",3685,737,2948
"15089",4270,854,3416
"15090",4500,900,3600
"15091",3995,799,3196
"15092",4865,973,3892
"15093",5475,1095,4380
"15094",3125,625,2500
"15095",4800,960,3840
"15096",4115,823,3292
"15097",4205,841,3364
"15098",4265,853,3412
"15099",4410,882,3528
"15100",3930,786,3144
"15101",5450,1090,4360
"15102",3955,791,3164
"15103",6115,1223,4892
"15104",4745,949,3796
"15105",4650,930,3720
"15106",5395,1079,4316
"15107",4625,925,3700
"15108",5520,1104,4416
"15109",3800,760,3040
"15110",5320,1064,4256
"15111",4650,930,3720
"15112",4910,982,3928
"15113",4155,831,3324
"15114",5290,1058,4232
"15115",4270,854,3416
"15116",6335,1267,5068
"15117",4325,865,3460
"15118",3940,788,3152
"15119",3980,796,3184
"15120",4125,825,3300
"15121",4015,803,3212
"15122",3790,758,3032
"15123",6670,1334,5336
"15124",4135,827,3308
"15125",3570,714,2856
"15126",4565,913,3652
"15127",3605,721,2884
"15128",3415,683,2732
"15129",3995,799,3196
"15130",3635,727,2908
"15131",4850,970,3880
"15132",4945,989,3956
"15133",4175,835,3340
"15134",5225,1045,4180
"15135",4570,914,3656
"15136",4430,886,3544
"15137",4040,808,3232
"15138",4640,928,3712
"15139",4405,881,3524
"15140",4175,835,3340
"15141",4960,992,3968
"15142",4040,808,3232
"15143",7580,1516,6064
"15144",5680,1136,4544
"15145",4210,842,3368
"15146",3755,751,3004
"15147",5530,1106,4424
"15148",4160,832,3328
"15149",4880,976,3904
"15150",4600,920,3680
"15151",3835,767,3068
"15152",6395,1279,5116
"15153",5305,1061,4244
"15154",4285,857,3428
"15155",4725,945,3780
"15156",5800,1160,4640
"15157",5955,1191,4764
"15158",3780,756,3024
"15159",4265,853,3412
"15160",6755,1351,5404
"15161",3815,763,3052
"15162",4325,865,3460
"15163",5315,1063,4252
"15164",4090,818,3272
"15165",5365,1073,4292
"15166",5095,1019,4076
"15167",4475,895,3580
"15168",3425,685,2740
"15169",3825,765,3060
"15170",3715,743,2972
"15171",3895,779,3116
"15172",6240,1248,4992
"15173",5030,1006,4024
"15174",4520,904,3616
"15175",4615,923,3692
"15176",6355,1271,5084
"15177",4140,828,3312
"15178",4690,938,3752
"15179",4835,967,3868
"15180",4680,936,3744
"15181",6420,1284,5136
"15182",4965,993,3972
"15183",5605,1121,4484
"15184",5015,1003,4012
"15185",3795,759,3036
"15186",4290,858,3432
"15187",4815,963,3852
"15188",6225,1245,4980
"15189",4255,851,3404
"15190",4125,825,3300
"15191",3605,721,2884
"15192",5565,1113,4452
"15193",4630,926,3704
"15194",5015,1003,4012
"15195",3820,764,3056
"15196",5245,1049,4196
"15197",3655,731,2924
"15198",4120,824,3296
"15199",3440,688,2752
"15200",4275,855,3420
"15201",4435,887,3548
"15202",3945,789,3156
"15203",4575,915,3660
"15204",3940,788,3152
"15205",3380,676,2704
"15206",4090,818,3272
"15207",3950,790,3160
"15208",3900,780,3120
"15209",4145,829,3316
"15210",3950,790,3160
"15211",5685,1137,4548
"15212",4710,942,3768
"15213",4645,929,3716
"15214",3675,735,2940
"15215",5290,1058,4232
"15216",5025,1005,4020
"15217",4010,802,3208
"15218",4135,827,3308
"15219",5300,1060,4240
"15220",4870,974,3896
"15221",4385,877,3508
"15222",3500,700,2800
"15223",6010,1202,4808
"15224",4415,883,3532
"15225",4755,951,3804
"15226",5110,1022,4088
"15227",5325,1065,4260
"15228",5080,1016,4064
"15229",3355,671,2684
"15230",3965,793,3172
"15231",4400,880,3520
"15232",3410,682,2728
"15233",5140,1028,4112
"15234",3755,751,3004
"15235",3940,788,3152
"15236",3895,779,3116
"15237",4855,971,3884
"15238",4715,943,3772
"15239",4990,998,3992
"15240",4640,928,3712
"15241",6470,1294,5176
"15242",5265,1053,4212
"15243",4995,999,3996
"15244",3455,691,2764
"15245",6120,1224,4896
"15246",4660,932,3728
"15247",4220,844,3376
"15248",5290,1058,4232
"15249",5550,1110,4440
"15250",5375,1075,4300
"15251",3285,657,2628
"15252",4480,896,3584
"15253",4750,950,3800
"15254",4980,996,3984
"15255",4235,847,3388
"15256",4160,832,3328
"15257",4440,888,3552
"15258",6110,1222,4888
"15259",5135,1027,4108
"15260",4120,824,3296
"15261",4565,913,3652
"15262",6610,1322,5288
"15263",3420,684,2736
"15264",5040,1008,4032
"15265",4265,853,3412
"15266",4020,804,3216
"15267",5580,1116,4464
"15268",4820,964,3856
"15269",4155,831,3324
"15270",5185,1037,4148
"15271",3945,789,3156
"15272",3805,761,3044
"15273",3330,666,2664
"15274",6415,1283,5132
"15275",4210,842,3368
"15276",5880,1176,4704
"15277",6275,1255,5020
"15278",4215,843,3372
"15279",4235,847,3388
"15280",6715,1343,5372
"15281",3925,785,3140
"15282",4530,906,3624
"15283",5325,1065,4260
"15284",4135,827,3308
"15285",4600,920,3680
"15286",5585,1117,4468
"15287",6100,1220,4880
"15288",5940,1188,4752
"15289",4605,921,3684
"15290",4270,854,3416
"15291",5390,1078,4312
"15292",3850,770,3080
"15293",4180,836,3344
"15294",5365,1073,4292
"15295",5065,1013,4052
"15296",4785,957,3828
"15297",4110,822,3288
"15298",7445,1489,5956
"15299",3350,670,2680
"15300",4170,834,3336
"15301",5200,1040,4160
"15302",5055,1011,4044
"15303",4420,884,3536
"15304",3795,759,3036
"15305",7335,1467,5868
"15306",4550,910,3640
"15307",3585,717,2868
"15308",4070,814,3256
"15309",3800,760,3040
"15310",4720,944,3776
"15311",5725,1145,4580
"15312",5030,1006,4024
"15313",3545,709,2836
"15314",4165,833,3332
"15315",4555,911,3644
"15316",5025,1005,4020
"15317",4000,800,3200
"15318",4595,919,3676
"15319",3810,762,3048
"15320",3865,773,3092
"15321",5180,1036,4144
"15322",4780,956,3824
"15323",5255,1051,4204
"15324",5960,1192,4768
"15325",4000,800,3200
"15326",4520,904,3616
"15327",4720,944,3776
"15328",6030,1206,4824
"15329",4540,908,3632
"15330",4780,956,3824
"15331",4725,945,3780
"15332",4410,882,3528
"15333",4380,876,3504
"15334",4035,807,3228
"15335",3550,710,2840
"15336",5165,1033,4132
"15337",4085,817,3268
"15338",4355,871,3484
"15339",4210,842,3368
"15340",3800,760,3040
"15341",4380,876,3504
"15342",4380,876,3504
"15343",4120,824,3296
"15344",5045,1009,4036
"15345",3735,747,2988
"15346",4810,962,3848
"15347",5920,1184,4736
"15348",4510,902,3608
"15349",4010,802,3208
"15350",3375,675,2700
"15351",4040,808,3232
"15352",4965,993,3972
"15353",5160,1032,4128
"15354",3920,784,3136
"15355",4735,947,3788
"15356",4810,962,3848
"15357",5240,1048,4192
"15358",4890,978,3912
"15359",5060,1012,4048
"15360",3575,715,2860
"15361",4285,857,3428
"15362",5285,1057,4228
"15363",4860,972,3888
"15364",5810,1162,4648
"15365",5170,1034,4136
"15366",4805,961,3844
"15367",4975,995,3980
"15368",5150,1030,4120
"15369",4180,836,3344
"15370",3940,788,3152
"15371",5470,1094,4376
"15372",4425,885,3540
"15373",6610,1322,5288
"15374",4675,935,3740
"15375",5320,1064,4256
"15376",4575,915,3660
"15377",4120,824,3296
"15378",4195,839,3356
"15379",5350,1070,4280
"15380",4085,817,3268
"15381",5710,1142,4568
"15382",4705,941,3764
"15383",4565,913,3652
"15384",5140,1028,4112
"15385",3680,736,2944
"15386",3310,662,2648
"15387",4645,929,3716
"15388",4305,861,3444
"15389",5980,1196,4784
"15390",4115,823,3292
"15391",4220,844,3376
"15392",3490,698,2792
"15393",5730,1146,4584
"15394",4410,882,3528
"15395",4730,946,3784
"15396",4890,978,3912
"15397",3570,714,2856
"15398",3745,749,2996
"15399",6440,1288,5152
"15400",4415,883,3532
"15401",8175,1635,6540
"15402",4830,966,3864
"15403",3745,749,2996
"15404",3575,715,2860
"15405",3525,705,2820
"15406",3420,684,2736
"15407",4355,871,3484
"15408",6825,1365,5460
"15409",4045,809,3236
"15410",5390,1078,4312
"15411",4835,967,3868
"15412",4110,822,3288
"15413",3810,762,3048
"15414",6640,1328,5312
"15415",8280,1656,6624
"15416",4040,808,3232
"15417",4795,959,3836
"15418",5820,1164,4656
"15419",3580,716,2864
"15420",4125,825,3300
"15421",5620,1124,4496
"15422",4140,828,3312
"15423",4630,926,3704
"15424",7575,1515,6060
"15425",4010,802,3208
"15426",5630,1126,4504
"15427",4765,953,3812
"15428",3925,785,3140
"15429",4475,895,3580
"15430",3735,747,2988
"15431",4125,825,3300
"15432",5660,1132,4528
"15433",5460,1092,4368
"15434",5595,1119,4476
"15435",4210,842,3368
"15436",4010,802,3208
"15437",3670,734,2936
"15438",4210,842,3368
"15439",4780,956,3824
"15440",4805,961,3844
"15441",3345,669,2676
"15442",4775,955,3820
"15443",3705,741,2964
"15444",4875,975,3900
"15445",4440,888,3552
"15446",4790,958,3832
"15447",3995,799,3196
"15448",5050,1010,4040
"15449",4490,898,3592
"15450",3470,694,2776
"15451",4175,835,3340
"15452",7865,1573,6292
"15453",4405,881,3524
"15454",5360,1072,4288
"15455",3620,724,2896
"15456",5365,1073,4292
"15457",3480,696,2784
"15458",4565,913,3652
"15459",5190,1038,4152
"15460",5590,1118,4472
"15461",3770,754,3016
"15462",4000,800,3200
"15463",4805,961,3844
"15464",5580,1116,4464
"15465",4575,915,3660
"15466",3785,757,3028
"15467",4720,944,3776
"15468",3810,762,3048
"15469",4255,851,3404
"15470",4945,989,3956
"15471",4070,814,3256
"15472",4080,816,3264
"15473",4270,854,3416
"15474",3305,661,2644
"15475",3840,768,3072
"15476",3920,784,3136
"15477",5185,1037,4148
"15478",3920,784,3136
"15479",4020,804,3216
"15480",5700,1140,4560
"15481",6275,1255,5020
"15482",3625,725,2900
"15483",3065,613,2452
"15484",4750,950,3800
"15485",3605,721,2884
"15486",6130,1226,4904
"15487",5875,1175,4700
"15488",4955,991,3964
"15489",3690,738,2952
"15490",5940,1188,4752
"15491",4485,897,3588
"15492",4105,821,3284
"15493",4990,998,3992
"15494",4995,999,3996
"15495",5205,1041,4164
"15496",4365,873,3492
"15497",5155,1031,4124
"15498",4445,889,3556
"15499",3440,688,2752
"15500",5450,1090,4360
"15501",4030,806,3224
"15502",4260,852,3408
"15503",4085,817,3268
"15504",4085,817,3268
"15505",4345,869,3476
"15506",3895,779,3116
"15507",4150,830,3320
"15508",4140,828,3312
"15509",6120,1224,4896
"15510",5165,1033,4132
"15511",4725,945,3780
"15512",4265,853,3412
"15513",4575,915,3660
"15514",4560,912,3648
"15515",4500,900,3600
"15516",4095,819,3276
"15517",3560,712,2848
"15518",4855,971,3884
"15519",4675,935,3740
"15520",4265,853,3412
"15521",4250,850,3400
"15522",3950,790,3160
"15523",4550,910,3640
"15524",5125,1025,4100
"15525",4910,982,3928
"15526",4405,881,3524
"15527",4315,863,3452
"15528",6215,1243,4972
"15529",4860,972,3888
"15530",4605,921,3684
"15531",5490,1098,4392
"15532",5150,1030,4120
"15533",4000,800,3200
"15534",5425,1085,4340
"15535",6060,1212,4848
"15536",4950,990,3960
"15537",4620,924,3696
"15538",3890,778,3112
"15539",4945,989,3956
"15540",4175,835,3340
"15541",5305,1061,4244
"15542",4460,892,3568
"15543",4630,926,3704
"15544",6385,1277,5108
"15545",4510,902,3608
"15546",4815,963,3852
"15547",4090,818,3272
"15548",3280,656,2624
"15549",3700,740,2960
"15550",4950,990,3960
"15551",3685,737,2948
"15552",6320,1264,5056
"15553",6055,1211,4844
"15554",3785,757,3028
"15555",4230,846,3384
"15556",3420,684,2736
"15557",5195,1039,4156
"15558",4480,896,3584
"15559",4125,825,3300
"15560",3955,791,3164
"15561",5315,1063,4252
"15562",5955,1191,4764
"15563",5945,1189,4756
"15564",3795,759,3036
"15565",4165,833,3332
"15566",5255,1051,4204
"15567",4025,805,3220
"15568",4415,883,3532
"15569",4700,940,3760
"15570",4120,824,3296
"15571",4490,898,3592
"15572",4745,949,3796
"15573",4665,933,3732
"15574",5580,1116,4464
"15575",3660,732,2928
"15576",5220,1044,4176
"15577",5355,1071,4284
"15578",5205,1041,4164
"15579",4405,881,3524
"15580",7630,1526,6104
"15581",4465,893,3572
"15582",6045,1209,4836
"15583",4480,896,3584
"15584",3790,758,3032
"15585",3920,784,3136
"15586",4500,900,3600
"15587",3500,700,2800
"15588",4220,844,3376
"15589",4130,826,3304
"15590",3585,717,2868
"15591",7045,1409,5636
"15592",4955,991,3964
"15593",4160,832,3328
"15594",5295,1059,4236
"15595",4385,877,3508
"15596",4855,971,3884
"15597",6080,1216,4864
"15598",5830,1166,4664
"15599",6040,1208,4832
"15600",4465,893,3572
"15601",4885,977,3908
"15602",4125,825,3300
"15603",5460,1092,4368
"15604",4655,931,3724
"15605",3860,772,3088
"15606",4625,925,3700
"15607",5045,1009,4036
"15608",4830,966,3864
"15609",3640,728,2912
"15610",3855,771,3084
"15611",3540,708,2832
"15612",4235,847,3388
"15613",5295,1059,4236
"15614",3980,796,3184
"15615",4820,964,3856
"15616",6905,1381,5524
"15617",4025,805,3220
"15618",3800,760,3040
"15619",5385,1077,4308
"15620",5265,1053,4212
"15621",3355,671,2684
"15622",4000,800,3200
"15623",4600,920,3680
"15624",3985,797,3188
"15625",4615,923,3692
"15626",4110,822,3288
"15627",4175,835,3340
"15628",4530,906,3624
"15629",5170,1034,4136
"15630",5120,1024,4096
"15631",4010,802,3208
"15632",4850,970,3880
"15633",4265,853,3412
"15634",3505,701,2804
"15635",5075,1015,4060
"15636",4070,814,3256
"15637",3365,673,2692
"15638",5535,1107,4428
"15639",5650,1130,4520
"15640",4665,933,3732
"15641",4720,944,3776
"15642",5420,1084,4336
"15643",5375,1075,4300
"15644",3655,731,2924
"15645",4685,937,3748
"15646",5130,1026,4104
"15647",4015,803,3212
"15648",3915,783,3132
"15649",4280,856,3424
"15650",4525,905,3620
"15651",6020,1204,4816
"15652",4995,999,3996
"15653",3655,731,2924
"15654",5040,1008,4032
"15655",4860,972,3888
"15656",3770,754,3016
"15657",4350,870,3480
"15658",4385,877,3508
"15659",4675,935,3740
"15660",5985,1197,4788
"15661",4655,931,3724
"15662",5210,1042,4168
"15663",3235,647,2588
"15664",5010,1002,4008
"15665",4165,833,3332
"15666",4945,989,3956
"15667",3405,681,2724
"15668",4280,856,3424
"15669",5120,1024,4096
"15670",4745,949,3796
"15671",6705,1341,5364
"15672",9070,1814,7256
"15673",6995,1399,5596
"15674",3810,762,3048
"15675",5320,1064,4256
"15676",4115,823,3292
"15677",4820,964,3856
"15678",5130,1026,4104
"15679",4740,948,3792
"15680",4115,823,3292
"15681",5725,1145,4580
"15682",7415,1483,5932
"15683",4865,973,3892
"15684",5210,1042,4168
"15685",5815,1163,4652
"15686",5455,1091,4364
"15687",4405,881,3524
"15688",3925,785,3140
"15689",4055,811,3244
"15690",4240,848,3392
"15691",4885,977,3908
"15692",4530,906,3624
"15693",3645,729,2916
"15694",4550,910,3640
"15695",3670,734,2936
"15696",3855,771,3084
"15697",4075,815,3260
"15698",6140,1228,4912
"15699",4030,806,3224
"15700",3925,785,3140
"15701",4710,942,3768
"15702",6220,1244,4976
"15703",3865,773,3092
"15704",4185,837,3348
"15705",7045,1409,5636
"15706",4975,995,3980
"15707",4710,942,3768
"15708",5030,1006,4024
"15709",4490,898,3592
"15710",6410,1282,5128
"15711",4760,952,3808
"15712",4305,861,3444
"15713",3735,747,2988
"15714",3425,685,2740
"15715",4190,838,3352
"15716",4165,833,3332
"15717",4725,945,3780
"15718",6125,1225,4900
"15719",4890,978,3912
"15720",4560,912,3648
"15721",3480,696,2784
"15722",4155,831,3324
"15723",3660,732,2928
"15724",5635,1127,4508
"15725",4610,922,3688
"15726",5490,1098,4392
"15727",4870,974,3896
"15728",6555,1311,5244
"15729",3740,748,2992
"15730",4775,955,3820
"15731",5100,1020,4080
"15732",3930,786,3144
"15733",5480,1096,4384
"15734",6745,1349,5396
"15735",4185,837,3348
"15736",6010,1202,4808
"15737",4675,935,3740
"15738",4155,831,3324
"15739",4410,882,3528
"15740",4200,840,3360
"15741",4870,974,3896
"15742",4580,916,3664
"15743",3910,782,3128
"15744",4025,805,3220
"15745",5715,1143,4572
"15746",4295,859,3436
"15747",5305,1061,4244
"15748",4230,846,3384
"15749",5275,1055,4220
"15750",4485,897,3588
"15751",4550,910,3640
"15752",4980,996,3984
"15753",4260,852,3408
"15754",3750,750,3000
"15755",4185,837,3348
"15756",4400,880,3520
"15757",5025,1005,4020
"15758",4930,986,3944
"15759",4055,811,3244
"15760",4560,912,3648
"15761",5010,1002,4008
"15762",5605,1121,4484
"15763",3605,721,2884
"15764",3515,703,2812
"15765",5045,1009,4036
"15766",3950,790,3160
"15767",4265,853,3412
"15768",5580,1116,4464
"15769",4450,890,3560
"15770",5255,1051,4204
"15771",4885,977,3908
"15772",7325,1465,5860
"15773",4345,869,3476
"15774",4470,894,3576
"15775",4350,870,3480
"15776",5090,1018,4072
"15777",4930,986,3944
"15778",4480,896,3584
"15779",4535,907,3628
"15780",4040,808,3232
"15781",5895,1179,4716
"15782",4695,939,3756
"15783",4845,969,3876
"15784",6590,1318,5272
"15785",5240,1048,4192
"15786",4940,988,3952
"15787",3960,792,3168
"15788",4375,875,3500
"15789",5840,1168,4672
"15790",4250,850,3400
"15791",4350,870,3480
"15792",3855,771,3084
"15793",3760,752,3008
"15794",4905,981,3924
"15795",4465,893,3572
"15796",4880,976,3904
"15797",3910,782,3128
"15798",5370,1074,4296
"15799",4655,931,3724
"15800",3600,720,2880
"15801",4515,903,3612
"15802",5105,1021,4084
"15803",4525,905,3620
"15804",4905,981,3924
"15805",4850,970,3880
"15806",4430,886,3544
"15807",4750,950,3800
"15808",4365,873,3492
"15809",6245,1249,4996
"15810",4570,914,3656
"15811",3565,713,2852
"15812",6305,1261,5044
"15813",6045,1209,4836
"15814",4740,948,3792
"15815",3605,721,2884
"15816",5435,1087,4348
"15817",4810,962,3848
"15818",4565,913,3652
"15819",4370,874,3496
"15820",3795,759,3036
"15821",4040,808,3232
"15822",4855,971,3884
"15823",3950,790,3160
"15824",5665,1133,4532
"15825",4145,829,3316
"15826",4960,992,3968
"15827",4495,899,3596
"15828",3840,768,3072
"15829",4150,830,3320
"15830",4080,816,3264
"15831",3440,688,2752
"15832",6795,1359,5436
"15833",4915,983,3932
"15834",4640,928,3712
"15835",5130,1026,4104
"15836",4845,969,3876
"15837",5160,1032,4128
"15838",4375,875,3500
"15839",4575,915,3660
"15840",5290,1058,4232
"15841",6240,1248,4992
"15842",4375,875,3500
"15843",4080,816,3264
"15844",5135,1027,4108
"15845",4765,953,3812
"15846",4260,852,3408
"15847",5220,1044,4176
"15848",4955,991,3964
"15849",5565,1113,4452
"15850",5015,1003,4012
"15851",4300,860,3440
"15852",5605,1121,4484
"15853",4315,863,3452
"15854",3625,725,2900
"15855",4105,821,3284
"15856",4705,941,3764
"15857",4385,877,3508
"15858",4285,857,3428
"15859",3865,773,3092
"15860",4585,917,3668
"15861",4705,941,3764
"15862",5595,1119,4476
"15863",4305,861,3444
"15864",4390,878,3512
"15865",4115,823,3292
"15866",3935,787,3148
"15867",4210,842,3368
"15868",3940,788,3152
"15869",5020,1004,4016
"15870",4775,955,3820
"15871",4140,828,3312
"15872",6570,1314,5256
"15873",3680,736,2944
"15874",3210,642,2568
"15875",4040,808,3232
"15876",4015,803,3212
"15877",4235,847,3388
"15878",4130,826,3304
"15879",5215,1043,4172
"15880",6020,1204,4816
"15881",4765,953,3812
"15882",4110,822,3288
"15883",4500,900,3600
"15884",4600,920,3680
"15885",4150,830,3320
"15886",3750,750,3000
"15887",5270,1054,4216
"15888",4555,911,3644
"15889",5505,1101,4404
"15890",3785,757,3028
"15891",3375,675,2700
"15892",4355,871,3484
"15893",5355,1071,4284
"15894",5650,1130,4520
"15895",4695,939,3756
"15896",3940,788,3152
"15897",5135,1027,4108
"15898",5195,1039,4156
"15899",4665,933,3732
"15900",4825,965,3860
"15901",4725,945,3780
"15902",5145,1029,4116
"15903",5445,1089,4356
"15904",4285,857,3428
"15905",3545,709,2836
"15906",5710,1142,4568
"15907",4460,892,3568
"15908",4470,894,3576
"15909",5630,1126,4504
"15910",4635,927,3708
"15911",3975,795,3180
"15912",3720,744,2976
"15913",4225,845,3380
"15914",5920,1184,4736
"15915",3440,688,2752
"15916",3840,768,3072
"15917",3630,726,2904
"15918",4650,930,3720
"15919",4065,813,3252
"15920",4395,879,3516
"15921",4490,898,3592
"15922",4390,878,3512
"15923",4755,951,3804
"15924",4160,832,3328
"15925",5110,1022,4088
"15926",3730,746,2984
"15927",3830,766,3064
"15928",5325,1065,4260
"15929",5515,1103,4412
"15930",3710,742,2968
"15931",5000,1000,4000
"15932",5330,1066,4264
"15933",8710,1742,6968
"15934",4325,865,3460
"15935",6965,1393,5572
"15936",5430,1086,4344
"15937",4755,951,3804
"15938",5715,1143,4572
"15939",5495,1099,4396
"15940",4075,815,3260
"15941",3695,739,2956
"15942",4155,831,3324
"15943",3690,738,2952
"15944",3990,798,3192
"15945",4185,837,3348
"15946",6000,1200,4800
"15947",4305,861,3444
"15948",4590,918,3672
"15949",5515,1103,4412
"15950",8070,1614,6456
"15951",4620,924,3696
"15952",5825,1165,4660
"15953",8800,1760,7040
"15954",5580,1116,4464
"15955",6590,1318,5272
"15956",5240,1048,4192
"15957",4125,825,3300
"15958",5715,1143,4572
"15959",4205,841,3364
"15960",4945,989,3956
"15961",4730,946,3784
"15962",5625,1125,4500
"15963",5930,1186,4744
"15964",5125,1025,4100
"15965",4720,944,3776
"15966",7015,1403,5612
"15967",3835,767,3068
"15968",3500,700,2800
"15969",4845,969,3876
"15970",3945,789,3156
"15971",4830,966,3864
"15972",5690,1138,4552
"15973",3455,691,2764
"15974",4565,913,3652
"15975",3820,764,3056
"15976",6245,1249,4996
"15977",5785,1157,4628
"15978",4760,952,3808
"15979",4095,819,3276
"15980",4895,979,3916
"15981",3520,704,2816
"15982",4020,804,3216
"15983",4795,959,3836
"15984",3460,692,2768
"15985",4880,976,3904
"15986",4135,827,3308
"15987",4525,905,3620
"15988",4885,977,3908
"15989",4590,918,3672
"15990",4050,810,3240
"15991",5360,1072,4288
"15992",3790,758,3032
"15993",6060,1212,4848
"15994",5250,1050,4200
"15995",4645,929,3716
"15996",4175,835,3340
"15997",3480,696,2784
"15998",4385,877,3508
"15999",3315,663,2652
"16000",5605,1121,4484
"16001",4225,845,3380
"16002",5985,1197,4788
"16003",3490,698,2792
"16004",7010,1402,5608
"16005",5120,1024,4096
"16006",4055,811,3244
"16007",4160,832,3328
"16008",4085,817,3268
"16009",4825,965,3860
"16010",4015,803,3212
"16011",4550,910,3640
"16012",5625,1125,4500
"16013",3625,725,2900
"16014",5315,1063,4252
"16015",5065,1013,4052
"16016",5320,1064,4256
"16017",4275,855,3420
"16018",4845,969,3876
"16019",3970,794,3176
"16020",5890,1178,4712
"16021",6195,1239,4956
"16022",4100,820,3280
"16023",3505,701,2804
"16024",5550,1110,4440
"16025",3570,714,2856
"16026",4615,923,3692
"16027",4380,876,3504
"16028",5120,1024,4096
"16029",4965,993,3972
"16030",3700,740,2960
"16031",3495,699,2796
"16032",3475,695,2780
"16033",5265,1053,4212
"16034",4170,834,3336
"16035",5080,1016,4064
"16036",8680,1736,6944
"16037",4245,849,3396
"16038",5415,1083,4332
"16039",4135,827,3308
"16040",4425,885,3540
"16041",5990,1198,4792
"16042",4170,834,3336
"16043",4880,976,3904
"16044",4825,965,3860
"16045",4145,829,3316
"16046",4620,924,3696
"16047",5685,1137,4548
"16048",4655,931,3724
"16049",3930,786,3144
"16050",4650,930,3720
"16051",3730,746,2984
"16052",3020,604,2416
"16053",3975,795,3180
"16054",4540,908,3632
"16055",5125,1025,4100
"16056",4855,971,3884
"16057",3775,755,3020
"16058",4370,874,3496
"16059",5945,1189,4756
"16060",5965,1193,4772
"16061",3845,769,3076
"16062",5785,1157,4628
"16063",4245,849,3396
"16064",5290,1058,4232
"16065",4695,939,3756
"16066",5855,1171,4684
"16067",4285,857,3428
"16068",5920,1184,4736
"16069",4785,957,3828
"16070",5660,1132,4528
"16071",3900,780,3120
"16072",3645,729,2916
"16073",4220,844,3376
"16074",3725,745,2980
"16075",4755,951,3804
"16076",4520,904,3616
"16077",4470,894,3576
"16078",5560,1112,4448
"16079",3665,733,2932
"16080",4815,963,3852
"16081",4120,824,3296
"16082",4825,965,3860
"16083",4735,947,3788
"16084",4340,868,3472
"16085",3990,798,3192
"16086",5800,1160,4640
"16087",4825,965,3860
"16088",3700,740,2960
"16089",6570,1314,5256
"16090",7155,1431,5724
"16091",5385,1077,4308
"16092",4475,895,3580
"16093",5770,1154,4616
"16094",8315,1663,6652
"16095",4650,930,3720
"16096",5050,1010,4040
"16097",3935,787,3148
"16098",4025,805,3220
"16099",5750,1150,4600
"16100",3795,759,3036
"16101",4235,847,3388
"16102",4500,900,3600
"16103",3595,719,2876
"16104",3910,782,3128
"16105",4230,846,3384
"16106",5395,1079,4316
"16107",3760,752,3008
"16108",3820,764,3056
"16109",4855,971,3884
"16110",5090,1018,4072
"16111",5195,1039,4156
"16112",3730,746,2984
"16113",7820,1564,6256
"16114",5180,1036,4144
"16115",5440,1088,4352
"16116",4150,830,3320
"16117",4280,856,3424
"16118",5985,1197,4788
"16119",3810,762,3048
"16120",3775,755,3020
"16121",4130,826,3304
"16122",4510,902,3608
"16123",4510,902,3608
"16124",3675,735,2940
"16125",3675,735,2940
"16126",6935,1387,5548
"16127",3225,645,2580
"16128",3880,776,3104
"16129",4420,884,3536
"16130",4555,911,3644
"16131",5130,1026,4104
"16132",5990,1198,4792
"16133",5655,1131,4524
"16134",4765,953,3812
"16135",4845,969,3876
"16136",4800,960,3840
"16137",5040,1008,4032
"16138",5075,1015,4060
"16139",4445,889,3556
"16140",4370,874,3496
"16141",5215,1043,4172
"16142",4750,950,3800
"16143",3655,731,2924
"16144",4610,922,3688
"16145",4045,809,3236
"16146",5035,1007,4028
"16147",4240,848,3392
"16148",5215,1043,4172
"16149",4185,837,3348
"16150",4185,837,3348
"16151",4755,951,3804
"16152",4420,884,3536
"16153",7010,1402,5608
"16154",5510,1102,4408
"16155",4225,845,3380
"16156",6540,1308,5232
"16157",4140,828,3312
"16158",4870,974,3896
"16159",3825,765,3060
"16160",5740,1148,4592
"16161",6680,1336,5344
"16162",3575,715,2860
"16163",3935,787,3148
"16164",5425,1085,4340
"16165",3800,760,3040
"16166",4155,831,3324
"16167",4950,990,3960
"16168",5640,1128,4512
"16169",4185,837,3348
"16170",3725,745,2980
"16171",4185,837,3348
"16172",4720,944,3776
"16173",6165,1233,4932
"16174",4440,888,3552
"16175",3805,761,3044
"16176",4375,875,3500
"16177",3070,614,2456
"16178",4820,964,3856
"16179",5365,1073,4292
"16180",4770,954,3816
"16181",5050,1010,4040
"16182",4150,830,3320
"16183",4785,957,3828
"16184",4565,913,3652
"16185",5865,1173,4692
"16186",3940,788,3152
"16187",5160,1032,4128
"16188",4580,916,3664
"16189",4685,937,3748
"16190",4845,969,3876
"16191",3795,759,3036
"16192",3800,760,3040
"16193",4325,865,3460
"16194",7560,1512,6048
"16195",5095,1019,4076
"16196",4685,937,3748
"16197",3965,793,3172
"16198",5000,1000,4000
"16199",3905,781,3124
"16200",4445,889,3556
"16201",5155,1031,4124
"16202",3600,720,2880
"16203",7175,1435,5740
"16204",4035,807,3228
"16205",4935,987,3948
"16206",4160,832,3328
"16207",6135,1227,4908
"16208",4985,997,3988
"16209",4540,908,3632
"16210",4375,875,3500
"16211",3735,747,2988
"16212",4125,825,3300
"16213",4215,843,3372
"16214",4165,833,3332
"16215",5830,1166,4664
"16216",6180,1236,4944
"16217",4810,962,3848
"16218",4050,810,3240
"16219",3205,641,2564
"16220",4565,913,3652
"16221",6405,1281,5124
"16222",4330,866,3464
"16223",3875,775,3100
"16224",4200,840,3360
"16225",4960,992,3968
"16226",6405,1281,5124
"16227",4470,894,3576
"16228",5480,1096,4384
"16229",4115,823,3292
"16230",4930,986,3944
"16231",4155,831,3324
"16232",4695,939,3756
"16233",4645,929,3716
"16234",5100,1020,4080
"16235",4285,857,3428
"16236",4785,957,3828
"16237",5000,1000,4000
"16238",4590,918,3672
"16239",4925,985,3940
"16240",7570,1514,6056
"16241",4900,980,3920
"16242",4265,853,3412
"16243",4115,823,3292
"16244",5205,1041,4164
"16245",4050,810,3240
"16246",4630,926,3704
"16247",3615,723,2892
"16248",5055,1011,4044
"16249",4185,837,3348
"16250",4490,898,3592
"16251",5025,1005,4020
"16252",4040,808,3232
"16253",4160,832,3328
"16254",4040,808,3232
"16255",4815,963,3852
"16256",5350,1070,4280
"16257",10485,2097,8388
"16258",6075,1215,4860
"16259",5050,1010,4040
"16260",6100,1220,4880
"16261",7820,1564,6256
"16262",5800,1160,4640
"16263",3595,719,2876
"16264",3835,767,3068
"16265",4015,803,3212
"16266",5000,1000,4000
"16267",4190,838,3352
"16268",4020,804,3216
"16269",5510,1102,4408
"16270",5125,1025,4100
"16271",5320,1064,4256
"16272",3670,734,2936
"16273",3570,714,2856
"16274",3530,706,2824
"16275",4495,899,3596
"16276",4090,818,3272
"16277",4060,812,3248
"16278",6970,1394,5576
"16279",3865,773,3092
"16280",4360,872,3488
"16281",5635,1127,4508
"16282",4370,874,3496
"16283",6700,1340,5360
"16284",3915,783,3132
"16285",4000,800,3200
"16286",4115,823,3292
"16287",4705,941,3764
"16288",4040,808,3232
"16289",3820,764,3056
"16290",5545,1109,4436
"16291",3735,747,2988
"16292",4320,864,3456
"16293",4400,880,3520
"16294",4765,953,3812
"16295",4795,959,3836
"16296",4430,886,3544
"16297",5305,1061,4244
"16298",5065,1013,4052
"16299",5225,1045,4180
"16300",6595,1319,5276
"16301",3740,748,2992
"16302",4980,996,3984
"16303",4115,823,3292
"16304",4270,854,3416
"16305",3490,698,2792
"16306",4660,932,3728
"16307",4170,834,3336
"16308",4720,944,3776
"16309",4480,896,3584
"16310",4245,849,3396
"16311",4870,974,3896
"16312",4790,958,3832
"16313",4555,911,3644
"16314",4285,857,3428
"16315",5185,1037,4148
"16316",5635,1127,4508
"16317",5980,1196,4784
"16318",4120,824,3296
"16319",4185,837,3348
"16320",4030,806,3224
"16321",5105,1021,4084
"16322",4225,845,3380
"16323",5590,1118,4472
"16324",3880,776,3104
"16325",4590,918,3672
"16326",4875,975,3900
"16327",4530,906,3624
"16328",4960,992,3968
"16329",4470,894,3576
"16330",4940,988,3952
"16331",4265,853,3412
"16332",3845,769,3076
"16333",5275,1055,4220
"16334",4170,834,3336
"16335",4855,971,3884
"16336",5980,1196,4784
"16337",5735,1147,4588
"16338",3890,778,3112
"16339",4735,947,3788
"16340",5325,1065,4260
"16341",5160,1032,4128
"16342",4290,858,3432
"16343",4655,931,3724
"16344",3720,744,2976
"16345",5035,1007,4028
"16346",5500,1100,4400
"16347",4560,912,3648
"16348",4545,909,3636
"16349",5550,1110,4440
"16350",5225,1045,4180
"16351",3550,710,2840
"16352",6780,1356,5424
"16353",4750,950,3800
"16354",5045,1009,4036
"16355",4465,893,3572
"16356",4910,982,3928
"16357",4215,843,3372
"16358",5620,1124,4496
"16359",4010,802,3208
"16360",3875,775,3100
"16361",4915,983,3932
"16362",4120,824,3296
"16363",3775,755,3020
"16364",3650,730,2920
"16365",3590,718,2872
"16366",4990,998,3992
"16367",5060,1012,4048
"16368",4905,981,3924
"16369",3805,761,3044
"16370",4945,989,3956
"16371",5040,1008,4032
"16372",5605,1121,4484
"16373",5170,1034,4136
"16374",5330,1066,4264
"16375",4500,900,3600
"16376",4040,808,3232
"16377",4250,850,3400
"16378",4965,993,3972
"16379",4175,835,3340
"16380",4295,859,3436
"16381",3900,780,3120
"16382",4380,876,3504
"16383",5695,1139,4556
"16384",4395,879,3516
"16385",5645,1129,4516
"16386",8310,1662,6648
"16387",4850,970,3880
"16388",5270,1054,4216
"16389",4375,875,3500
"16390",4885,977,3908
"16391",4095,819,3276
"16392",4215,843,3372
"16393",5720,1144,4576
"16394",5245,1049,4196
"16395",5060,1012,4048
"16396",4770,954,3816
"16397",4915,983,3932
"16398",4635,927,3708
"16399",4915,983,3932
"16400",3760,752,3008
"16401",7820,1564,6256
"16402",4625,925,3700
"16403",6015,1203,4812
"16404",4660,932,3728
"16405",4135,827,3308
"16406",5400,1080,4320
"16407",3930,786,3144
"16408",4635,927,3708
"16409",5810,1162,4648
"16410",3700,740,2960
"16411",3650,730,2920
"16412",4370,874,3496
"16413",5135,1027,4108
"16414",4765,953,3812
"16415",4635,927,3708
"16416",3595,719,2876
"16417",5145,1029,4116
"16418",5445,1089,4356
"16419",5090,1018,4072
"16420",5860,1172,4688
"16421",3835,767,3068
"16422",3190,638,2552
"16423",4110,822,3288
"16424",4560,912,3648
"16425",4270,854,3416
"16426",4255,851,3404
"16427",3740,748,2992
"16428",3955,791,3164
"16429",4145,829,3316
"16430",4710,942,3768
"16431",5550,1110,4440
"16432",4510,902,3608
"16433",3620,724,2896
"16434",4040,808,3232
"16435",4535,907,3628
"16436",6065,1213,4852
"16437",5340,1068,4272
"16438",4140,828,3312
"16439",3870,774,3096
"16440",4450,890,3560
"16441",4285,857,3428
"16442",4750,950,3800
"16443",4740,948,3792
"16444",4870,974,3896
"16445",3575,715,2860
"16446",4705,941,3764
"16447",4595,919,3676
"16448",5160,1032,4128
"16449",6035,1207,4828
"16450",4280,856,3424
"16451",4025,805,3220
"16452",5055,1011,4044
"16453",4110,822,3288
"16454",4845,969,3876
"16455",5185,1037,4148
"16456",4720,944,3776
"16457",4900,980,3920
"16458",5320,1064,4256
"16459",4795,959,3836
"16460",3690,738,2952
"16461",4910,982,3928
"16462",4585,917,3668
"16463",4505,901,3604
"16464",4035,807,3228
"16465",3790,758,3032
"16466",5020,1004,4016
"16467",3775,755,3020
"16468",5060,1012,4048
"16469",4585,917,3668
"16470",3575,715,2860
"16471",4355,871,3484
"16472",3940,788,3152
"16473",5145,1029,4116
"16474",4500,900,3600
"16475",3995,799,3196
"16476",4035,807,3228
"16477",4795,959,3836
"16478",5955,1191,4764
"16479",4215,843,3372
"16480",5325,1065,4260
"16481",7480,1496,5984
"16482",4695,939,3756
"16483",4560,912,3648
"16484",4215,843,3372
"16485",5320,1064,4256
"16486",4375,875,3500
"16487",7220,1444,5776
"16488",4590,918,3672
"16489",5890,1178,4712
"16490",5325,1065,4260
"16491",6065,1213,4852
"16492",4115,823,3292
"16493",4030,806,3224
"16494",4360,872,3488
"16495",4195,839,3356
"16496",4800,960,3840
"16497",3830,766,3064
"16498",6715,1343,5372
"16499",5050,1010,4040
"16500",3740,748,2992
"16501",4340,868,3472
"16502",3675,735,2940
"16503",4460,892,3568
"16504",4055,811,3244
"16505",4775,955,3820
"16506",4925,985,3940
"16507",4775,955,3820
"16508",6100,1220,4880
"16509",4620,924,3696
"16510",6510,1302,5208
"16511",5280,1056,4224
"16512",5075,1015,4060
"16513",6210,1242,4968
"16514",3950,790,3160
"16515",5865,1173,4692
"16516",4305,861,3444
"16517",5535,1107,4428
"16518",5120,1024,4096
"16519",3580,716,2864
"16520",4575,915,3660
"16521",4610,922,3688
"16522",4675,935,3740
"16523",5160,1032,4128
"16524",5055,1011,4044
"16525",4950,990,3960
"16526",4375,875,3500
"16527",4055,811,3244
"16528",3805,761,3044
"16529",5665,1133,4532
"16530",4005,801,3204
"16531",4700,940,3760
"16532",4420,884,3536
"16533",4465,893,3572
"16534",5185,1037,4148
"16535",7885,1577,6308
"16536",3540,708,2832
"16537",5980,1196,4784
"16538",4175,835,3340
"16539",4870,974,3896
"16540",4315,863,3452
"16541",4695,939,3756
"16542",4510,902,3608
"16543",4715,943,3772
"16544",4590,918,3672
"16545",5980,1196,4784
"16546",4740,948,3792
"16547",3480,696,2784
"16548",5240,1048,4192
"16549",4190,838,3352
"16550",3990,798,3192
"16551",4645,929,3716
"16552",3460,692,2768
"16553",5625,1125,4500
"16554",7635,1527,6108
"16555",4185,837,3348
"16556",4855,971,3884
"16557",4340,868,3472
"16558",4325,865,3460
"16559",5960,1192,4768
"16560",4580,916,3664
"16561",4115,823,3292
"16562",6070,1214,4856
"16563",6230,1246,4984
"16564",5210,1042,4168
"16565",8350,1670,6680
"16566",4000,800,3200
"16567",5380,1076,4304
"16568",5730,1146,4584
"16569",3675,735,2940
"16570",5530,1106,4424
"16571",5025,1005,4020
"16572",6370,1274,5096
"16573",3990,798,3192
"16574",5140,1028,4112
"16575",4405,881,3524
"16576",5195,1039,4156
"16577",5495,1099,4396
"16578",7070,1414,5656
"16579",8300,1660,6640
"16580",5110,1022,4088
"16581",4200,840,3360
"16582",4495,899,3596
"16583",8750,1750,7000
"16584",5190,1038,4152
"16585",4285,857,3428
"16586",3630,726,2904
"16587",4625,925,3700
"16588",4830,966,3864
"16589",3805,761,3044
"16590",4850,970,3880
"16591",5250,1050,4200
"16592",4585,917,3668
"16593",4205,841,3364
"16594",4335,867,3468
"16595",3705,741,2964
"16596",4115,823,3292
"16597",4055,811,3244
"16598",4230,846,3384
"16599",5245,1049,4196
"16600",6105,1221,4884
"16601",4445,889,3556
"16602",4130,826,3304
"16603",4160,832,3328
"16604",6775,1355,5420
"16605",4295,859,3436
"16606",5645,1129,4516
"16607",6480,1296,5184
"16608",4745,949,3796
"16609",4090,818,3272
"16610",5885,1177,4708
"16611",3990,798,3192
"16612",4350,870,3480
"16613",7405,1481,5924
"16614",4160,832,3328
"16615",4755,951,3804
"16616",6375,1275,5100
"16617",5945,1189,4756
"16618",5215,1043,4172
"16619",4710,942,3768
"16620",4230,846,3384
"16621",4810,962,3848
"16622",3570,714,2856
"16623",5295,1059,4236
"16624",4190,838,3352
"16625",4380,876,3504
"16626",4250,850,3400
"16627",4895,979,3916
"16628",4505,901,3604
"16629",4255,851,3404
"16630",5655,1131,4524
"16631",5865,1173,4692
"16632",3645,729,2916
"16633",4880,976,3904
"16634",6715,1343,5372
"16635",5235,1047,4188
"16636",5240,1048,4192
"16637",6100,1220,4880
"16638",4325,865,3460
"16639",4685,937,3748
"16640",7165,1433,5732
"16641",4585,917,3668
"16642",4300,860,3440
"16643",4100,820,3280
"16644",4580,916,3664
"16645",4955,991,3964
"16646",5055,1011,4044
"16647",4080,816,3264
"16648",4450,890,3560
"16649",6550,1310,5240
"16650",8350,1670,6680
"16651",4435,887,3548
"16652",4290,858,3432
"16653",3935,787,3148
"16654",6090,1218,4872
"16655",4400,880,3520
"16656",5795,1159,4636
"16657",5945,1189,4756
"16658",6035,1207,4828
"16659",4665,933,3732
"16660",5015,1003,4012
"16661",3475,695,2780
"16662",4115,823,3292
"16663",5320,1064,4256
"16664",5865,1173,4692
"16665",4200,840,3360
"16666",4245,849,3396
"16667",5940,1188,4752
"16668",4655,931,3724
"16669",4600,920,3680
"16670",4915,983,3932
"16671",5005,1001,4004
"16672",4995,999,3996
"16673",4235,847,3388
"16674",5880,1176,4704
"16675",5690,1138,4552
"16676",5135,1027,4108
"16677",3845,769,3076
"16678",4720,944,3776
"16679",6665,1333,5332
"16680",4100,820,3280
"16681",4640,928,3712
"16682",5205,1041,4164
"16683",4985,997,3988
"16684",4130,826,3304
"16685",4730,946,3784
"16686",4010,802,3208
"16687",3695,739,2956
"16688",3950,790,3160
"16689",5670,1134,4536
"16690",4660,932,3728
"16691",3510,702,2808
"16692",4850,970,3880
"16693",6935,1387,5548
"16694",5095,1019,4076
"16695",4020,804,3216
"16696",3960,792,3168
"16697",4130,826,3304
"16698",6025,1205,4820
"16699",4010,802,3208
"16700",4940,988,3952
"16701",4395,879,3516
"16702",3635,727,2908
"16703",4680,936,3744
"16704",3990,798,3192
"16705",4720,944,3776
"16706",5635,1127,4508
"16707",7580,1516,6064
"16708",4615,923,3692
"16709",4085,817,3268
"16710",4785,957,3828
"16711",4675,935,3740
"16712",4475,895,3580
"16713",4665,933,3732
"16714",3510,702,2808
"16715",5365,1073,4292
"16716",4000,800,3200
"16717",5640,1128,4512
"16718",4565,913,3652
"16719",4525,905,3620
"16720",5180,1036,4144
"16721",3900,780,3120
"16722",3490,698,2792
"16723",5020,1004,4016
"16724",3505,701,2804
"16725",3790,758,3032
"16726",4135,827,3308
"16727",3710,742,2968
"16728",5470,1094,4376
"16729",4470,894,3576
"16730",3630,726,2904
"16731",4985,997,3988
"16732",3795,759,3036
"16733",4430,886,3544
"16734",4850,970,3880
"16735",5445,1089,4356
"16736",6130,1226,4904
"16737",4525,905,3620
"16738",5245,1049,4196
"16739",7870,1574,6296
"16740",5040,1008,4032
"16741",4855,971,3884
"16742",4220,844,3376
"16743",4490,898,3592
"16744",4970,994,3976
"16745",4115,823,3292
"16746",4245,849,3396
"16747",4725,945,3780
"16748",4590,918,3672
"16749",4290,858,3432
"16750",4255,851,3404
"16751",3740,748,2992
"16752",11190,2238,8952
"16753",4615,923,3692
"16754",5520,1104,4416
"16755",5180,1036,4144
"16756",3565,713,2852
"16757",4035,807,3228
"16758",3805,761,3044
"16759",4370,874,3496
"16760",4180,836,3344
"16761",4455,891,3564
"16762",5145,1029,4116
"16763",4530,906,3624
"16764",5775,1155,4620
"16765",5070,1014,4056
"16766",3590,718,2872
"16767",4355,871,3484
"16768",4790,958,3832
"16769",4715,943,3772
"16770",3685,737,2948
"16771",4300,860,3440
"16772",6270,1254,5016
"16773",5410,1082,4328
"16774",4455,891,3564
"16775",4460,892,3568
"16776",6610,1322,5288
"16777",7235,1447,5788
"16778",4215,843,3372
"16779",4080,816,3264
"16780",4125,825,3300
"16781",4700,940,3760
"16782",4155,831,3324
"16783",5140,1028,4112
"16784",4020,804,3216
"16785",4600,920,3680
"16786",4940,988,3952
"16787",4190,838,3352
"16788",4345,869,3476
"16789",4325,865,3460
"16790",4555,911,3644
"16791",5135,1027,4108
"16792",4910,982,3928
"16793",4910,982,3928
"16794",5015,1003,4012
"16795",3990,798,3192
"16796",5295,1059,4236
"16797",5025,1005,4020
"16798",5675,1135,4540
"16799",4540,908,3632
"16800",4030,806,3224
"16801",6535,1307,5228
"16802",4030,806,3224
"16803",5345,1069,4276
"16804",4520,904,3616
"16805",5040,1008,4032
"16806",5505,1101,4404
"16807",6360,1272,5088
"16808",4400,880,3520
"16809",4295,859,3436
"16810",4700,940,3760
"16811",4615,923,3692
"16812",3770,754,3016
"16813",4240,848,3392
"16814",4350,870,3480
"16815",5095,1019,4076
"16816",6425,1285,5140
"16817",5205,1041,4164
"16818",4605,921,3684
"16819",5545,1109,4436
"16820",4265,853,3412
"16821",5945,1189,4756
"16822",7240,1448,5792
"16823",3430,686,2744
"16824",5925,1185,4740
"16825",5370,1074,4296
"16826",5115,1023,4092
"16827",4315,863,3452
"16828",3700,740,2960
"16829",5070,1014,4056
"16830",4290,858,3432
"16831",4100,820,3280
"16832",5120,1024,4096
"16833",6110,1222,4888
"16834",5190,1038,4152
"16835",6165,1233,4932
"16836",4465,893,3572
"16837",5380,1076,4304
"16838",5180,1036,4144
"16839",4960,992,3968
"16840",4590,918,3672
"16841",4355,871,3484
"16842",4380,876,3504
"16843",5310,1062,4248
"16844",5165,1033,4132
"16845",4420,884,3536
"16846",5720,1144,4576
"16847",4950,990,3960
"16848",3925,785,3140
"16849",3080,616,2464
"16850",4735,947,3788
"16851",3915,783,3132
"16852",7100,1420,5680
"16853",5225,1045,4180
"16854",4245,849,3396
"16855",4695,939,3756
"16856",6375,1275,5100
"16857",4345,869,3476
"16858",6075,1215,4860
"16859",8125,1625,6500
"16860",4780,956,3824
"16861",5785,1157,4628
"16862",4005,801,3204
"16863",6215,1243,4972
"16864",6190,1238,4952
"16865",5175,1035,4140
"16866",5685,1137,4548
"16867",4020,804,3216
"16868",5145,1029,4116
"16869",6740,1348,5392
"16870",7020,1404,5616
"16871",5945,1189,4756
"16872",5575,1115,4460
"16873",3905,781,3124
"16874",5585,1117,4468
"16875",5050,1010,4040
"16876",4200,840,3360
"16877",5055,1011,4044
"16878",4400,880,3520
"16879",3825,765,3060
"16880",4210,842,3368
"16881",7715,1543,6172
"16882",4305,861,3444
"16883",3185,637,2548
"16884",4965,993,3972
"16885",4200,840,3360
"16886",4295,859,3436
"16887",6285,1257,5028
"16888",4395,879,3516
"16889",4050,810,3240
"16890",4090,818,3272
"16891",4865,973,3892
"16892",4130,826,3304
"16893",4045,809,3236
"16894",4255,851,3404
"16895",3795,759,3036
"16896",3720,744,2976
"16897",4250,850,3400
"16898",5135,1027,4108
"16899",3880,776,3104
"16900",4405,881,3524
"16901",4170,834,3336
"16902",4150,830,3320
"16903",4925,985,3940
"16904",5380,1076,4304
"16905",5270,1054,4216
"16906",7245,1449,5796
"16907",4015,803,3212
"16908",4510,902,3608
"16909",4380,876,3504
"16910",3940,788,3152
"16911",5060,1012,4048
"16912",3330,666,2664
"16913",3660,732,2928
"16914",4465,893,3572
"16915",5795,1159,4636
"16916",6210,1242,4968
"16917",4460,892,3568
"16918",4120,824,3296
"16919",5275,1055,4220
"16920",4315,863,3452
"16921",4210,842,3368
"16922",4330,866,3464
"16923",4095,819,3276
"16924",7020,1404,5616
"16925",4340,868,3472
"16926",3955,791,3164
"16927",7200,1440,5760
"16928",4420,884,3536
"16929",5330,1066,4264
"16930",5035,1007,4028
"16931",4375,875,3500
"16932",3865,773,3092
"16933",3925,785,3140
"16934",5140,1028,4112
"16935",4425,885,3540
"16936",5805,1161,4644
"16937",4080,816,3264
"16938",4160,832,3328
"16939",4295,859,3436
"16940",5125,1025,4100
"16941",4815,963,3852
"16942",5545,1109,4436
"16943",4345,869,3476
"16944",4390,878,3512
"16945",5100,1020,4080
"16946",4685,937,3748
"16947",4230,846,3384
"16948",3910,782,3128
"16949",3800,760,3040
"16950",6705,1341,5364
"16951",8675,1735,6940
"16952",5585,1117,4468
"16953",3930,786,3144
"16954",5450,1090,4360
"16955",4255,851,3404
"16956",6250,1250,5000
"16957",4410,882,3528
"16958",4085,817,3268
"16959",3730,746,2984
"16960",3665,733,2932
"16961",3915,783,3132
"16962",5755,1151,4604
"16963",6825,1365,5460
"16964",4070,814,3256
"16965",4610,922,3688
"16966",4430,886,3544
"16967",5430,1086,4344
"16968",3815,763,3052
"16969",4790,958,3832
"16970",4565,913,3652
"16971",5320,1064,4256
"16972",3980,796,3184
"16973",3700,740,2960
"16974",6330,1266,5064
"16975",4365,873,3492
"16976",6130,1226,4904
"16977",4230,846,3384
"16978",4835,967,3868
"16979",4615,923,3692
"16980",4090,818,3272
"16981",4550,910,3640
"16982",5195,1039,4156
"16983",5030,1006,4024
"16984",4205,841,3364
"16985",4475,895,3580
"16986",5925,1185,4740
"16987",4955,991,3964
"16988",4780,956,3824
"16989",5110,1022,4088
"16990",4595,919,3676
"16991",4320,864,3456
"16992",4475,895,3580
"16993",5420,1084,4336
"16994",4665,933,3732
"16995",4700,940,3760
"16996",4510,902,3608
"16997",7385,1477,5908
"16998",6065,1213,4852
"16999",5770,1154,4616
"17000",5210,1042,4168
"17001",3970,794,3176
"17002",4340,868,3472
"17003",5005,1001,4004
"17004",3855,771,3084
"17005",4795,959,3836
"17006",3695,739,2956
"17007",4565,913,3652
"17008",5435,1087,4348
"17009",4255,851,3404
"17010",5555,1111,4444
"17011",4875,975,3900
"17012",4930,986,3944
"17013",9535,1907,7628
"17014",3285,657,2628
"17015",5405,1081,4324
"17016",3480,696,2784
"17017",3620,724,2896
"17018",4240,848,3392
"17019",3875,775,3100
"17020",3990,798,3192
"17021",5435,1087,4348
"17022",4545,909,3636
"17023",5820,1164,4656
"17024",3720,744,2976
"17025",5140,1028,4112
"17026",4435,887,3548
"17027",3720,744,2976
"17028",3765,753,3012
"17029",3980,796,3184
"17030",6120,1224,4896
"17031",4280,856,3424
"17032",4370,874,3496
"17033",4730,946,3784
"17034",3955,791,3164
"17035",6420,1284,5136
"17036",4480,896,3584
"17037",6435,1287,5148
"17038",5300,1060,4240
"17039",3325,665,2660
"17040",3960,792,3168
"17041",5370,1074,4296
"17042",4320,864,3456
"17043",5955,1191,4764
"17044",4115,823,3292
"17045",4605,921,3684
"17046",4480,896,3584
"17047",5550,1110,4440
"17048",6400,1280,5120
"17049",5190,1038,4152
"17050",4820,964,3856
"17051",4605,921,3684
"17052",4420,884,3536
"17053",5790,1158,4632
"17054",4005,801,3204
"17055",6100,1220,4880
"17056",4765,953,3812
"17057",4645,929,3716
"17058",4095,819,3276
"17059",5395,1079,4316
"17060",3615,723,2892
"17061",4145,829,3316
"17062",6225,1245,4980
"17063",4450,890,3560
"17064",4445,889,3556
"17065",4645,929,3716
"17066",4395,879,3516
"17067",3625,725,2900
"17068",5635,1127,4508
"17069",4695,939,3756
"17070",4155,831,3324
"17071",5430,1086,4344
"17072",4520,904,3616
"17073",3665,733,2932
"17074",4915,983,3932
"17075",4565,913,3652
"17076",4050,810,3240
"17077",4805,961,3844
"17078",5330,1066,4264
"17079",4375,875,3500
"17080",4195,839,3356
"17081",6345,1269,5076
"17082",4355,871,3484
"17083",3505,701,2804
"17084",4990,998,3992
"17085",4070,814,3256
"17086",3970,794,3176
"17087",4715,943,3772
"17088",3860,772,3088
"17089",3840,768,3072
"17090",3645,729,2916
"17091",6630,1326,5304
"17092",4725,945,3780
"17093",4340,868,3472
"17094",3965,793,3172
"17095",4315,863,3452
"17096",5750,1150,4600
"17097",4900,980,3920
"17098",4485,897,3588
"17099",5870,1174,4696
"17100",4510,902,3608
"17101",3925,785,3140
"17102",5000,1000,4000
"17103",4380,876,3504
"17104",5155,1031,4124
"17105",3185,637,2548
"17106",4525,905,3620
"17107",4070,814,3256
"17108",4395,879,3516
"17109",4315,863,3452
"17110",4440,888,3552
"17111",5225,1045,4180
"17112",3780,756,3024
"17113",5510,1102,4408
"17114",4325,865,3460
"17115",5450,1090,4360
"17116",5725,1145,4580
"17117",6895,1379,5516
"17118",6910,1382,5528
"17119",4620,924,3696
"17120",4390,878,3512
"17121",3755,751,3004
"17122",5500,1100,4400
"17123",4455,891,3564
"17124",5420,1084,4336
"17125",4100,820,3280
"17126",4480,896,3584
"17127",5890,1178,4712
"17128",5695,1139,4556
"17129",4495,899,3596
"17130",5325,1065,4260
"17131",4465,893,3572
"17132",4785,957,3828
"17133",3765,753,3012
"17134",6785,1357,5428
"17135",4570,914,3656
"17136",4650,930,3720
"17137",4840,968,3872
"17138",5680,1136,4544
"17139",4365,873,3492
"17140",4680,936,3744
"17141",3700,740,2960
"17142",6360,1272,5088
"17143",4250,850,3400
"17144",4580,916,3664
"17145",5670,1134,4536
"17146",4890,978,3912
"17147",4005,801,3204
"17148",8715,1743,6972
"17149",4380,876,3504
"17150",4530,906,3624
"17151",4835,967,3868
"17152",5055,1011,4044
"17153",4540,908,3632
"17154",4080,816,3264
"17155",4460,892,3568
"17156",4950,990,3960
"17157",4600,920,3680
"17158",5255,1051,4204
"17159",7420,1484,5936
"17160",4195,839,3356
"17161",5000,1000,4000
"17162",4610,922,3688
"17163",4700,940,3760
"17164",4500,900,3600
"17165",4900,980,3920
"17166",3865,773,3092
"17167",3910,782,3128
"17168",4795,959,3836
"17169",3710,742,2968
"17170",4710,942,3768
"17171",4080,816,3264
"17172",6155,1231,4924
"17173",4195,839,3356
"17174",4730,946,3784
"17175",3875,775,3100
"17176",4370,874,3496
"17177",4265,853,3412
"17178",4445,889,3556
"17179",4170,834,3336
"17180",3710,742,2968
"17181",4420,884,3536
"17182",4805,961,3844
"17183",4490,898,3592
"17184",6610,1322,5288
"17185",5610,1122,4488
"17186",7350,1470,5880
"17187",3940,788,3152
"17188",7010,1402,5608
"17189",4375,875,3500
"17190",5500,1100,4400
"17191",3615,723,2892
"17192",5765,1153,4612
"17193",5530,1106,4424
"17194",3405,681,2724
"17195",5470,1094,4376
"17196",3860,772,3088
"17197",5210,1042,4168
"17198",6680,1336,5344
"17199",5855,1171,4684
"17200",4565,913,3652
"17201",4315,863,3452
"17202",5495,1099,4396
"17203",4700,940,3760
"17204",7060,1412,5648
"17205",3545,709,2836
"17206",6140,1228,4912
"17207",5055,1011,4044
"17208",4150,830,3320
"17209",3670,734,2936
"17210",4930,986,3944
"17211",4240,848,3392
"17212",3950,790,3160
"17213",4715,943,3772
"17214",5065,1013,4052
"17215",3770,754,3016
"17216",4570,914,3656
"17217",3940,788,3152
"17218",4140,828,3312
"17219",5885,1177,4708
"17220",7020,1404,5616
"17221",5210,1042,4168
"17222",6035,1207,4828
"17223",3600,720,2880
"17224",3965,793,3172
"17225",4100,820,3280
"17226",6195,1239,4956
"17227",3985,797,3188
"17228",4870,974,3896
"17229",3970,794,3176
"17230",4540,908,3632
"17231",5255,1051,4204
"17232",4490,898,3592
"17233",3980,796,3184
"17234",3885,777,3108
"17235",4015,803,3212
"17236",4445,889,3556
"17237",4285,857,3428
"17238",9190,1838,7352
"17239",4170,834,3336
"17240",4050,810,3240
"17241",5450,1090,4360
"17242",3980,796,3184
"17243",4545,909,3636
"17244",4580,916,3664
"17245",4065,813,3252
"17246",5510,1102,4408
"17247",5260,1052,4208
"17248",4720,944,3776
"17249",4110,822,3288
"17250",3905,781,3124
"17251",3930,786,3144
"17252",5375,1075,4300
"17253",5505,1101,4404
"17254",5070,1014,4056
"17255",4990,998,3992
"17256",6120,1224,4896
"17257",3290,658,2632
"17258",4565,913,3652
"17259",5895,1179,4716
"17260",3555,711,2844
"17261",3890,778,3112
"17262",4710,942,3768
"17263",4290,858,3432
"17264",5345,1069,4276
"17265",5065,1013,4052
"17266",3890,778,3112
"17267",4560,912,3648
"17268",4210,842,3368
"17269",4455,891,3564
"17270",4250,850,3400
"17271",4385,877,3508
"17272",4685,937,3748
"17273",3760,752,3008
"17274",5955,1191,4764
"17275",5485,1097,4388
"17276",4815,963,3852
"17277",3465,693,2772
"17278",6355,1271,5084
"17279",4185,837,3348
"17280",3690,738,2952
"17281",5135,1027,4108
"17282",4045,809,3236
"17283",4850,970,3880
"17284",5575,1115,4460
"17285",5165,1033,4132
"17286",6975,1395,5580
"17287",3810,762,3048
"17288",5100,1020,4080
"17289",5165,1033,4132
"17290",3445,689,2756
"17291",3980,796,3184
"17292",4350,870,3480
"17293",3760,752,3008
"17294",6765,1353,5412
"17295",4365,873,3492
"17296",3775,755,3020
"17297",4775,955,3820
"17298",4890,978,3912
"17299",3320,664,2656
"17300",7145,1429,5716
"17301",4740,948,3792
"17302",5940,1188,4752
"17303",3730,746,2984
"17304",4080,816,3264
"17305",5575,1115,4460
"17306",3940,788,3152
"17307",3245,649,2596
"17308",3425,685,2740
"17309",4990,998,3992
"17310",3550,710,2840
"17311",4995,999,3996
"17312",6055,1211,4844
"17313",5265,1053,4212
"17314",4320,864,3456
"17315",4830,966,3864
"17316",4575,915,3660
"17317",4145,829,3316
"17318",4910,982,3928
"17319",4475,895,3580
"17320",6120,1224,4896
"17321",4260,852,3408
"17322",4070,814,3256
"17323",6340,1268,5072
"17324",5840,1168,4672
"17325",5980,1196,4784
"17326",4870,974,3896
"17327",4475,895,3580
"17328",4780,956,3824
"17329",8475,1695,6780
"17330",4960,992,3968
"17331",3645,729,2916
"17332",3805,761,3044
"17333",4445,889,3556
"17334",5225,1045,4180
"17335",6120,1224,4896
"17336",4095,819,3276
"17337",5105,1021,4084
"17338",4455,891,3564
"17339",4450,890,3560
"17340",4680,936,3744
"17341",4050,810,3240
"17342",3675,735,2940
"17343",5630,1126,4504
"17344",4535,907,3628
"17345",5180,1036,4144
"17346",3470,694,2776
"17347",4150,830,3320
"17348",6995,1399,5596
"17349",3565,713,2852
"17350",4650,930,3720
"17351",4275,855,3420
"17352",4065,813,3252
"17353",4070,814,3256
"17354",3490,698,2792
"17355",5410,1082,4328
"17356",4255,851,3404
"17357",3545,709,2836
"17358",4325,865,3460
"17359",3940,788,3152
"17360",5120,1024,4096
"17361",5105,1021,4084
"17362",4875,975,3900
"17363",5260,1052,4208
"17364",8815,1763,7052
"17365",4365,873,3492
"17366",3745,749,2996
"17367",3810,762,3048
"17368",5040,1008,4032
"17369",5885,1177,4708
"17370",4825,965,3860
"17371",5395,1079,4316
"17372",4335,867,3468
"17373",7690,1538,6152
"17374",5360,1072,4288
"17375",4480,896,3584
"17376",4650,930,3720
"17377",4815,963,3852
"17378",5960,1192,4768
"17379",4540,908,3632
"17380",5465,1093,4372
"17381",6260,1252,5008
"17382",3830,766,3064
"17383",3805,761,3044
"17384",4075,815,3260
"17385",4530,906,3624
"17386",3685,737,2948
"17387",5550,1110,4440
"17388",4890,978,3912
"17389",5290,1058,4232
"17390",4430,886,3544
"17391",4055,811,3244
"17392",5480,1096,4384
"17393",4555,911,3644
"17394",4610,922,3688
"17395",3910,782,3128
"17396",4840,968,3872
"17397",4825,965,3860
"17398",3800,760,3040
"17399",4420,884,3536
"17400",3650,730,2920
"17401",4340,868,3472
"17402",4280,856,3424
"17403",5110,1022,4088
"17404",4240,848,3392
"17405",4255,851,3404
"17406",3545,709,2836
"17407",3890,778,3112
"17408",3960,792,3168
"17409",5020,1004,4016
"17410",3660,732,2928
"17411",4210,842,3368
"17412",4955,991,3964
"17413",5865,1173,4692
"17414",6530,1306,5224
"17415",4115,823,3292
"17416",3710,742,2968
"17417",4195,839,3356
"17418",5370,1074,4296
"17419",4235,847,3388
"17420",5220,1044,4176
"17421",3165,633,2532
"17422",6820,1364,5456
"17423",4840,968,3872
"17424",5170,1034,4136
"17425",4380,876,3504
"17426",4840,968,3872
"17427",3815,763,3052
"17428",4910,982,3928
"17429",4140,828,3312
"17430",5235,1047,4188
"17431",5075,1015,4060
"17432",4235,847,3388
"17433",4845,969,3876
"17434",6165,1233,4932
"17435",4820,964,3856
"17436",4415,883,3532
"17437",4325,865,3460
"17438",5065,1013,4052
"17439",5250,1050,4200
"17440",5990,1198,4792
"17441",5895,1179,4716
"17442",4075,815,3260
"17443",4425,885,3540
"17444",5955,1191,4764
"17445",5075,1015,4060
"17446",6065,1213,4852
"17447",4865,973,3892
"17448",5440,1088,4352
"17449",4715,943,3772
"17450",3625,725,2900
"17451",5265,1053,4212
"17452",7535,1507,6028
"17453",5530,1106,4424
"17454",3435,687,2748
"17455",5725,1145,4580
"17456",3705,741,2964
"17457",5260,1052,4208
"17458",4385,877,3508
"17459",4165,833,3332
"17460",4730,946,3784
"17461",3880,776,3104
"17462",5015,1003,4012
"17463",4195,839,3356
"17464",4220,844,3376
"17465",3340,668,2672
"17466",4300,860,3440
"17467",4340,868,3472
"17468",7240,1448,5792
"17469",5170,1034,4136
"17470",4290,858,3432
"17471",4600,920,3680
"17472",4685,937,3748
"17473",3660,732,2928
"17474",5425,1085,4340
"17475",6240,1248,4992
"17476",5770,1154,4616
"17477",5465,1093,4372
"17478",4765,953,3812
"17479",4695,939,3756
"17480",4085,817,3268
"17481",3100,620,2480
"17482",4780,956,3824
"17483",4085,817,3268
"17484",4445,889,3556
"17485",5825,1165,4660
"17486",6545,1309,5236
"17487",4530,906,3624
"17488",4770,954,3816
"17489",5660,1132,4528
"17490",4750,950,3800
"17491",4465,893,3572
"17492",4710,942,3768
"17493",4245,849,3396
"17494",4540,908,3632
"17495",4155,831,3324
"17496",5855,1171,4684
"17497",5525,1105,4420
"17498",3410,682,2728
"17499",7225,1445,5780
"17500",4945,989,3956
"17501",4450,890,3560
"17502",4545,909,3636
"17503",4400,880,3520
"17504",5940,1188,4752
"17505",4845,969,3876
"17506",3910,782,3128
"17507",6585,1317,5268
"17508",5030,1006,4024
"17509",4210,842,3368
"17510",4925,985,3940
"17511",4825,965,3860
"17512",4600,920,3680
"17513",4520,904,3616
"17514",4530,906,3624
"17515",4590,918,3672
"17516",4645,929,3716
"17517",3980,796,3184
"17518",5560,1112,4448
"17519",4615,923,3692
"17520",5590,1118,4472
"17521",4700,940,3760
"17522",3730,746,2984
"17523",4375,875,3500
"17524",6650,1330,5320
"17525",3380,676,2704
"17526",4430,886,3544
"17527",4705,941,3764
"17528",5360,1072,4288
"17529",6190,1238,4952
"17530",6855,1371,5484
"17531",5930,1186,4744
"17532",4975,995,3980
"17533",3785,757,3028
"17534",5160,1032,4128
"17535",6160,1232,4928
"17536",6380,1276,5104
"17537",6220,1244,4976
"17538",3990,798,3192
"17539",4570,914,3656
"17540",4655,931,3724
"17541",5605,1121,4484
"17542",4020,804,3216
"17543",4840,968,3872
"17544",5025,1005,4020
"17545",3570,714,2856
"17546",4305,861,3444
"17547",5470,1094,4376
"17548",4445,889,3556
"17549",3995,799,3196
"17550",5545,1109,4436
"17551",4690,938,3752
"17552",4275,855,3420
"17553",4770,954,3816
"17554",4160,832,3328
"17555",5315,1063,4252
"17556",6645,1329,5316
"17557",4905,981,3924
"17558",5345,1069,4276
"17559",5495,1099,4396
"17560",4840,968,3872
"17561",5400,1080,4320
"17562",4320,864,3456
"17563",4625,925,3700
"17564",4095,819,3276
"17565",4340,868,3472
"17566",5260,1052,4208
"17567",4300,860,3440
"17568",5025,1005,4020
"17569",4610,922,3688
"17570",4050,810,3240
"17571",4460,892,3568
"17572",4660,932,3728
"17573",5990,1198,4792
"17574",3885,777,3108
"17575",4215,843,3372
"17576",4840,968,3872
"17577",3300,660,2640
"17578",6480,1296,5184
"17579",3480,696,2784
"17580",4360,872,3488
"17581",3440,688,2752
"17582",3875,775,3100
"17583",6105,1221,4884
"17584",4335,867,3468
"17585",5455,1091,4364
"17586",4920,984,3936
"17587",5820,1164,4656
"17588",5425,1085,4340
"17589",4110,822,3288
"17590",5175,1035,4140
"17591",4345,869,3476
"17592",4860,972,3888
"17593",4500,900,3600
"17594",4125,825,3300
"17595",5335,1067,4268
"17596",3990,798,3192
"17597",3635,727,2908
"17598",4075,815,3260
"17599",6280,1256,5024
"17600",4185,837,3348
"17601",4340,868,3472
"17602",3960,792,3168
"17603",5295,1059,4236
"17604",4190,838,3352
"17605",4230,846,3384
"17606",5110,1022,4088
"17607",4395,879,3516
"17608",4995,999,3996
"17609",3865,773,3092
"17610",4440,888,3552
"17611",4010,802,3208
"17612",4555,911,3644
"17613",4055,811,3244
"17614",6200,1240,4960
"17615",6550,1310,5240
"17616",4575,915,3660
"17617",4625,925,3700
"17618",5820,1164,4656
"17619",4730,946,3784
"17620",5870,1174,4696
"17621",4855,971,3884
"17622",3630,726,2904
"17623",4120,824,3296
"17624",5295,1059,4236
"17625",5150,1030,4120
"17626",4355,871,3484
"17627",5030,1006,4024
"17628",6740,1348,5392
"17629",3620,724,2896
"17630",6100,1220,4880
"17631",5045,1009,4036
"17632",4320,864,3456
"17633",5925,1185,4740
"17634",3515,703,2812
"17635",4895,979,3916
"17636",5365,1073,4292
"17637",3740,748,2992
"17638",4725,945,3780
"17639",3990,798,3192
"17640",4710,942,3768
"17641",6905,1381,5524
"17642",5515,1103,4412
"17643",5120,1024,4096
"17644",6185,1237,4948
"17645",4445,889,3556
"17646",3560,712,2848
"17647",3760,752,3008
"17648",4355,871,3484
"17649",4975,995,3980
"17650",5915,1183,4732
"17651",3735,747,2988
"17652",4660,932,3728
"17653",4895,979,3916
"17654",5150,1030,4120
"17655",4790,958,3832
"17656",5400,1080,4320
"17657",5085,1017,4068
"17658",5675,1135,4540
"17659",4325,865,3460
"17660",5525,1105,4420
"17661",4490,898,3592
"17662",6570,1314,5256
"17663",3435,687,2748
"17664",4325,865,3460
"17665",4695,939,3756
"17666",5385,1077,4308
"17667",4610,922,3688
"17668",5875,1175,4700
"17669",5050,1010,4040
"17670",4930,986,3944
"17671",4830,966,3864
"17672",5760,1152,4608
"17673",3385,677,2708
"17674",5415,1083,4332
"17675",6820,1364,5456
"17676",3960,792,3168
"17677",5005,1001,4004
"17678",5685,1137,4548
"17679",4855,971,3884
"17680",5405,1081,4324
"17681",3940,788,3152
"17682",4135,827,3308
"17683",4650,930,3720
"17684",4025,805,3220
"17685",3530,706,2824
"17686",4400,880,3520
"17687",4000,800,3200
"17688",5560,1112,4448
"17689",5205,1041,4164
"17690",3535,707,2828
"17691",4565,913,3652
"17692",3650,730,2920
"17693",3585,717,2868
"17694",4670,934,3736
"17695",4625,925,3700
"17696",5520,1104,4416
"17697",4255,851,3404
"17698",3655,731,2924
"17699",4685,937,3748
"17700",5635,1127,4508
"17701",4600,920,3680
"17702",6155,1231,4924
"17703",4480,896,3584
"17704",4690,938,3752
"17705",4960,992,3968
"17706",4515,903,3612
"17707",4855,971,3884
"17708",4160,832,3328
"17709",4405,881,3524
"17710",3820,764,3056
"17711",5765,1153,4612
"17712",4845,969,3876
"17713",4380,876,3504
"17714",4885,977,3908
"17715",4370,874,3496
"17716",4390,878,3512
"17717",4580,916,3664
"17718",4630,926,3704
"17719",4365,873,3492
"17720",4965,993,3972
"17721",4640,928,3712
"17722",4080,816,3264
"17723",3970,794,3176
"17724",4945,989,3956
"17725",5550,1110,4440
"17726",4405,881,3524
"17727",6770,1354,5416
"17728",4010,802,3208
"17729",4040,808,3232
"17730",4035,807,3228
"17731",4485,897,3588
"17732",5745,1149,4596
"17733",3900,780,3120
"17734",4070,814,3256
"17735",4740,948,3792
"17736",3770,754,3016
"17737",3995,799,3196
"17738",7465,1493,5972
"17739",5820,1164,4656
"17740",6010,1202,4808
"17741",4995,999,3996
"17742",5340,1068,4272
"17743",5505,1101,4404
"17744",4000,800,3200
"17745",5270,1054,4216
"17746",4125,825,3300
"17747",3725,745,2980
"17748",4700,940,3760
"17749",6540,1308,5232
"17750",6250,1250,5000
"17751",4050,810,3240
"17752",5565,1113,4452
"17753",4810,962,3848
"17754",3285,657,2628
"17755",4015,803,3212
"17756",3690,738,2952
"17757",5470,1094,4376
"17758",4065,813,3252
"17759",3915,783,3132
"17760",3790,758,3032
"17761",6430,1286,5144
"17762",4475,895,3580
"17763",3580,716,2864
"17764",4380,876,3504
"17765",4870,974,3896
"17766",4835,967,3868
"17767",3745,749,2996
"17768",4140,828,3312
"17769",4130,826,3304
"17770",6020,1204,4816
"17771",4655,931,3724
"17772",4700,940,3760
"17773",4495,899,3596
"17774",3925,785,3140
"17775",4650,930,3720
"17776",4070,814,3256
"17777",4870,974,3896
"17778",5285,1057,4228
"17779",4450,890,3560
"17780",4180,836,3344
"17781",4240,848,3392
"17782",7190,1438,5752
"17783",4775,955,3820
"17784",6125,1225,4900
"17785",4595,919,3676
"17786",4985,997,3988
"17787",4135,827,3308
"17788",4240,848,3392
"17789",4200,840,3360
"17790",3675,735,2940
"17791",5215,1043,4172
"17792",4485,897,3588
"17793",4810,962,3848
"17794",5925,1185,4740
"17795",5345,1069,4276
"17796",3975,795,3180
"17797",6880,1376,5504
"17798",3575,715,2860
"17799",4370,874,3496
"17800",4040,808,3232
"17801",6130,1226,4904
"17802",5340,1068,4272
"17803",5320,1064,4256
"17804",5085,1017,4068
"17805",4410,882,3528
"17806",4590,918,3672
"17807",4150,830,3320
"17808",4560,912,3648
"17809",5595,1119,4476
"17810",3480,696,2784
"17811",4260,852,3408
"17812",5025,1005,4020
"17813",5485,1097,4388
"17814",3895,779,3116
"17815",4380,876,3504
"17816",4150,830,3320
"17817",4080,816,3264
"17818",3720,744,2976
"17819",4875,975,3900
"17820",5015,1003,4012
"17821",4010,802,3208
"17822",5890,1178,4712
"17823",3785,757,3028
"17824",4990,998,3992
"17825",4550,910,3640
"17826",3525,705,2820
"17827",4620,924,3696
"17828",5275,1055,4220
"17829",4365,873,3492
"17830",4335,867,3468
"17831",3815,763,3052
"17832",5410,1082,4328
"17833",4615,923,3692
"17834",4345,869,3476
"17835",5525,1105,4420
"17836",5880,1176,4704
"17837",3755,751,3004
"17838",4780,956,3824
"17839",4660,932,3728
"17840",4095,819,3276
"17841",6215,1243,4972
"17842",4185,837,3348
"17843",5785,1157,4628
"17844",5500,1100,4400
"17845",3970,794,3176
"17846",7640,1528,6112
"17847",4005,801,3204
"17848",3895,779,3116
"17849",3680,736,2944
"17850",3900,780,3120
"17851",4475,895,3580
"17852",6455,1291,5164
"17853",5505,1101,4404
"17854",5105,1021,4084
"17855",4235,847,3388
"17856",5330,1066,4264
"17857",5160,1032,4128
"17858",4265,853,3412
"17859",5595,1119,4476
"17860",3450,690,2760
"17861",10290,2058,8232
"17862",3615,723,2892
"17863",7520,1504,6016
"17864",5000,1000,4000
"17865",4420,884,3536
"17866",4005,801,3204
"17867",4450,890,3560
"17868",5030,1006,4024
"17869",3525,705,2820
"17870",3970,794,3176
"17871",5020,1004,4016
"17872",5400,1080,4320
"17873",5290,1058,4232
"17874",4735,947,3788
"17875",3615,723,2892
"17876",3460,692,2768
"17877",5325,1065,4260
"17878",5745,1149,4596
"17879",5130,1026,4104
"17880",4295,859,3436
"17881",4375,875,3500
"17882",4700,940,3760
"17883",3940,788,3152
"17884",4470,894,3576
"17885",4400,880,3520
"17886",3620,724,2896
"17887",2735,547,2188
"17888",3750,750,3000
"17889",4695,939,3756
"17890",3950,790,3160
"17891",4760,952,3808
"17892",5400,1080,4320
"17893",4670,934,3736
"17894",3495,699,2796
"17895",5885,1177,4708
"17896",5720,1144,4576
"17897",4615,923,3692
"17898",4320,864,3456
"17899",4895,979,3916
"17900",5365,1073,4292
"17901",4325,865,3460
"17902",4485,897,3588
"17903",6085,1217,4868
"17904",5745,1149,4596
"17905",6405,1281,5124
"17906",4935,987,3948
"17907",5640,1128,4512
"17908",3520,704,2816
"17909",4115,823,3292
"17910",5880,1176,4704
"17911",5010,1002,4008
"17912",3900,780,3120
"17913",5505,1101,4404
"17914",5240,1048,4192
"17915",5190,1038,4152
"17916",5385,1077,4308
"17917",6645,1329,5316
"17918",3780,756,3024
"17919",4015,803,3212
"17920",4440,888,3552
"17921",4355,871,3484
"17922",5070,1014,4056
"17923",5185,1037,4148
"17924",4930,986,3944
"17925",4335,867,3468
"17926",3980,796,3184
"17927",6320,1264,5056
"17928",4920,984,3936
"17929",4345,869,3476
"17930",4920,984,3936
"17931",5265,1053,4212
"17932",3785,757,3028
"17933",4855,971,3884
"17934",4300,860,3440
"17935",3930,786,3144
"17936",5400,1080,4320
"17937",5065,1013,4052
"17938",4620,924,3696
"17939",5325,1065,4260
"17940",3770,754,3016
"17941",4570,914,3656
"17942",5110,1022,4088
"17943",4760,952,3808
"17944",4315,863,3452
"17945",4400,880,3520
"17946",5470,1094,4376
"17947",4290,858,3432
"17948",3460,692,2768
"17949",4455,891,3564
"17950",5010,1002,4008
"17951",5185,1037,4148
"17952",7255,1451,5804
"17953",5695,1139,4556
"17954",3925,785,3140
"17955",4855,971,3884
"17956",5100,1020,4080
"17957",4550,910,3640
"17958",4360,872,3488
"17959",4210,842,3368
"17960",5055,1011,4044
"17961",3695,739,2956
"17962",7625,1525,6100
"17963",4200,840,3360
"17964",4510,902,3608
"17965",4420,884,3536
"17966",5790,1158,4632
"17967",3880,776,3104
"17968",5630,1126,4504
"17969",4720,944,3776
"17970",5645,1129,4516
"17971",6090,1218,4872
"17972",4915,983,3932
"17973",3410,682,2728
"17974",4075,815,3260
"17975",7935,1587,6348
"17976",5330,1066,4264
"17977",4670,934,3736
"17978",4380,876,3504
"17979",3595,719,2876
"17980",4185,837,3348
"17981",4915,983,3932
"17982",4305,861,3444
"17983",5165,1033,4132
"17984",4080,816,3264
"17985",5040,1008,4032
"17986",5250,1050,4200
"17987",4220,844,3376
"17988",6060,1212,4848
"17989",5015,1003,4012
"17990",5960,1192,4768
"17991",5295,1059,4236
"17992",4155,831,3324
"17993",4315,863,3452
"17994",5135,1027,4108
"17995",4690,938,3752
"17996",4830,966,3864
"17997",7020,1404,5616
"17998",3935,787,3148
"17999",3695,739,2956
"18000",4815,963,3852
"18001",4095,819,3276
"18002",4780,956,3824
"18003",5695,1139,4556
"18004",3725,745,2980
"18005",5435,1087,4348
"18006",4055,811,3244
"18007",4770,954,3816
"18008",8245,1649,6596
"18009",4065,813,3252
"18010",4175,835,3340
"18011",5190,1038,4152
"18012",4755,951,3804
"18013",5805,1161,4644
"18014",4250,850,3400
"18015",5830,1166,4664
"18016",5595,1119,4476
"18017",5715,1143,4572
"18018",6105,1221,4884
"18019",4770,954,3816
"18020",5385,1077,4308
"18021",4180,836,3344
"18022",5340,1068,4272
"18023",5210,1042,4168
"18024",6135,1227,4908
"18025",3865,773,3092
"18026",5515,1103,4412
"18027",3515,703,2812
"18028",4615,923,3692
"18029",3735,747,2988
"18030",4280,856,3424
"18031",4135,827,3308
"18032",4195,839,3356
"18033",5830,1166,4664
"18034",4280,856,3424
"18035",3755,751,3004
"18036",4015,803,3212
"18037",6555,1311,5244
"18038",4140,828,3312
"18039",4790,958,3832
"18040",5510,1102,4408
"18041",4925,985,3940
"18042",4375,875,3500
"18043",5330,1066,4264
"18044",3995,799,3196
"18045",4390,878,3512
"18046",4465,893,3572
"18047",5200,1040,4160
"18048",5095,1019,4076
"18049",6535,1307,5228
"18050",3825,765,3060
"18051",4885,977,3908
"18052",6465,1293,5172
"18053",4280,856,3424
"18054",7300,1460,5840
"18055",4725,945,3780
"18056",5465,1093,4372
"18057",4235,847,3388
"18058",4495,899,3596
"18059",4315,863,3452
"18060",4025,805,3220
"18061",4130,826,3304
"18062",4380,876,3504
"18063",4875,975,3900
"18064",4460,892,3568
"18065",5295,1059,4236
"18066",4110,822,3288
"18067",4260,852,3408
"18068",4335,867,3468
"18069",4035,807,3228
"18070",4090,818,3272
"18071",4505,901,3604
"18072",4105,821,3284
"18073",3955,791,3164
"18074",6655,1331,5324
"18075",3940,788,3152
"18076",6310,1262,5048
"18077",4600,920,3680
"18078",4110,822,3288
"18079",4115,823,3292
"18080",3100,620,2480
"18081",4210,842,3368
"18082",4295,859,3436
"18083",4215,843,3372
"18084",4390,878,3512
"18085",3880,776,3104
"18086",5655,1131,4524
"18087",3810,762,3048
"18088",5515,1103,4412
"18089",4475,895,3580
"18090",4995,999,3996
"18091",3285,657,2628
"18092",4705,941,3764
"18093",4570,914,3656
"18094",4735,947,3788
"18095",6005,1201,4804
"18096",4540,908,3632
"18097",4220,844,3376
"18098",3915,783,3132
"18099",3985,797,3188
"18100",3855,771,3084
"18101",5265,1053,4212
"18102",5915,1183,4732
"18103",5395,1079,4316
"18104",6395,1279,5116
"18105",3930,786,3144
"18106",5210,1042,4168
"18107",5125,1025,4100
"18108",4910,982,3928
"18109",5275,1055,4220
"18110",4990,998,3992
"18111",4210,842,3368
"18112",3985,797,3188
"18113",5190,1038,4152
"18114",4570,914,3656
"18115",4545,909,3636
"18116",4285,857,3428
"18117",3780,756,3024
"18118",4565,913,3652
"18119",5190,1038,4152
"18120",3885,777,3108
"18121",5660,1132,4528
"18122",4480,896,3584
"18123",4840,968,3872
"18124",3875,775,3100
"18125",3705,741,2964
"18126",4080,816,3264
"18127",4130,826,3304
"18128",4675,935,3740
"18129",4320,864,3456
"18130",5225,1045,4180
"18131",6390,1278,5112
"18132",5395,1079,4316
"18133",4025,805,3220
"18134",5340,1068,4272
"18135",5735,1147,4588
"18136",9595,1919,7676
"18137",5845,1169,4676
"18138",5305,1061,4244
"18139",6535,1307,5228
"18140",4890,978,3912
"18141",5015,1003,4012
"18142",4460,892,3568
"18143",5180,1036,4144
"18144",4720,944,3776
"18145",4255,851,3404
"18146",5310,1062,4248
"18147",5490,1098,4392
"18148",4385,877,3508
"18149",4415,883,3532
"18150",4810,962,3848
"18151",4650,930,3720
"18152",5235,1047,4188
"18153",4160,832,3328
"18154",4470,894,3576
"18155",5745,1149,4596
"18156",4710,942,3768
"18157",4755,951,3804
"18158",4600,920,3680
"18159",4345,869,3476
"18160",3965,793,3172
"18161",4955,991,3964
"18162",4040,808,3232
"18163",5400,1080,4320
"18164",4085,817,3268
"18165",3670,734,2936
"18166",4240,848,3392
"18167",5930,1186,4744
"18168",6285,1257,5028
"18169",4985,997,3988
"18170",5330,1066,4264
"18171",5275,1055,4220
"18172",4160,832,3328
"18173",5800,1160,4640
"18174",6825,1365,5460
"18175",5980,1196,4784
"18176",4075,815,3260
"18177",5150,1030,4120
"18178",4255,851,3404
"18179",5530,1106,4424
"18180",4765,953,3812
"18181",4405,881,3524
"18182",4355,871,3484
"18183",3885,777,3108
"18184",4615,923,3692
"18185",4910,982,3928
"18186",5015,1003,4012
"18187",3960,792,3168
"18188",3555,711,2844
"18189",3575,715,2860
"18190",5090,1018,4072
"18191",4690,938,3752
"18192",4505,901,3604
"18193",4260,852,3408
"18194",5195,1039,4156
"18195",3350,670,2680
"18196",5920,1184,4736
"18197",4625,925,3700
"18198",4710,942,3768
"18199",3500,700,2800
"18200",3990,798,3192
"18201",6595,1319,5276
"18202",4140,828,3312
"18203",4440,888,3552
"18204",4275,855,3420
"18205",4740,948,3792
"18206",4895,979,3916
"18207",4215,843,3372
"18208",4920,984,3936
"18209",6175,1235,4940
"18210",5315,1063,4252
"18211",5085,1017,4068
"18212",3780,756,3024
"18213",4940,988,3952
"18214",3125,625,2500
"18215",6235,1247,4988
"18216",5290,1058,4232
"18217",3920,784,3136
"18218",6265,1253,5012
"18219",3915,783,3132
"18220",5375,1075,4300
"18221",4505,901,3604
"18222",3550,710,2840
"18223",4190,838,3352
"18224",4265,853,3412
"18225",4220,844,3376
"18226",6515,1303,5212
"18227",3705,741,2964
"18228",4795,959,3836
"18229",6400,1280,5120
"18230",4185,837,3348
"18231",4860,972,3888
"18232",5365,1073,4292
"18233",3580,716,2864
"18234",5230,1046,4184
"18235",4920,984,3936
"18236",5255,1051,4204
"18237",5000,1000,4000
"18238",3790,758,3032
"18239",3925,785,3140
"18240",4420,884,3536
"18241",4895,979,3916
"18242",4150,830,3320
"18243",4515,903,3612
"18244",6245,1249,4996
"18245",6310,1262,5048
"18246",3905,781,3124
"18247",5980,1196,4784
"18248",7280,1456,5824
"18249",4835,967,3868
"18250",4580,916,3664
"18251",4210,842,3368
"18252",5145,1029,4116
"18253",4765,953,3812
"18254",5750,1150,4600
"18255",4815,963,3852
"18256",3320,664,2656
"18257",6005,1201,4804
"18258",4955,991,3964
"18259",4210,842,3368
"18260",4230,846,3384
"18261",6155,1231,4924
"18262",5895,1179,4716
"18263",5660,1132,4528
"18264",4925,985,3940
"18265",6035,1207,4828
"18266",5395,1079,4316
"18267",4875,975,3900
"18268",4765,953,3812
"18269",6730,1346,5384
"18270",3615,723,2892
"18271",4765,953,3812
"18272",6505,1301,5204
"18273",4435,887,3548
"18274",4370,874,3496
"18275",4670,934,3736
"18276",4345,869,3476
"18277",4035,807,3228
"18278",4125,825,3300
"18279",3370,674,2696
"18280",4210,842,3368
"18281",5440,1088,4352
"18282",3805,761,3044
"18283",5620,1124,4496
"18284",4935,987,3948
"18285",5295,1059,4236
"18286",4675,935,3740
"18287",3635,727,2908
"18288",4070,814,3256
"18289",6080,1216,4864
"18290",4085,817,3268
"18291",3495,699,2796
"18292",5200,1040,4160
"18293",4700,940,3760
"18294",5905,1181,4724
"18295",4415,883,3532
"18296",5245,1049,4196
"18297",5920,1184,4736
"18298",3680,736,2944
"18299",4465,893,3572
"18300",3985,797,3188
"18301",4600,920,3680
"18302",5475,1095,4380
"18303",4480,896,3584
"18304",4670,934,3736
"18305",3955,791,3164
"18306",5125,1025,4100
"18307",4050,810,3240
"18308",4305,861,3444
"18309",4485,897,3588
"18310",4590,918,3672
"18311",5615,1123,4492
"18312",3765,753,3012
"18313",5605,1121,4484
"18314",4525,905,3620
"18315",6100,1220,4880
"18316",5125,1025,4100
"18317",4380,876,3504
"18318",5170,1034,4136
"18319",5460,1092,4368
"18320",5590,1118,4472
"18321",6750,1350,5400
"18322",5385,1077,4308
"18323",4210,842,3368
"18324",6740,1348,5392
"18325",8090,1618,6472
"18326",4140,828,3312
"18327",5670,1134,4536
"18328",5565,1113,4452
"18329",3655,731,2924
"18330",4210,842,3368
"18331",6565,1313,5252
"18332",4645,929,3716
"18333",4965,993,3972
"18334",4575,915,3660
"18335",5735,1147,4588
"18336",3950,790,3160
"18337",6085,1217,4868
"18338",4455,891,3564
"18339",3055,611,2444
"18340",3790,758,3032
"18341",3955,791,3164
"18342",4690,938,3752
"18343",4190,838,3352
"18344",4115,823,3292
"18345",5225,1045,4180
"18346",4510,902,3608
"18347",4470,894,3576
"18348",4550,910,3640
"18349",5055,1011,4044
"18350",5070,1014,4056
"18351",5635,1127,4508
"18352",4205,841,3364
"18353",3630,726,2904
"18354",4840,968,3872
"18355",6470,1294,5176
"18356",3540,708,2832
"18357",4310,862,3448
"18358",4155,831,3324
"18359",5150,1030,4120
"18360",4400,880,3520
"18361",4545,909,3636
"18362",3955,791,3164
"18363",3900,780,3120
"18364",4540,908,3632
"18365",4740,948,3792
"18366",4490,898,3592
"18367",3480,696,2784
"18368",6475,1295,5180
"18369",3840,768,3072
"18370",5875,1175,4700
"18371",6095,1219,4876
"18372",6535,1307,5228
"18373",5235,1047,4188
"18374",4000,800,3200
"18375",4030,806,3224
"18376",4380,876,3504
"18377",3060,612,2448
"18378",3980,796,3184
"18379",4460,892,3568
"18380",5265,1053,4212
"18381",4375,875,3500
"18382",4665,933,3732
"18383",4655,931,3724
"18384",5690,1138,4552
"18385",4375,875,3500
"18386",3955,791,3164
"18387",4875,975,3900
"18388",5885,1177,4708
"18389",4270,854,3416
"18390",4540,908,3632
"18391",4530,906,3624
"18392",4760,952,3808
"18393",6710,1342,5368
"18394",3805,761,3044
"18395",5540,1108,4432
"18396",5155,1031,4124
"18397",4785,957,3828
"18398",3530,706,2824
"18399",3930,786,3144
"18400",3650,730,2920
"18401",4310,862,3448
"18402",5680,1136,4544
"18403",4230,846,3384
"18404",4680,936,3744
"18405",5445,1089,4356
"18406",3900,780,3120
"18407",4795,959,3836
"18408",3905,781,3124
"18409",7985,1597,6388
"18410",7135,1427,5708
"18411",4765,953,3812
"18412",4060,812,3248
"18413",3805,761,3044
"18414",4135,827,3308
"18415",4305,861,3444
"18416",3475,695,2780
"18417",3830,766,3064
"18418",4175,835,3340
"18419",4095,819,3276
"18420",4970,994,3976
"18421",4295,859,3436
"18422",5240,1048,4192
"18423",4330,866,3464
"18424",3790,758,3032
"18425",3870,774,3096
"18426",4505,901,3604
"18427",4630,926,3704
"18428",5180,1036,4144
"18429",3840,768,3072
"18430",3755,751,3004
"18431",4015,803,3212
"18432",4695,939,3756
"18433",4005,801,3204
"18434",4205,841,3364
"18435",4065,813,3252
"18436",5230,1046,4184
"18437",5810,1162,4648
"18438",4905,981,3924
"18439",4440,888,3552
"18440",3895,779,3116
"18441",3760,752,3008
"18442",3900,780,3120
"18443",4955,991,3964
"18444",5250,1050,4200
"18445",6395,1279,5116
"18446",3555,711,2844
"18447",4785,957,3828
"18448",4080,816,3264
"18449",4040,808,3232
"18450",4195,839,3356
"18451",4380,876,3504
"18452",4090,818,3272
"18453",4950,990,3960
"18454",3790,758,3032
"18455",3620,724,2896
"18456",5385,1077,4308
"18457",4235,847,3388
"18458",4015,803,3212
"18459",3350,670,2680
"18460",4215,843,3372
"18461",4435,887,3548
"18462",4680,936,3744
"18463",6090,1218,4872
"18464",5190,1038,4152
"18465",4625,925,3700
"18466",4080,816,3264
"18467",4015,803,3212
"18468",4455,891,3564
"18469",4020,804,3216
"18470",4090,818,3272
"18471",3780,756,3024
"18472",5175,1035,4140
"18473",4275,855,3420
"18474",6035,1207,4828
"18475",5045,1009,4036
"18476",4445,889,3556
"18477",4300,860,3440
"18478",4785,957,3828
"18479",4500,900,3600
"18480",4930,986,3944
"18481",4910,982,3928
"18482",4630,926,3704
"18483",4300,860,3440
"18484",3955,791,3164
"18485",3990,798,3192
"18486",4330,866,3464
"18487",4205,841,3364
"18488",4540,908,3632
"18489",6245,1249,4996
"18490",3490,698,2792
"18491",6150,1230,4920
"18492",5195,1039,4156
"18493",4115,823,3292
"18494",3630,726,2904
"18495",4775,955,3820
"18496",4375,875,3500
"18497",4840,968,3872
"18498",3645,729,2916
"18499",4020,804,3216
"18500",3490,698,2792
"18501",6155,1231,4924
"18502",4090,818,3272
"18503",5290,1058,4232
"18504",4900,980,3920
"18505",3505,701,2804
"18506",6475,1295,5180
"18507",6285,1257,5028
"18508",4765,953,3812
"18509",4830,966,3864
"18510",3560,712,2848
"18511",4670,934,3736
"18512",3505,701,2804
"18513",4650,930,3720
"18514",4005,801,3204
"18515",4135,827,3308
"18516",5295,1059,4236
"18517",4895,979,3916
"18518",5385,1077,4308
"18519",4465,893,3572
"18520",5190,1038,4152
"18521",4545,909,3636
"18522",4155,831,3324
"18523",6345,1269,5076
"18524",5755,1151,4604
"18525",5165,1033,4132
"18526",5305,1061,4244
"18527",4505,901,3604
"18528",4775,955,3820
"18529",5505,1101,4404
"18530",4490,898,3592
"18531",3625,725,2900
"18532",6375,1275,5100
"18533",5110,1022,4088
"18534",5130,1026,4104
"18535",4635,927,3708
"18536",5050,1010,4040
"18537",4305,861,3444
"18538",4630,926,3704
"18539",4340,868,3472
"18540",5825,1165,4660
"18541",4870,974,3896
"18542",4940,988,3952
"18543",4800,960,3840
"18544",5015,1003,4012
"18545",5800,1160,4640
"18546",4010,802,3208
"18547",3815,763,3052
"18548",4405,881,3524
"18549",4915,983,3932
"18550",4815,963,3852
"18551",4215,843,3372
"18552",5840,1168,4672
"18553",5995,1199,4796
"18554",6145,1229,4916
"18555",5620,1124,4496
"18556",4255,851,3404
"18557",3815,763,3052
"18558",4380,876,3504
"18559",4590,918,3672
"18560",5475,1095,4380
"18561",4685,937,3748
"18562",4305,861,3444
"18563",4835,967,3868
"18564",4515,903,3612
"18565",4400,880,3520
"18566",5035,1007,4028
"18567",5035,1007,4028
"18568",4585,917,3668
"18569",4930,986,3944
"18570",4220,844,3376
"18571",5260,1052,4208
"18572",6490,1298,5192
"18573",4260,852,3408
"18574",5625,1125,4500
"18575",4590,918,3672
"18576",4765,953,3812
"18577",4395,879,3516
"18578",4270,854,3416
"18579",4975,995,3980
"18580",4985,997,3988
"18581",4700,940,3760
"18582",4720,944,3776
"18583",5545,1109,4436
"18584",4440,888,3552
"18585",5820,1164,4656
"18586",3950,790,3160
"18587",4600,920,3680
"18588",4315,863,3452
"18589",3980,796,3184
"18590",3825,765,3060
"18591",4945,989,3956
"18592",3760,752,3008
"18593",4185,837,3348
"18594",7105,1421,5684
"18595",4955,991,3964
"18596",5305,1061,4244
"18597",3625,725,2900
"18598",4745,949,3796
"18599",3970,794,3176
"18600",5070,1014,4056
"18601",3950,790,3160
"18602",4285,857,3428
"18603",3290,658,2632
"18604",4060,812,3248
"18605",5225,1045,4180
"18606",3725,745,2980
"18607",4240,848,3392
"18608",4145,829,3316
"18609",4975,995,3980
"18610",4665,933,3732
"18611",4845,969,3876
"18612",3980,796,3184
"18613",4235,847,3388
"18614",6060,1212,4848
"18615",4695,939,3756
"18616",4310,862,3448
"18617",4120,824,3296
"18618",3995,799,3196
"18619",5435,1087,4348
"18620",5440,1088,4352
"18621",4115,823,3292
"18622",4230,846,3384
"18623",5505,1101,4404
"18624",4565,913,3652
"18625",4895,979,3916
"18626",3755,751,3004
"18627",4255,851,3404
"18628",4570,914,3656
"18629",4325,865,3460
"18630",4690,938,3752
"18631",4990,998,3992
"18632",6510,1302,5208
"18633",4460,892,3568
"18634",5190,1038,4152
"18635",5040,1008,4032
"18636",6390,1278,5112
"18637",6475,1295,5180
"18638",4840,968,3872
"18639",3640,728,2912
"18640",5465,1093,4372
"18641",4510,902,3608
"18642",3985,797,3188
"18643",5280,1056,4224
"18644",4180,836,3344
"18645",5290,1058,4232
"18646",4395,879,3516
"18647",4170,834,3336
"18648",4210,842,3368
"18649",4460,892,3568
"18650",4345,869,3476
"18651",3880,776,3104
"18652",4710,942,3768
"18653",4025,805,3220
"18654",3790,758,3032
"18655",9135,1827,7308
"18656",4495,899,3596
"18657",4440,888,3552
"18658",3685,737,2948
"18659",4830,966,3864
"18660",5315,1063,4252
"18661",4705,941,3764
"18662",4910,982,3928
"18663",4075,815,3260
"18664",5075,1015,4060
"18665",4300,860,3440
"18666",5265,1053,4212
"18667",4665,933,3732
"18668",5685,1137,4548
"18669",4005,801,3204
"18670",3515,703,2812
"18671",7275,1455,5820
"18672",3985,797,3188
"18673",4645,929,3716
"18674",5480,1096,4384
"18675",4475,895,3580
"18676",5485,1097,4388
"18677",4295,859,3436
"18678",3790,758,3032
"18679",5195,1039,4156
"18680",5245,1049,4196
"18681",5705,1141,4564
"18682",4360,872,3488
"18683",5260,1052,4208
"18684",5590,1118,4472
"18685",4605,921,3684
"18686",4450,890,3560
"18687",6245,1249,4996
"18688",5175,1035,4140
"18689",3680,736,2944
"18690",4985,997,3988
"18691",4405,881,3524
"18692",3450,690,2760
"18693",3975,795,3180
"18694",4550,910,3640
"18695",7470,1494,5976
"18696",5215,1043,4172
"18697",4530,906,3624
"18698",5830,1166,4664
"18699",4675,935,3740
"18700",4215,843,3372
"18701",4470,894,3576
"18702",5320,1064,4256
"18703",5770,1154,4616
"18704",4145,829,3316
"18705",4745,949,3796
"18706",4280,856,3424
"18707",4075,815,3260
"18708",5410,1082,4328
"18709",4870,974,3896
"18710",5010,1002,4008
"18711",5320,1064,4256
"18712",5485,1097,4388
"18713",4340,868,3472
"18714",3750,750,3000
"18715",6660,1332,5328
"18716",4565,913,3652
"18717",4560,912,3648
"18718",5055,1011,4044
"18719",6225,1245,4980
"18720",4035,807,3228
"18721",5975,1195,4780
"18722",4585,917,3668
"18723",4875,975,3900
"18724",4450,890,3560
"18725",3680,736,2944
"18726",4140,828,3312
"18727",4920,984,3936
"18728",5465,1093,4372
"18729",4305,861,3444
"18730",4155,831,3324
"18731",3915,783,3132
"18732",4515,903,3612
"18733",4000,800,3200
"18734",5110,1022,4088
"18735",4325,865,3460
"18736",4520,904,3616
"18737",3875,775,3100
"18738",4150,830,3320
"18739",5430,1086,4344
"18740",4910,982,3928
"18741",5725,1145,4580
"18742",3675,735,2940
"18743",5095,1019,4076
"18744",4725,945,3780
"18745",4710,942,3768
"18746",4730,946,3784
"18747",4820,964,3856
"18748",4485,897,3588
"18749",4640,928,3712
"18750",4340,868,3472
"18751",4960,992,3968
"18752",4505,901,3604
"18753",4945,989,3956
"18754",4160,832,3328
"18755",5585,1117,4468
"18756",3505,701,2804
"18757",6085,1217,4868
"18758",5440,1088,4352
"18759",5175,1035,4140
"18760",4880,976,3904
"18761",5615,1123,4492
"18762",3675,735,2940
"18763",4510,902,3608
"18764",5560,1112,4448
"18765",4515,903,3612
"18766",5090,1018,4072
"18767",5055,1011,4044
"18768",3990,798,3192
"18769",5965,1193,4772
"18770",3555,711,2844
"18771",4265,853,3412
"18772",4535,907,3628
"18773",4020,804,3216
"18774",5230,1046,4184
"18775",4860,972,3888
"18776",4355,871,3484
"18777",4400,880,3520
"18778",4365,873,3492
"18779",4445,889,3556
"18780",4580,916,3664
"18781",4010,802,3208
"18782",4375,875,3500
"18783",3555,711,2844
"18784",4090,818,3272
"18785",5095,1019,4076
"18786",5775,1155,4620
"18787",4270,854,3416
"18788",4820,964,3856
"18789",5050,1010,4040
"18790",4105,821,3284
"18791",4425,885,3540
"18792",6335,1267,5068
"18793",4325,865,3460
"18794",4845,969,3876
"18795",4045,809,3236
"18796",3810,762,3048
"18797",3420,684,2736
"18798",5000,1000,4000
"18799",4030,806,3224
"18800",7130,1426,5704
"18801",5415,1083,4332
"18802",5005,1001,4004
"18803",5245,1049,4196
"18804",7450,1490,5960
"18805",3395,679,2716
"18806",5120,1024,4096
"18807",4495,899,3596
"18808",4640,928,3712
"18809",4450,890,3560
"18810",4120,824,3296
"18811",4675,935,3740
"18812",4920,984,3936
"18813",4865,973,3892
"18814",6165,1233,4932
"18815",4540,908,3632
"18816",4325,865,3460
"18817",4245,849,3396
"18818",7580,1516,6064
"18819",5670,1134,4536
"18820",3800,760,3040
"18821",4815,963,3852
"18822",6075,1215,4860
"18823",4025,805,3220
"18824",4975,995,3980
"18825",3625,725,2900
"18826",4175,835,3340
"18827",7245,1449,5796
"18828",4925,985,3940
"18829",8610,1722,6888
"18830",4230,846,3384
"18831",3815,763,3052
"18832",3850,770,3080
"18833",7120,1424,5696
"18834",7120,1424,5696
"18835",5050,1010,4040
"18836",5310,1062,4248
"18837",5750,1150,4600
"18838",4280,856,3424
"18839",3615,723,2892
"18840",4505,901,3604
"18841",5005,1001,4004
"18842",6140,1228,4912
"18843",4730,946,3784
"18844",4305,861,3444
"18845",4465,893,3572
"18846",4340,868,3472
"18847",5910,1182,4728
"18848",4335,867,3468
"18849",4370,874,3496
"18850",3870,774,3096
"18851",3535,707,2828
"18852",4635,927,3708
"18853",6045,1209,4836
"18854",5380,1076,4304
"18855",4015,803,3212
"18856",4375,875,3500
"18857",4715,943,3772
"18858",4950,990,3960
"18859",3640,728,2912
"18860",7460,1492,5968
"18861",4085,817,3268
"18862",4140,828,3312
"18863",4560,912,3648
"18864",5030,1006,4024
"18865",5065,1013,4052
"18866",5405,1081,4324
"18867",5720,1144,4576
"18868",3805,761,3044
"18869",6100,1220,4880
"18870",4830,966,3864
"18871",4430,886,3544
"18872",4745,949,3796
"18873",4405,881,3524
"18874",4030,806,3224
"18875",4415,883,3532
"18876",4740,948,3792
"18877",5125,1025,4100
"18878",3655,731,2924
"18879",4585,917,3668
"18880",6285,1257,5028
"18881",3925,785,3140
"18882",4195,839,3356
"18883",4445,889,3556
"18884",4585,917,3668
"18885",6145,1229,4916
"18886",4705,941,3764
"18887",5015,1003,4012
"18888",4430,886,3544
"18889",3385,677,2708
"18890",4680,936,3744
"18891",4515,903,3612
"18892",5935,1187,4748
"18893",4665,933,3732
"18894",4910,982,3928
"18895",4905,981,3924
"18896",5270,1054,4216
"18897",3235,647,2588
"18898",4500,900,3600
"18899",4220,844,3376
"18900",4725,945,3780
"18901",4225,845,3380
"18902",4415,883,3532
"18903",4055,811,3244
"18904",4980,996,3984
"18905",4050,810,3240
"18906",4845,969,3876
"18907",4695,939,3756
"18908",5845,1169,4676
"18909",4800,960,3840
"18910",4545,909,3636
"18911",7025,1405,5620
"18912",4555,911,3644
"18913",4530,906,3624
"18914",4410,882,3528
"18915",3975,795,3180
"18916",4830,966,3864
"18917",5035,1007,4028
"18918",4190,838,3352
"18919",4460,892,3568
"18920",5560,1112,4448
"18921",3890,778,3112
"18922",4310,862,3448
"18923",4600,920,3680
"18924",4340,868,3472
"18925",4625,925,3700
"18926",4170,834,3336
"18927",3765,753,3012
"18928",7985,1597,6388
"18929",4990,998,3992
"18930",3980,796,3184
"18931",5205,1041,4164
"18932",4810,962,3848
"18933",4205,841,3364
"18934",4615,923,3692
"18935",5950,1190,4760
"18936",4010,802,3208
"18937",4190,838,3352
"18938",5080,1016,4064
"18939",6535,1307,5228
"18940",4190,838,3352
"18941",5310,1062,4248
"18942",5275,1055,4220
"18943",4375,875,3500
"18944",5655,1131,4524
"18945",4420,884,3536
"18946",4225,845,3380
"18947",4725,945,3780
"18948",4170,834,3336
"18949",4345,869,3476
"18950",5150,1030,4120
"18951",5565,1113,4452
"18952",5550,1110,4440
"18953",5160,1032,4128
"18954",5170,1034,4136
"18955",5230,1046,4184
"18956",4370,874,3496
"18957",4410,882,3528
"18958",6045,1209,4836
"18959",4735,947,3788
"18960",3910,782,3128
"18961",4035,807,3228
"18962",5185,1037,4148
"18963",5365,1073,4292
"18964",3710,742,2968
"18965",5100,1020,4080
"18966",4735,947,3788
"18967",4345,869,3476
"18968",4120,824,3296
"18969",4950,990,3960
"18970",3275,655,2620
"18971",4355,871,3484
"18972",4650,930,3720
"18973",3550,710,2840
"18974",4420,884,3536
"18975",4190,838,3352
"18976",4155,831,3324
"18977",4780,956,3824
"18978",4310,862,3448
"18979",4690,938,3752
"18980",4160,832,3328
"18981",4400,880,3520
"18982",4580,916,3664
"18983",5160,1032,4128
"18984",5565,1113,4452
"18985",4630,926,3704
"18986",3525,705,2820
"18987",5535,1107,4428
"18988",4525,905,3620
"18989",3675,735,2940
"18990",3355,671,2684
"18991",4940,988,3952
"18992",4685,937,3748
"18993",4775,955,3820
"18994",5275,1055,4220
"18995",4705,941,3764
"18996",3835,767,3068
"18997",9080,1816,7264
"18998",4935,987,3948
"18999",6440,1288,5152
"19000",4730,946,3784
"19001",4695,939,3756
"19002",4200,840,3360
"19003",4665,933,3732
"19004",6545,1309,5236
"19005",4220,844,3376
"19006",4375,875,3500
"19007",5990,1198,4792
"19008",5650,1130,4520
"19009",4255,851,3404
"19010",7020,1404,5616
"19011",5490,1098,4392
"19012",3710,742,2968
"19013",4700,940,3760
"19014",4785,957,3828
"19015",4835,967,3868
"19016",4140,828,3312
"19017",3995,799,3196
"19018",3820,764,3056
"19019",4455,891,3564
"19020",7140,1428,5712
"19021",3850,770,3080
"19022",4625,925,3700
"19023",6725,1345,5380
"19024",3215,643,2572
"19025",4440,888,3552
"19026",4940,988,3952
"19027",4400,880,3520
"19028",4410,882,3528
"19029",4635,927,3708
"19030",3835,767,3068
"19031",4265,853,3412
"19032",4855,971,3884
"19033",5160,1032,4128
"19034",5250,1050,4200
"19035",6755,1351,5404
"19036",6695,1339,5356
"19037",4545,909,3636
"19038",4620,924,3696
"19039",4220,844,3376
"19040",4505,901,3604
"19041",4310,862,3448
"19042",5380,1076,4304
"19043",4615,923,3692
"19044",3895,779,3116
"19045",5300,1060,4240
"19046",4170,834,3336
"19047",5010,1002,4008
"19048",4195,839,3356
"19049",5875,1175,4700
"19050",4125,825,3300
"19051",5250,1050,4200
"19052",5320,1064,4256
"19053",4750,950,3800
"19054",5510,1102,4408
"19055",3635,727,2908
"19056",6835,1367,5468
"19057",3725,745,2980
"19058",3825,765,3060
"19059",6700,1340,5360
"19060",3575,715,2860
"19061",3710,742,2968
"19062",5295,1059,4236
"19063",5115,1023,4092
"19064",3650,730,2920
"19065",4070,814,3256
"19066",5350,1070,4280
"19067",4040,808,3232
"19068",4580,916,3664
"19069",4640,928,3712
"19070",3865,773,3092
"19071",3715,743,2972
"19072",4680,936,3744
"19073",4970,994,3976
"19074",4755,951,3804
"19075",4100,820,3280
"19076",4670,934,3736
"19077",5020,1004,4016
"19078",4530,906,3624
"19079",6275,1255,5020
"19080",3775,755,3020
"19081",4380,876,3504
"19082",3770,754,3016
"19083",3865,773,3092
"19084",4765,953,3812
"19085",5675,1135,4540
"19086",5210,1042,4168
"19087",5155,1031,4124
"19088",4880,976,3904
"19089",4615,923,3692
"19090",4770,954,3816
"19091",8100,1620,6480
"19092",6220,1244,4976
"19093",4965,993,3972
"19094",4305,861,3444
"19095",3760,752,3008
"19096",3755,751,3004
"19097",4865,973,3892
"19098",3710,742,2968
"19099",5220,1044,4176
"19100",4225,845,3380
"19101",4990,998,3992
"19102",3565,713,2852
"19103",4530,906,3624
"19104",5385,1077,4308
"19105",5970,1194,4776
"19106",5125,1025,4100
"19107",4105,821,3284
"19108",5225,1045,4180
"19109",4060,812,3248
"19110",4135,827,3308
"19111",5690,1138,4552
"19112",4080,816,3264
"19113",7795,1559,6236
"19114",5040,1008,4032
"19115",6655,1331,5324
"19116",4620,924,3696
"19117",4415,883,3532
"19118",4670,934,3736
"19119",4295,859,3436
"19120",4960,992,3968
"19121",5325,1065,4260
"19122",7340,1468,5872
"19123",6325,1265,5060
"19124",4705,941,3764
"19125",7795,1559,6236
"19126",5270,1054,4216
"19127",4150,830,3320
"19128",4565,913,3652
"19129",5015,1003,4012
"19130",4660,932,3728
"19131",3850,770,3080
"19132",4670,934,3736
"19133",3965,793,3172
"19134",4630,926,3704
"19135",3690,738,2952
"19136",4410,882,3528
"19137",4300,860,3440
"19138",5370,1074,4296
"19139",3790,758,3032
"19140",4605,921,3684
"19141",4140,828,3312
"19142",5245,1049,4196
"19143",5480,1096,4384
"19144",4370,874,3496
"19145",4365,873,3492
"19146",3890,778,3112
"19147",5930,1186,4744
"19148",3725,745,2980
"19149",5105,1021,4084
"19150",4670,934,3736
"19151",4430,886,3544
"19152",5295,1059,4236
"19153",4390,878,3512
"19154",6420,1284,5136
"19155",3795,759,3036
"19156",5190,1038,4152
"19157",4205,841,3364
"19158",4400,880,3520
"19159",4815,963,3852
"19160",5345,1069,4276
"19161",4395,879,3516
"19162",5035,1007,4028
"19163",4625,925,3700
"19164",4105,821,3284
"19165",4945,989,3956
"19166",6150,1230,4920
"19167",6060,1212,4848
"19168",3710,742,2968
"19169",7585,1517,6068
"19170",4715,943,3772
"19171",3890,778,3112
"19172",4265,853,3412
"19173",5305,1061,4244
"19174",4040,808,3232
"19175",4455,891,3564
"19176",4925,985,3940
"19177",4280,856,3424
"19178",3355,671,2684
"19179",4495,899,3596
"19180",3610,722,2888
"19181",4265,853,3412
"19182",6045,1209,4836
"19183",7060,1412,5648
"19184",3725,745,2980
"19185",3620,724,2896
"19186",4335,867,3468
"19187",6605,1321,5284
"19188",6100,1220,4880
"19189",4445,889,3556
"19190",4670,934,3736
"19191",5490,1098,4392
"19192",4330,866,3464
"19193",4225,845,3380
"19194",3665,733,2932
"19195",3560,712,2848
"19196",4790,958,3832
"19197",4345,869,3476
"19198",5240,1048,4192
"19199",4725,945,3780
"19200",4265,853,3412
"19201",4670,934,3736
"19202",4990,998,3992
"19203",4295,859,3436
"19204",4320,864,3456
"19205",4405,881,3524
"19206",5080,1016,4064
"19207",4955,991,3964
"19208",4265,853,3412
"19209",3950,790,3160
"19210",6880,1376,5504
"19211",4580,916,3664
"19212",4180,836,3344
"19213",4295,859,3436
"19214",4065,813,3252
"19215",5010,1002,4008
"19216",4310,862,3448
"19217",3885,777,3108
"19218",4470,894,3576
"19219",4030,806,3224
"19220",4480,896,3584
"19221",4510,902,3608
"19222",4590,918,3672
"19223",4150,830,3320
"19224",4455,891,3564
"19225",4550,910,3640
"19226",4355,871,3484
"19227",5385,1077,4308
"19228",4040,808,3232
"19229",4560,912,3648
"19230",5085,1017,4068
"19231",4845,969,3876
"19232",3465,693,2772
"19233",4085,817,3268
"19234",3520,704,2816
"19235",4335,867,3468
"19236",5330,1066,4264
"19237",5460,1092,4368
"19238",5010,1002,4008
"19239",5505,1101,4404
"19240",5040,1008,4032
"19241",4410,882,3528
"19242",4525,905,3620
"19243",6990,1398,5592
"19244",3900,780,3120
"19245",5945,1189,4756
"19246",3520,704,2816
"19247",3620,724,2896
"19248",4825,965,3860
"19249",5985,1197,4788
"19250",3390,678,2712
"19251",4535,907,3628
"19252",4270,854,3416
"19253",3685,737,2948
"19254",3365,673,2692
"19255",4470,894,3576
"19256",3780,756,3024
"19257",5430,1086,4344
"19258",3595,719,2876
"19259",5545,1109,4436
"19260",5210,1042,4168
"19261",5275,1055,4220
"19262",5105,1021,4084
"19263",5400,1080,4320
"19264",3670,734,2936
"19265",5825,1165,4660
"19266",4670,934,3736
"19267",3425,685,2740
"19268",4340,868,3472
"19269",4380,876,3504
"19270",6715,1343,5372
"19271",4320,864,3456
"19272",5830,1166,4664
"19273",4610,922,3688
"19274",4365,873,3492
"19275",4165,833,3332
"19276",5095,1019,4076
"19277",4460,892,3568
"19278",5975,1195,4780
"19279",3930,786,3144
"19280",3835,767,3068
"19281",4700,940,3760
"19282",6085,1217,4868
"19283",5105,1021,4084
"19284",4945,989,3956
"19285",3765,753,3012
"19286",4810,962,3848
"19287",5125,1025,4100
"19288",3825,765,3060
"19289",4075,815,3260
"19290",4930,986,3944
"19291",4015,803,3212
"19292",6305,1261,5044
"19293",5730,1146,4584
"19294",3440,688,2752
"19295",4685,937,3748
"19296",4795,959,3836
"19297",5745,1149,4596
"19298",4775,955,3820
"19299",6060,1212,4848
"19300",3840,768,3072
"19301",7035,1407,5628
"19302",5565,1113,4452
"19303",4610,922,3688
"19304",4080,816,3264
"19305",6895,1379,5516
"19306",6020,1204,4816
"19307",5900,1180,4720
"19308",4765,953,3812
"19309",5250,1050,4200
"19310",4410,882,3528
"19311",7730,1546,6184
"19312",4745,949,3796
"19313",4775,955,3820
"19314",4010,802,3208
"19315",3980,796,3184
"19316",4035,807,3228
"19317",4435,887,3548
"19318",5745,1149,4596
"19319",3900,780,3120
"19320",4575,915,3660
"19321",5255,1051,4204
"19322",5270,1054,4216
"19323",4105,821,3284
"19324",4875,975,3900
"19325",3805,761,3044
"19326",4955,991,3964
"19327",5765,1153,4612
"19328",5985,1197,4788
"19329",4235,847,3388
"19330",3935,787,3148
"19331",4610,922,3688
"19332",4320,864,3456
"19333",5345,1069,4276
"19334",4970,994,3976
"19335",6225,1245,4980
"19336",4815,963,3852
"19337",4260,852,3408
"19338",5065,1013,4052
"19339",4725,945,3780
"19340",5025,1005,4020
"19341",4360,872,3488
"19342",4780,956,3824
"19343",5960,1192,4768
"19344",4835,967,3868
"19345",4100,820,3280
"19346",3870,774,3096
"19347",4220,844,3376
"19348",5860,1172,4688
"19349",4690,938,3752
"19350",3920,784,3136
"19351",6265,1253,5012
"19352",4335,867,3468
"19353",4415,883,3532
"19354",4530,906,3624
"19355",3200,640,2560
"19356",3790,758,3032
"19357",4160,832,3328
"19358",3530,706,2824
"19359",4100,820,3280
"19360",4620,924,3696
"19361",4395,879,3516
"19362",5450,1090,4360
"19363",5320,1064,4256
"19364",5465,1093,4372
"19365",4465,893,3572
"19366",5265,1053,4212
"19367",4115,823,3292
"19368",5855,1171,4684
"19369",4695,939,3756
"19370",3505,701,2804
"19371",3680,736,2944
"19372",4920,984,3936
"19373",5310,1062,4248
"19374",4260,852,3408
"19375",4680,936,3744
"19376",5375,1075,4300
"19377",6350,1270,5080
"19378",3880,776,3104
"19379",4155,831,3324
"19380",3670,734,2936
"19381",6275,1255,5020
"19382",4180,836,3344
"19383",3340,668,2672
"19384",5625,1125,4500
"19385",3605,721,2884
"19386",4870,974,3896
"19387",5235,1047,4188
"19388",4200,840,3360
"19389",5155,1031,4124
"19390",4795,959,3836
"19391",5370,1074,4296
"19392",4410,882,3528
"19393",4155,831,3324
"19394",4920,984,3936
"19395",5605,1121,4484
"19396",4820,964,3856
"19397",4595,919,3676
"19398",6585,1317,5268
"19399",7235,1447,5788
"19400",4450,890,3560
"19401",5005,1001,4004
"19402",4210,842,3368
"19403",5230,1046,4184
"19404",5360,1072,4288
"19405",5035,1007,4028
"19406",5290,1058,4232
"19407",4785,957,3828
"19408",5175,1035,4140
"19409",4215,843,3372
"19410",3310,662,2648
"19411",6560,1312,5248
"19412",4575,915,3660
"19413",5280,1056,4224
"19414",5315,1063,4252
"19415",4405,881,3524
"19416",5605,1121,4484
"19417",4645,929,3716
"19418",3665,733,2932
"19419",3645,729,2916
"19420",4715,943,3772
"19421",4890,978,3912
"19422",4175,835,3340
"19423",4235,847,3388
"19424",3195,639,2556
"19425",5795,1159,4636
"19426",4185,837,3348
"19427",5645,1129,4516
"19428",4155,831,3324
"19429",5870,1174,4696
"19430",5425,1085,4340
"19431",4430,886,3544
"19432",3420,684,2736
"19433",4455,891,3564
"19434",6060,1212,4848
"19435",4700,940,3760
"19436",4010,802,3208
"19437",5925,1185,4740
"19438",4505,901,3604
"19439",4975,995,3980
"19440",4010,802,3208
"19441",5830,1166,4664
"19442",4580,916,3664
"19443",3775,755,3020
"19444",4535,907,3628
"19445",4680,936,3744
"19446",4830,966,3864
"19447",4675,935,3740
"19448",4435,887,3548
"19449",4405,881,3524
"19450",4950,990,3960
"19451",3955,791,3164
"19452",5375,1075,4300
"19453",7280,1456,5824
"19454",3735,747,2988
"19455",5345,1069,4276
"19456",4280,856,3424
"19457",4560,912,3648
"19458",5110,1022,4088
"19459",5215,1043,4172
"19460",4255,851,3404
"19461",4770,954,3816
"19462",5410,1082,4328
"19463",4800,960,3840
"19464",4215,843,3372
"19465",5100,1020,4080
"19466",5245,1049,4196
"19467",6060,1212,4848
"19468",5280,1056,4224
"19469",4355,871,3484
"19470",5175,1035,4140
"19471",4480,896,3584
"19472",4515,903,3612
"19473",4860,972,3888
"19474",3820,764,3056
"19475",3860,772,3088
"19476",3875,775,3100
"19477",4270,854,3416
"19478",5470,1094,4376
"19479",3540,708,2832
"19480",4630,926,3704
"19481",6720,1344,5376
"19482",4145,829,3316
"19483",5985,1197,4788
"19484",4885,977,3908
"19485",4120,824,3296
"19486",6155,1231,4924
"19487",5535,1107,4428
"19488",5145,1029,4116
"19489",4225,845,3380
"19490",5140,1028,4112
"19491",4495,899,3596
"19492",3575,715,2860
"19493",6300,1260,5040
"19494",4130,826,3304
"19495",4315,863,3452
"19496",3945,789,3156
"19497",4365,873,3492
"19498",6115,1223,4892
"19499",7175,1435,5740
"19500",3835,767,3068
"19501",4975,995,3980
"19502",3935,787,3148
"19503",5985,1197,4788
"19504",4815,963,3852
"19505",4210,842,3368
"19506",4490,898,3592
"19507",4010,802,3208
"19508",3650,730,2920
"19509",4570,914,3656
"19510",5480,1096,4384
"19511",3540,708,2832
"19512",5785,1157,4628
"19513",4740,948,3792
"19514",5070,1014,4056
"19515",5305,1061,4244
"19516",5520,1104,4416
"19517",4575,915,3660
"19518",5525,1105,4420
"19519",5730,1146,4584
"19520",5250,1050,4200
"19521",3485,697,2788
"19522",4005,801,3204
"19523",3860,772,3088
"19524",4850,970,3880
"19525",5020,1004,4016
"19526",4420,884,3536
"19527",4775,955,3820
"19528",4390,878,3512
"19529",4820,964,3856
"19530",5665,1133,4532
"19531",4085,817,3268
"19532",4150,830,3320
"19533",5250,1050,4200
"19534",4655,931,3724
"19535",4380,876,3504
"19536",3530,706,2824
"19537",3875,775,3100
"19538",4420,884,3536
"19539",4965,993,3972
"19540",6665,1333,5332
"19541",4675,935,3740
"19542",4335,867,3468
"19543",4945,989,3956
"19544",3805,761,3044
"19545",4730,946,3784
"19546",5020,1004,4016
"19547",7160,1432,5728
"19548",4535,907,3628
"19549",4675,935,3740
"19550",3800,760,3040
"19551",3495,699,2796
"19552",4175,835,3340
"19553",4135,827,3308
"19554",4990,998,3992
"19555",5975,1195,4780
"19556",6020,1204,4816
"19557",4380,876,3504
"19558",4510,902,3608
"19559",3895,779,3116
"19560",6190,1238,4952
"19561",4330,866,3464
"19562",3870,774,3096
"19563",4855,971,3884
"19564",5330,1066,4264
"19565",5935,1187,4748
"19566",3570,714,2856
"19567",4180,836,3344
"19568",3565,713,2852
"19569",3585,717,2868
"19570",4730,946,3784
"19571",4500,900,3600
"19572",6690,1338,5352
"19573",5080,1016,4064
"19574",4370,874,3496
"19575",4260,852,3408
"19576",4185,837,3348
"19577",3710,742,2968
"19578",4695,939,3756
"19579",4890,978,3912
"19580",6790,1358,5432
"19581",7195,1439,5756
"19582",5250,1050,4200
"19583",6140,1228,4912
"19584",5155,1031,4124
"19585",4275,855,3420
"19586",4490,898,3592
"19587",4325,865,3460
"19588",4405,881,3524
"19589",4730,946,3784
"19590",4580,916,3664
"19591",3705,741,2964
"19592",4050,810,3240
"19593",4670,934,3736
"19594",6415,1283,5132
"19595",5310,1062,4248
"19596",4660,932,3728
"19597",4845,969,3876
"19598",4045,809,3236
"19599",5875,1175,4700
"19600",6010,1202,4808
"19601",5410,1082,4328
"19602",4310,862,3448
"19603",5060,1012,4048
"19604",5290,1058,4232
"19605",4435,887,3548
"19606",6320,1264,5056
"19607",4440,888,3552
"19608",6520,1304,5216
"19609",3840,768,3072
"19610",5385,1077,4308
"19611",3080,616,2464
"19612",4880,976,3904
"19613",3235,647,2588
"19614",4180,836,3344
"19615",6805,1361,5444
"19616",4520,904,3616
"19617",5235,1047,4188
"19618",3795,759,3036
"19619",3370,674,2696
"19620",3770,754,3016
"19621",4820,964,3856
"19622",3830,766,3064
"19623",5045,1009,4036
"19624",4110,822,3288
"19625",4435,887,3548
"19626",4750,950,3800
"19627",4630,926,3704
"19628",5150,1030,4120
"19629",5535,1107,4428
"19630",4780,956,3824
"19631",3770,754,3016
"19632",3630,726,2904
"19633",3670,734,2936
"19634",5535,1107,4428
"19635",4410,882,3528
"19636",4450,890,3560
"19637",4445,889,3556
"19638",6330,1266,5064
"19639",5225,1045,4180
"19640",5395,1079,4316
"19641",5175,1035,4140
"19642",4650,930,3720
"19643",4710,942,3768
"19644",4100,820,3280
"19645",4190,838,3352
"19646",4060,812,3248
"19647",4880,976,3904
"19648",3965,793,3172
"19649",6465,1293,5172
"19650",4255,851,3404
"19651",5450,1090,4360
"19652",4470,894,3576
"19653",4405,881,3524
"19654",4730,946,3784
"19655",4550,910,3640
"19656",6285,1257,5028
"19657",4905,981,3924
"19658",4225,845,3380
"19659",4885,977,3908
"19660",4035,807,3228
"19661",6985,1397,5588
"19662",5145,1029,4116
"19663",5355,1071,4284
"19664",5080,1016,4064
"19665",4580,916,3664
"19666",4235,847,3388
"19667",5165,1033,4132
"19668",4165,833,3332
"19669",4040,808,3232
"19670",5295,1059,4236
"19671",4920,984,3936
"19672",5805,1161,4644
"19673",5000,1000,4000
"19674",4895,979,3916
"19675",3965,793,3172
"19676",5310,1062,4248
"19677",5050,1010,4040
"19678",4970,994,3976
"19679",4495,899,3596
"19680",4245,849,3396
"19681",4110,822,3288
"19682",4350,870,3480
"19683",3950,790,3160
"19684",6425,1285,5140
"19685",4230,846,3384
"19686",5045,1009,4036
"19687",4745,949,3796
"19688",4375,875,3500
"19689",4790,958,3832
"19690",4015,803,3212
"19691",3870,774,3096
"19692",4175,835,3340
"19693",3830,766,3064
"19694",4705,941,3764
"19695",5420,1084,4336
"19696",5830,1166,4664
"19697",5625,1125,4500
"19698",5405,1081,4324
"19699",4925,985,3940
"19700",4535,907,3628
"19701",4325,865,3460
"19702",4040,808,3232
"19703",5415,1083,4332
"19704",4075,815,3260
"19705",5115,1023,4092
"19706",3980,796,3184
"19707",5180,1036,4144
"19708",5690,1138,4552
"19709",5710,1142,4568
"19710",3940,788,3152
"19711",4160,832,3328
"19712",3495,699,2796
"19713",5590,1118,4472
"19714",4955,991,3964
"19715",4030,806,3224
"19716",3885,777,3108
"19717",5435,1087,4348
"19718",4160,832,3328
"19719",4745,949,3796
"19720",5345,1069,4276
"19721",4475,895,3580
"19722",4150,830,3320
"19723",4975,995,3980
"19724",4095,819,3276
"19725",3160,632,2528
"19726",3610,722,2888
"19727",5685,1137,4548
"19728",5230,1046,4184
"19729",4145,829,3316
"19730",5115,1023,4092
"19731",5850,1170,4680
"19732",5090,1018,4072
"19733",4210,842,3368
"19734",5110,1022,4088
"19735",4585,917,3668
"19736",5190,1038,4152
"19737",4750,950,3800
"19738",4865,973,3892
"19739",5250,1050,4200
"19740",4060,812,3248
"19741",4780,956,3824
"19742",4690,938,3752
"19743",4270,854,3416
"19744",3895,779,3116
"19745",4075,815,3260
"19746",4260,852,3408
"19747",5160,1032,4128
"19748",4675,935,3740
"19749",3580,716,2864
"19750",5830,1166,4664
"19751",4490,898,3592
"19752",4025,805,3220
"19753",3995,799,3196
"19754",5390,1078,4312
"19755",4240,848,3392
"19756",4525,905,3620
"19757",4250,850,3400
"19758",5505,1101,4404
"19759",4365,873,3492
"19760",5325,1065,4260
"19761",3875,775,3100
"19762",4390,878,3512
"19763",6455,1291,5164
"19764",5795,1159,4636
"19765",4415,883,3532
"19766",4230,846,3384
"19767",4200,840,3360
"19768",4145,829,3316
"19769",5545,1109,4436
"19770",3900,780,3120
"19771",5485,1097,4388
"19772",4810,962,3848
"19773",4625,925,3700
"19774",5270,1054,4216
"19775",3720,744,2976
"19776",4515,903,3612
"19777",4185,837,3348
"19778",4285,857,3428
"19779",4530,906,3624
"19780",5685,1137,4548
"19781",5195,1039,4156
"19782",4235,847,3388
"19783",4575,915,3660
"19784",4035,807,3228
"19785",5855,1171,4684
"19786",3275,655,2620
"19787",4310,862,3448
"19788",5215,1043,4172
"19789",4855,971,3884
"19790",6670,1334,5336
"19791",4705,941,3764
"19792",3415,683,2732
"19793",5350,1070,4280
"19794",5055,1011,4044
"19795",4510,902,3608
"19796",3690,738,2952
"19797",5755,1151,4604
"19798",3655,731,2924
"19799",4660,932,3728
"19800",4220,844,3376
"19801",3800,760,3040
"19802",3900,780,3120
"19803",4620,924,3696
"19804",6290,1258,5032
"19805",4925,985,3940
"19806",4980,996,3984
"19807",4100,820,3280
"19808",4060,812,3248
"19809",4140,828,3312
"19810",3835,767,3068
"19811",5165,1033,4132
"19812",4445,889,3556
"19813",4725,945,3780
"19814",4325,865,3460
"19815",3855,771,3084
"19816",4735,947,3788
"19817",3855,771,3084
"19818",6055,1211,4844
"19819",4295,859,3436
"19820",5000,1000,4000
"19821",4175,835,3340
"19822",4890,978,3912
"19823",4820,964,3856
"19824",4845,969,3876
"19825",3450,690,2760
"19826",3630,726,2904
"19827",4445,889,3556
"19828",4770,954,3816
"19829",3705,741,2964
"19830",4480,896,3584
"19831",4835,967,3868
"19832",3500,700,2800
"19833",5240,1048,4192
"19834",3985,797,3188
"19835",5580,1116,4464
"19836",4655,931,3724
"19837",4810,962,3848
"19838",4670,934,3736
"19839",4600,920,3680
"19840",4905,981,3924
"19841",4910,982,3928
"19842",3375,675,2700
"19843",3860,772,3088
"19844",5985,1197,4788
"19845",5780,1156,4624
"19846",6090,1218,4872
"19847",5490,1098,4392
"19848",4050,810,3240
"19849",5940,1188,4752
"19850",4150,830,3320
"19851",6120,1224,4896
"19852",5340,1068,4272
"19853",4460,892,3568
"19854",4755,951,3804
"19855",4500,900,3600
"19856",4130,826,3304
"19857",3910,782,3128
"19858",5065,1013,4052
"19859",4130,826,3304
"19860",4495,899,3596
"19861",4825,965,3860
"19862",4610,922,3688
"19863",4480,896,3584
"19864",5235,1047,4188
"19865",4825,965,3860
"19866",5415,1083,4332
"19867",5400,1080,4320
"19868",4695,939,3756
"19869",5070,1014,4056
"19870",4135,827,3308
"19871",4295,859,3436
"19872",4330,866,3464
"19873",4860,972,3888
"19874",3760,752,3008
"19875",4340,868,3472
"19876",3810,762,3048
"19877",4950,990,3960
"19878",5555,1111,4444
"19879",5340,1068,4272
"19880",4280,856,3424
"19881",4540,908,3632
"19882",3620,724,2896
"19883",4280,856,3424
"19884",5310,1062,4248
"19885",3810,762,3048
"19886",4585,917,3668
"19887",4255,851,3404
"19888",3200,640,2560
"19889",4510,902,3608
"19890",4865,973,3892
"19891",4645,929,3716
"19892",4295,859,3436
"19893",5230,1046,4184
"19894",3690,738,2952
"19895",4425,885,3540
"19896",4265,853,3412
"19897",4475,895,3580
"19898",4875,975,3900
"19899",4815,963,3852
"19900",8125,1625,6500
"19901",4350,870,3480
"19902",4165,833,3332
"19903",3820,764,3056
"19904",3910,782,3128
"19905",4170,834,3336
"19906",4210,842,3368
"19907",4150,830,3320
"19908",4065,813,3252
"19909",3585,717,2868
"19910",4570,914,3656
"19911",4420,884,3536
"19912",6230,1246,4984
"19913",4800,960,3840
"19914",4060,812,3248
"19915",6135,1227,4908
"19916",5810,1162,4648
"19917",5075,1015,4060
"19918",4475,895,3580
"19919",6935,1387,5548
"19920",4420,884,3536
"19921",4735,947,3788
"19922",4370,874,3496
"19923",4500,900,3600
"19924",3820,764,3056
"19925",4105,821,3284
"19926",5610,1122,4488
"19927",4480,896,3584
"19928",5995,1199,4796
"19929",4465,893,3572
"19930",4430,886,3544
"19931",5050,1010,4040
"19932",3620,724,2896
"19933",4315,863,3452
"19934",4040,808,3232
"19935",4100,820,3280
"19936",4685,937,3748
"19937",3900,780,3120
"19938",4070,814,3256
"19939",4320,864,3456
"19940",3955,791,3164
"19941",3890,778,3112
"19942",3760,752,3008
"19943",4245,849,3396
"19944",6205,1241,4964
"19945",6070,1214,4856
"19946",6935,1387,5548
"19947",4330,866,3464
"19948",4935,987,3948
"19949",4160,832,3328
"19950",4505,901,3604
"19951",5070,1014,4056
"19952",3970,794,3176
"19953",4725,945,3780
"19954",4465,893,3572
"19955",5015,1003,4012
"19956",5370,1074,4296
"19957",6710,1342,5368
"19958",4695,939,3756
"19959",4615,923,3692
"19960",4865,973,3892
"19961",5715,1143,4572
"19962",5005,1001,4004
"19963",4600,920,3680
"19964",4290,858,3432
"19965",3615,723,2892
"19966",5780,1156,4624
"19967",5245,1049,4196
"19968",4430,886,3544
"19969",4250,850,3400
"19970",4530,906,3624
"19971",4765,953,3812
"19972",5285,1057,4228
"19973",5410,1082,4328
"19974",3830,766,3064
"19975",5730,1146,4584
"19976",4455,891,3564
"19977",3905,781,3124
"19978",5185,1037,4148
"19979",4895,979,3916
"19980",5840,1168,4672
"19981",4780,956,3824
"19982",7560,1512,6048
"19983",5150,1030,4120
"19984",5130,1026,4104
"19985",5485,1097,4388
"19986",4525,905,3620
"19987",4380,876,3504
"19988",5395,1079,4316
"19989",4550,910,3640
"19990",3825,765,3060
"19991",4040,808,3232
"19992",4600,920,3680
"19993",5360,1072,4288
"19994",4590,918,3672
"19995",5930,1186,4744
"19996",3355,671,2684
"19997",4205,841,3364
"19998",5095,1019,4076
"19999",3920,784,3136
"20000",4485,897,3588
"20001",4500,900,3600
"20002",5335,1067,4268
"20003",3990,798,3192
"20004",4610,922,3688
"20005",6475,1295,5180
"20006",5895,1179,4716
"20007",4340,868,3472
"20008",5415,1083,4332
"20009",4395,879,3516
"20010",5975,1195,4780
"20011",4975,995,3980
"20012",5535,1107,4428
"20013",4190,838,3352
"20014",4415,883,3532
"20015",4115,823,3292
"20016",6085,1217,4868
"20017",3815,763,3052
"20018",5200,1040,4160
"20019",4230,846,3384
"20020",4565,913,3652
"20021",5650,1130,4520
"20022",4785,957,3828
"20023",3925,785,3140
"20024",5115,1023,4092
"20025",4220,844,3376
"20026",4835,967,3868
"20027",5180,1036,4144
"20028",4545,909,3636
"20029",3215,643,2572
"20030",6375,1275,5100
"20031",3875,775,3100
"20032",4310,862,3448
"20033",3905,781,3124
"20034",3875,775,3100
"20035",5145,1029,4116
"20036",4295,859,3436
"20037",3315,663,2652
"20038",4835,967,3868
"20039",5425,1085,4340
"20040",4420,884,3536
"20041",5065,1013,4052
"20042",3430,686,2744
"20043",4210,842,3368
"20044",4175,835,3340
"20045",4860,972,3888
"20046",4965,993,3972
"20047",4520,904,3616
"20048",3730,746,2984
"20049",4290,858,3432
"20050",4625,925,3700
"20051",4660,932,3728
"20052",6765,1353,5412
"20053",4495,899,3596
"20054",5215,1043,4172
"20055",5740,1148,4592
"20056",4160,832,3328
"20057",3775,755,3020
"20058",5160,1032,4128
"20059",4470,894,3576
"20060",4490,898,3592
"20061",4930,986,3944
"20062",4710,942,3768
"20063",4770,954,3816
"20064",4350,870,3480
"20065",5100,1020,4080
"20066",4455,891,3564
"20067",4725,945,3780
"20068",4270,854,3416
"20069",4210,842,3368
"20070",4185,837,3348
"20071",4450,890,3560
"20072",4065,813,3252
"20073",4070,814,3256
"20074",4250,850,3400
"20075",6480,1296,5184
"20076",5415,1083,4332
"20077",4415,883,3532
"20078",5810,1162,4648
"20079",5305,1061,4244
"20080",3880,776,3104
"20081",4115,823,3292
"20082",4250,850,3400
"20083",4545,909,3636
"20084",7820,1564,6256
"20085",5820,1164,4656
"20086",5010,1002,4008
"20087",4310,862,3448
"20088",5445,1089,4356
"20089",7040,1408,5632
"20090",5115,1023,4092
"20091",4105,821,3284
"20092",4995,999,3996
"20093",4355,871,3484
"20094",4850,970,3880
"20095",4530,906,3624
"20096",5115,1023,4092
"20097",5495,1099,4396
"20098",5570,1114,4456
"20099",5015,1003,4012
"20100",4510,902,3608
"20101",4965,993,3972
"20102",4235,847,3388
"20103",4330,866,3464
"20104",4020,804,3216
"20105",3850,770,3080
"20106",4780,956,3824
"20107",5160,1032,4128
"20108",4680,936,3744
"20109",5210,1042,4168
"20110",4700,940,3760
"20111",4425,885,3540
"20112",5115,1023,4092
"20113",3855,771,3084
"20114",4675,935,3740
"20115",3860,772,3088
"20116",4310,862,3448
"20117",4665,933,3732
"20118",4690,938,3752
"20119",4755,951,3804
"20120",4725,945,3780
"20121",5610,1122,4488
"20122",4030,806,3224
"20123",4155,831,3324
"20124",4105,821,3284
"20125",4050,810,3240
"20126",4600,920,3680
"20127",5415,1083,4332
"20128",3605,721,2884
"20129",6195,1239,4956
"20130",4845,969,3876
"20131",4895,979,3916
"20132",4865,973,3892
"20133",6475,1295,5180
"20134",4765,953,3812
"20135",4300,860,3440
"20136",4095,819,3276
"20137",7380,1476,5904
"20138",4175,835,3340
"20139",4940,988,3952
"20140",4025,805,3220
"20141",4265,853,3412
"20142",5765,1153,4612
"20143",5020,1004,4016
"20144",4285,857,3428
"20145",4225,845,3380
"20146",4155,831,3324
"20147",4685,937,3748
"20148",4260,852,3408
"20149",5645,1129,4516
"20150",5185,1037,4148
"20151",4695,939,3756
"20152",5050,1010,4040
"20153",4195,839,3356
"20154",3565,713,2852
"20155",5420,1084,4336
"20156",7290,1458,5832
"20157",4125,825,3300
"20158",4585,917,3668
"20159",4940,988,3952
"20160",4880,976,3904
"20161",6320,1264,5056
"20162",4450,890,3560
"20163",7675,1535,6140
"20164",4005,801,3204
"20165",5620,1124,4496
"20166",3900,780,3120
"20167",5710,1142,4568
"20168",5045,1009,4036
"20169",5360,1072,4288
"20170",5010,1002,4008
"20171",5150,1030,4120
"20172",3555,711,2844
"20173",4105,821,3284
"20174",5810,1162,4648
"20175",4015,803,3212
"20176",5360,1072,4288
"20177",5025,1005,4020
"20178",3970,794,3176
"20179",5825,1165,4660
"20180",3250,650,2600
"20181",3690,738,2952
"20182",4490,898,3592
"20183",4665,933,3732
"20184",7000,1400,5600
"20185",4230,846,3384
"20186",4395,879,3516
"20187",4175,835,3340
"20188",5105,1021,4084
"20189",5555,1111,4444
"20190",4105,821,3284
"20191",5950,1190,4760
"20192",4395,879,3516
"20193",4075,815,3260
"20194",5045,1009,4036
"20195",3950,790,3160
"20196",5890,1178,4712
"20197",4495,899,3596
"20198",5025,1005,4020
"20199",3900,780,3120
"20200",3750,750,3000
"20201",4990,998,3992
"20202",3780,756,3024
"20203",6550,1310,5240
"20204",4760,952,3808
"20205",4775,955,3820
"20206",4180,836,3344
"20207",4735,947,3788
"20208",5610,1122,4488
"20209",5835,1167,4668
"20210",5070,1014,4056
"20211",4385,877,3508
"20212",4240,848,3392
"20213",4015,803,3212
"20214",5850,1170,4680
"20215",5860,1172,4688
"20216",4335,867,3468
"20217",4060,812,3248
"20218",3520,704,2816
"20219",4930,986,3944
"20220",5020,1004,4016
"20221",3765,753,3012
"20222",4445,889,3556
"20223",5260,1052,4208
"20224",5545,1109,4436
"20225",4545,909,3636
"20226",2950,590,2360
"20227",4775,955,3820
"20228",4240,848,3392
"20229",4045,809,3236
"20230",6460,1292,5168
"20231",4330,866,3464
"20232",4325,865,3460
"20233",3600,720,2880
"20234",4750,950,3800
"20235",4755,951,3804
"20236",4230,846,3384
"20237",4325,865,3460
"20238",5915,1183,4732
"20239",5460,1092,4368
"20240",4355,871,3484
"20241",5390,1078,4312
"20242",4240,848,3392
"20243",4370,874,3496
"20244",5660,1132,4528
"20245",3425,685,2740
"20246",4565,913,3652
"20247",4795,959,3836
"20248",3780,756,3024
"20249",3500,700,2800
"20250",4515,903,3612
"20251",5225,1045,4180
"20252",5125,1025,4100
"20253",3645,729,2916
"20254",4125,825,3300
"20255",3835,767,3068
"20256",5240,1048,4192
"20257",4230,846,3384
"20258",3865,773,3092
"20259",4395,879,3516
"20260",4945,989,3956
"20261",4925,985,3940
"20262",4360,872,3488
"20263",3790,758,3032
"20264",4155,831,3324
"20265",6775,1355,5420
"20266",4905,981,3924
"20267",3935,787,3148
"20268",4585,917,3668
"20269",4680,936,3744
"20270",3940,788,3152
"20271",5185,1037,4148
"20272",5100,1020,4080
"20273",4235,847,3388
"20274",4090,818,3272
"20275",5160,1032,4128
"20276",5135,1027,4108
"20277",4540,908,3632
"20278",5435,1087,4348
"20279",4420,884,3536
"20280",5325,1065,4260
"20281",4620,924,3696
"20282",3535,707,2828
"20283",4555,911,3644
"20284",4950,990,3960
"20285",4130,826,3304
"20286",4305,861,3444
"20287",4920,984,3936
"20288",3905,781,3124
"20289",5305,1061,4244
"20290",3840,768,3072
"20291",4460,892,3568
"20292",4585,917,3668
"20293",3810,762,3048
"20294",4125,825,3300
"20295",4350,870,3480
"20296",3910,782,3128
"20297",4180,836,3344
"20298",4370,874,3496
"20299",4935,987,3948
"20300",4190,838,3352
"20301",4905,981,3924
"20302",5270,1054,4216
"20303",3670,734,2936
"20304",3755,751,3004
"20305",5820,1164,4656
"20306",3660,732,2928
"20307",7340,1468,5872
"20308",4990,998,3992
"20309",7375,1475,5900
"20310",5055,1011,4044
"20311",6810,1362,5448
"20312",5240,1048,4192
"20313",4515,903,3612
"20314",3885,777,3108
"20315",4975,995,3980
"20316",4985,997,3988
"20317",4780,956,3824
"20318",4440,888,3552
"20319",5280,1056,4224
"20320",4070,814,3256
"20321",5200,1040,4160
"20322",5180,1036,4144
"20323",4675,935,3740
"20324",4560,912,3648
"20325",3855,771,3084
"20326",4405,881,3524
"20327",5950,1190,4760
"20328",4335,867,3468
"20329",4265,853,3412
"20330",4000,800,3200
"20331",4515,903,3612
"20332",4510,902,3608
"20333",4185,837,3348
"20334",5010,1002,4008
"20335",4480,896,3584
"20336",5290,1058,4232
"20337",4125,825,3300
"20338",4525,905,3620
"20339",4140,828,3312
"20340",4160,832,3328
"20341",3670,734,2936
"20342",4140,828,3312
"20343",5070,1014,4056
"20344",8360,1672,6688
"20345",5660,1132,4528
"20346",3730,746,2984
"20347",5665,1133,4532
"20348",3785,757,3028
"20349",4320,864,3456
"20350",7180,1436,5744
"20351",5100,1020,4080
"20352",4755,951,3804
"20353",4320,864,3456
"20354",5005,1001,4004
"20355",4985,997,3988
"20356",4410,882,3528
"20357",3585,717,2868
"20358",5580,1116,4464
"20359",5220,1044,4176
"20360",3830,766,3064
"20361",5110,1022,4088
"20362",4070,814,3256
"20363",3900,780,3120
"20364",4315,863,3452
"20365",4115,823,3292
"20366",5890,1178,4712
"20367",4300,860,3440
"20368",3680,736,2944
"20369",4630,926,3704
"20370",4065,813,3252
"20371",4555,911,3644
"20372",4245,849,3396
"20373",4175,835,3340
"20374",3760,752,3008
"20375",3765,753,3012
"20376",5770,1154,4616
"20377",4655,931,3724
"20378",5255,1051,4204
"20379",4550,910,3640
"20380",3715,743,2972
"20381",5755,1151,4604
"20382",6815,1363,5452
"20383",5140,1028,4112
"20384",5195,1039,4156
"20385",3795,759,3036
"20386",4510,902,3608
"20387",3675,735,2940
"20388",5180,1036,4144
"20389",4770,954,3816
"20390",4200,840,3360
"20391",4515,903,3612
"20392",4280,856,3424
"20393",5495,1099,4396
"20394",5655,1131,4524
"20395",5080,1016,4064
"20396",5185,1037,4148
"20397",4975,995,3980
"20398",4835,967,3868
"20399",4640,928,3712
"20400",6180,1236,4944
"20401",3685,737,2948
"20402",3710,742,2968
"20403",4720,944,3776
"20404",4330,866,3464
"20405",5060,1012,4048
"20406",5230,1046,4184
"20407",3795,759,3036
"20408",6255,1251,5004
"20409",5415,1083,4332
"20410",5445,1089,4356
"20411",4795,959,3836
"20412",4415,883,3532
"20413",5470,1094,4376
"20414",3490,698,2792
"20415",4560,912,3648
"20416",6785,1357,5428
"20417",3550,710,2840
"20418",4360,872,3488
"20419",4325,865,3460
"20420",5025,1005,4020
"20421",4680,936,3744
"20422",3800,760,3040
"20423",4445,889,3556
"20424",3340,668,2672
"20425",5665,1133,4532
"20426",4865,973,3892
"20427",6505,1301,5204
"20428",5030,1006,4024
"20429",3610,722,2888
"20430",5180,1036,4144
"20431",6475,1295,5180
"20432",5330,1066,4264
"20433",4910,982,3928
"20434",5400,1080,4320
"20435",4495,899,3596
"20436",3730,746,2984
"20437",6215,1243,4972
"20438",5465,1093,4372
"20439",3485,697,2788
"20440",5300,1060,4240
"20441",3555,711,2844
"20442",5165,1033,4132
"20443",4595,919,3676
"20444",4920,984,3936
"20445",4390,878,3512
"20446",5065,1013,4052
"20447",6680,1336,5344
"20448",4435,887,3548
"20449",3525,705,2820
"20450",4825,965,3860
"20451",4475,895,3580
"20452",4435,887,3548
"20453",4770,954,3816
"20454",3995,799,3196
"20455",4775,955,3820
"20456",6335,1267,5068
"20457",6325,1265,5060
"20458",4570,914,3656
"20459",3995,799,3196
"20460",4930,986,3944
"20461",4315,863,3452
"20462",6010,1202,4808
"20463",4195,839,3356
"20464",4675,935,3740
"20465",3840,768,3072
"20466",4420,884,3536
"20467",4270,854,3416
"20468",4815,963,3852
"20469",3500,700,2800
"20470",4740,948,3792
"20471",3985,797,3188
"20472",4355,871,3484
"20473",3535,707,2828
"20474",4185,837,3348
"20475",4325,865,3460
"20476",4385,877,3508
"20477",3745,749,2996
"20478",4380,876,3504
"20479",3600,720,2880
"20480",4270,854,3416
"20481",5040,1008,4032
"20482",3640,728,2912
"20483",4755,951,3804
"20484",4145,829,3316
"20485",4130,826,3304
"20486",4390,878,3512
"20487",5370,1074,4296
"20488",5380,1076,4304
"20489",4935,987,3948
"20490",4650,930,3720
"20491",5485,1097,4388
"20492",4415,883,3532
"20493",4385,877,3508
"20494",4400,880,3520
"20495",4305,861,3444
"20496",4675,935,3740
"20497",5025,1005,4020
"20498",4440,888,3552
"20499",4185,837,3348
"20500",5040,1008,4032
"20501",4440,888,3552
"20502",4805,961,3844
"20503",6525,1305,5220
"20504",5690,1138,4552
"20505",3355,671,2684
"20506",4360,872,3488
"20507",6380,1276,5104
"20508",4160,832,3328
"20509",5595,1119,4476
"20510",4460,892,3568
"20511",4760,952,3808
"20512",4945,989,3956
"20513",5635,1127,4508
"20514",4115,823,3292
"20515",5470,1094,4376
"20516",5245,1049,4196
"20517",5095,1019,4076
"20518",4440,888,3552
"20519",3805,761,3044
"20520",4430,886,3544
"20521",4420,884,3536
"20522",6755,1351,5404
"20523",4555,911,3644
"20524",4860,972,3888
"20525",4480,896,3584
"20526",5960,1192,4768
"20527",4270,854,3416
"20528",5080,1016,4064
"20529",3505,701,2804
"20530",4360,872,3488
"20531",3875,775,3100
"20532",3630,726,2904
"20533",4200,840,3360
"20534",4665,933,3732
"20535",4660,932,3728
"20536",4825,965,3860
"20537",5090,1018,4072
"20538",4235,847,3388
"20539",4295,859,3436
"20540",3620,724,2896
"20541",4665,933,3732
"20542",5610,1122,4488
"20543",5030,1006,4024
"20544",3195,639,2556
"20545",5185,1037,4148
"20546",6085,1217,4868
"20547",4765,953,3812
"20548",4840,968,3872
"20549",4050,810,3240
"20550",3645,729,2916
"20551",5225,1045,4180
"20552",3790,758,3032
"20553",4965,993,3972
"20554",5640,1128,4512
"20555",6735,1347,5388
"20556",3660,732,2928
"20557",4920,984,3936
"20558",6295,1259,5036
"20559",5115,1023,4092
"20560",7310,1462,5848
"20561",4800,960,3840
"20562",4715,943,3772
"20563",3980,796,3184
"20564",4795,959,3836
"20565",5280,1056,4224
"20566",7280,1456,5824
"20567",6430,1286,5144
"20568",6605,1321,5284
"20569",3670,734,2936
"20570",3645,729,2916
"20571",5045,1009,4036
"20572",5370,1074,4296
"20573",3760,752,3008
"20574",3625,725,2900
"20575",5045,1009,4036
"20576",7875,1575,6300
"20577",4140,828,3312
"20578",5690,1138,4552
"20579",5410,1082,4328
"20580",3980,796,3184
"20581",4260,852,3408
"20582",4155,831,3324
"20583",4060,812,3248
"20584",4175,835,3340
"20585",4190,838,3352
"20586",3715,743,2972
"20587",3890,778,3112
"20588",4705,941,3764
"20589",4930,986,3944
"20590",3610,722,2888
"20591",4920,984,3936
"20592",4320,864,3456
"20593",4260,852,3408
"20594",4040,808,3232
"20595",4405,881,3524
"20596",4985,997,3988
"20597",4005,801,3204
"20598",3725,745,2980
"20599",3765,753,3012
"20600",5400,1080,4320
"20601",4825,965,3860
"20602",5045,1009,4036
"20603",4710,942,3768
"20604",4130,826,3304
"20605",4105,821,3284
"20606",4685,937,3748
"20607",5135,1027,4108
"20608",4340,868,3472
"20609",3420,684,2736
"20610",6155,1231,4924
"20611",5245,1049,4196
"20612",4180,836,3344
"20613",4650,930,3720
"20614",5240,1048,4192
"20615",3965,793,3172
"20616",5105,1021,4084
"20617",4475,895,3580
"20618",3695,739,2956
"20619",4240,848,3392
"20620",5790,1158,4632
"20621",4695,939,3756
"20622",4470,894,3576
"20623",4855,971,3884
"20624",5270,1054,4216
"20625",3475,695,2780
"20626",4770,954,3816
"20627",3745,749,2996
"20628",4665,933,3732
"20629",5295,1059,4236
"20630",4085,817,3268
"20631",3870,774,3096
"20632",4945,989,3956
"20633",3780,756,3024
"20634",4300,860,3440
"20635",4555,911,3644
"20636",3640,728,2912
"20637",4380,876,3504
"20638",4080,816,3264
"20639",3840,768,3072
"20640",5190,1038,4152
"20641",4445,889,3556
"20642",4475,895,3580
"20643",5390,1078,4312
"20644",5995,1199,4796
"20645",6830,1366,5464
"20646",4225,845,3380
"20647",5435,1087,4348
"20648",5325,1065,4260
"20649",3980,796,3184
"20650",4335,867,3468
"20651",3820,764,3056
"20652",7030,1406,5624
"20653",3610,722,2888
"20654",4090,818,3272
"20655",3905,781,3124
"20656",3980,796,3184
"20657",4750,950,3800
"20658",4370,874,3496
"20659",5025,1005,4020
"20660",4945,989,3956
"20661",5040,1008,4032
"20662",3550,710,2840
"20663",3595,719,2876
"20664",4000,800,3200
"20665",4420,884,3536
"20666",3885,777,3108
"20667",4700,940,3760
"20668",5065,1013,4052
"20669",5040,1008,4032
"20670",3865,773,3092
"20671",4200,840,3360
"20672",4825,965,3860
"20673",3995,799,3196
"20674",5335,1067,4268
"20675",4740,948,3792
"20676",4835,967,3868
"20677",4375,875,3500
"20678",4425,885,3540
"20679",4640,928,3712
"20680",5925,1185,4740
"20681",4760,952,3808
"20682",4430,886,3544
"20683",4030,806,3224
"20684",4325,865,3460
"20685",5160,1032,4128
"20686",4925,985,3940
"20687",4155,831,3324
"20688",5360,1072,4288
"20689",3875,775,3100
"20690",3610,722,2888
"20691",4120,824,3296
"20692",4190,838,3352
"20693",4700,940,3760
"20694",4025,805,3220
"20695",3660,732,2928
"20696",6180,1236,4944
"20697",4620,924,3696
"20698",4490,898,3592
"20699",4220,844,3376
"20700",4625,925,3700
"20701",5440,1088,4352
"20702",4165,833,3332
"20703",4225,845,3380
"20704",5480,1096,4384
"20705",5195,1039,4156
"20706",4435,887,3548
"20707",4735,947,3788
"20708",4985,997,3988
"20709",4290,858,3432
"20710",3955,791,3164
"20711",6480,1296,5184
"20712",4605,921,3684
"20713",4385,877,3508
"20714",4930,986,3944
"20715",3905,781,3124
"20716",4640,928,3712
"20717",4780,956,3824
"20718",3350,670,2680
"20719",4340,868,3472
"20720",4725,945,3780
"20721",5865,1173,4692
"20722",3620,724,2896
"20723",5125,1025,4100
"20724",4385,877,3508
"20725",4950,990,3960
"20726",5290,1058,4232
"20727",3785,757,3028
"20728",4735,947,3788
"20729",3755,751,3004
"20730",5055,1011,4044
"20731",5445,1089,4356
"20732",4005,801,3204
"20733",4265,853,3412
"20734",4275,855,3420
"20735",4945,989,3956
"20736",4745,949,3796
"20737",3800,760,3040
"20738",6295,1259,5036
"20739",4555,911,3644
"20740",4905,981,3924
"20741",5500,1100,4400
"20742",6290,1258,5032
"20743",4280,856,3424
"20744",3555,711,2844
"20745",3415,683,2732
"20746",5770,1154,4616
"20747",3385,677,2708
"20748",4000,800,3200
"20749",5515,1103,4412
"20750",6505,1301,5204
"20751",4480,896,3584
"20752",5360,1072,4288
"20753",4070,814,3256
"20754",5615,1123,4492
"20755",4415,883,3532
"20756",5060,1012,4048
"20757",4080,816,3264
"20758",3945,789,3156
"20759",4665,933,3732
"20760",3510,702,2808
"20761",4675,935,3740
"20762",4180,836,3344
"20763",4195,839,3356
"20764",4505,901,3604
"20765",4355,871,3484
"20766",4550,910,3640
"20767",4420,884,3536
"20768",4205,841,3364
"20769",6015,1203,4812
"20770",5890,1178,4712
"20771",5020,1004,4016
"20772",4520,904,3616
"20773",5135,1027,4108
"20774",6065,1213,4852
"20775",4840,968,3872
"20776",4535,907,3628
"20777",5020,1004,4016
"20778",3475,695,2780
"20779",4470,894,3576
"20780",5595,1119,4476
"20781",4335,867,3468
"20782",5310,1062,4248
"20783",5070,1014,4056
"20784",4630,926,3704
"20785",5800,1160,4640
"20786",4655,931,3724
"20787",4570,914,3656
"20788",4390,878,3512
"20789",3565,713,2852
"20790",4905,981,3924
"20791",4985,997,3988
"20792",4455,891,3564
"20793",5945,1189,4756
"20794",4705,941,3764
"20795",4420,884,3536
"20796",4155,831,3324
"20797",4675,935,3740
"20798",5175,1035,4140
"20799",5025,1005,4020
"20800",4455,891,3564
"20801",5405,1081,4324
"20802",5335,1067,4268
"20803",6345,1269,5076
"20804",3990,798,3192
"20805",3905,781,3124
"20806",4450,890,3560
"20807",5800,1160,4640
"20808",4415,883,3532
"20809",4170,834,3336
"20810",4240,848,3392
"20811",4215,843,3372
"20812",4175,835,3340
"20813",3915,783,3132
"20814",4565,913,3652
"20815",7355,1471,5884
"20816",5460,1092,4368
"20817",5340,1068,4272
"20818",3265,653,2612
"20819",5170,1034,4136
"20820",3745,749,2996
"20821",6605,1321,5284
"20822",4485,897,3588
"20823",3910,782,3128
"20824",4995,999,3996
"20825",4250,850,3400
"20826",6975,1395,5580
"20827",5230,1046,4184
"20828",4460,892,3568
"20829",6960,1392,5568
"20830",3285,657,2628
"20831",3885,777,3108
"20832",3660,732,2928
"20833",4210,842,3368
"20834",5605,1121,4484
"20835",4340,868,3472
"20836",4360,872,3488
"20837",5185,1037,4148
"20838",5770,1154,4616
"20839",5340,1068,4272
"20840",3645,729,2916
"20841",6570,1314,5256
"20842",6235,1247,4988
"20843",4295,859,3436
"20844",4295,859,3436
"20845",3785,757,3028
"20846",3955,791,3164
"20847",5765,1153,4612
"20848",3790,758,3032
"20849",5695,1139,4556
"20850",5350,1070,4280
"20851",4145,829,3316
"20852",4920,984,3936
"20853",3680,736,2944
"20854",4420,884,3536
"20855",5800,1160,4640
"20856",4340,868,3472
"20857",3915,783,3132
"20858",5180,1036,4144
"20859",4620,924,3696
"20860",4720,944,3776
"20861",4580,916,3664
"20862",5195,1039,4156
"20863",5230,1046,4184
"20864",3630,726,2904
"20865",4775,955,3820
"20866",3830,766,3064
"20867",5860,1172,4688
"20868",5165,1033,4132
"20869",5615,1123,4492
"20870",6955,1391,5564
"20871",5715,1143,4572
"20872",4275,855,3420
"20873",5035,1007,4028
"20874",4180,836,3344
"20875",3925,785,3140
"20876",3755,751,3004
"20877",4010,802,3208
"20878",4715,943,3772
"20879",3800,760,3040
"20880",7380,1476,5904
"20881",5045,1009,4036
"20882",7000,1400,5600
"20883",3955,791,3164
"20884",4445,889,3556
"20885",4600,920,3680
"20886",3810,762,3048
"20887",3845,769,3076
"20888",5505,1101,4404
"20889",3820,764,3056
"20890",5025,1005,4020
"20891",4045,809,3236
"20892",3530,706,2824
"20893",5085,1017,4068
"20894",6115,1223,4892
"20895",4825,965,3860
"20896",5470,1094,4376
"20897",3720,744,2976
"20898",3820,764,3056
"20899",4305,861,3444
"20900",3840,768,3072
"20901",5150,1030,4120
"20902",4355,871,3484
"20903",5035,1007,4028
"20904",4615,923,3692
"20905",4415,883,3532
"20906",4935,987,3948
"20907",7110,1422,5688
"20908",4930,986,3944
"20909",3945,789,3156
"20910",4255,851,3404
"20911",5115,1023,4092
"20912",4475,895,3580
"20913",4050,810,3240
"20914",5730,1146,4584
"20915",4395,879,3516
"20916",4940,988,3952
"20917",4545,909,3636
"20918",4265,853,3412
"20919",4775,955,3820
"20920",4100,820,3280
"20921",6385,1277,5108
"20922",4095,819,3276
"20923",4155,831,3324
"20924",4035,807,3228
"20925",4630,926,3704
"20926",4950,990,3960
"20927",4735,947,3788
"20928",4195,839,3356
"20929",4850,970,3880
"20930",5170,1034,4136
"20931",5645,1129,4516
"20932",4425,885,3540
"20933",7435,1487,5948
"20934",5045,1009,4036
"20935",4080,816,3264
"20936",5235,1047,4188
"20937",4570,914,3656
"20938",3965,793,3172
"20939",4360,872,3488
"20940",4695,939,3756
"20941",6960,1392,5568
"20942",4285,857,3428
"20943",4350,870,3480
"20944",4575,915,3660
"20945",3945,789,3156
"20946",4480,896,3584
"20947",5905,1181,4724
"20948",3495,699,2796
"20949",5760,1152,4608
"20950",4790,958,3832
"20951",5700,1140,4560
"20952",4200,840,3360
"20953",3930,786,3144
"20954",4265,853,3412
"20955",5305,1061,4244
"20956",4605,921,3684
"20957",4210,842,3368
"20958",5155,1031,4124
"20959",5410,1082,4328
"20960",4060,812,3248
"20961",3765,753,3012
"20962",5775,1155,4620
"20963",4390,878,3512
"20964",3465,693,2772
"20965",5550,1110,4440
"20966",4570,914,3656
"20967",4625,925,3700
"20968",6100,1220,4880
"20969",4635,927,3708
"20970",4670,934,3736
"20971",4555,911,3644
"20972",4260,852,3408
"20973",4395,879,3516
"20974",5275,1055,4220
"20975",4725,945,3780
"20976",4975,995,3980
"20977",5740,1148,4592
"20978",4905,981,3924
"20979",4680,936,3744
"20980",3925,785,3140
"20981",5690,1138,4552
"20982",6045,1209,4836
"20983",6065,1213,4852
"20984",3740,748,2992
"20985",4940,988,3952
"20986",4170,834,3336
"20987",4425,885,3540
"20988",6355,1271,5084
"20989",4585,917,3668
"20990",3650,730,2920
"20991",3960,792,3168
"20992",4150,830,3320
"20993",5065,1013,4052
"20994",4140,828,3312
"20995",5550,1110,4440
"20996",4345,869,3476
"20997",3860,772,3088
"20998",5430,1086,4344
"20999",3805,761,3044
"21000",4690,938,3752
"21001",6730,1346,5384
"21002",5700,1140,4560
"21003",4950,990,3960
"21004",6100,1220,4880
"21005",5150,1030,4120
"21006",3875,775,3100
"21007",4850,970,3880
"21008",6990,1398,5592
"21009",6655,1331,5324
"21010",4325,865,3460
"21011",5745,1149,4596
"21012",4340,868,3472
"21013",4420,884,3536
"21014",5365,1073,4292
"21015",4130,826,3304
"21016",5035,1007,4028
"21017",4200,840,3360
"21018",4120,824,3296
"21019",5630,1126,4504
"21020",3745,749,2996
"21021",7260,1452,5808
"21022",4280,856,3424
"21023",4200,840,3360
"21024",4135,827,3308
"21025",4435,887,3548
"21026",5960,1192,4768
"21027",4595,919,3676
"21028",4845,969,3876
"21029",4755,951,3804
"21030",4730,946,3784
"21031",4840,968,3872
"21032",4605,921,3684
"21033",3375,675,2700
"21034",4990,998,3992
"21035",4790,958,3832
"21036",5870,1174,4696
"21037",6305,1261,5044
"21038",4030,806,3224
"21039",4710,942,3768
"21040",5160,1032,4128
"21041",3735,747,2988
"21042",4365,873,3492
"21043",7375,1475,5900
"21044",5050,1010,4040
"21045",3750,750,3000
"21046",5300,1060,4240
"21047",4170,834,3336
"21048",5640,1128,4512
"21049",5705,1141,4564
"21050",4225,845,3380
"21051",4515,903,3612
"21052",6985,1397,5588
"21053",4075,815,3260
"21054",4380,876,3504
"21055",4895,979,3916
"21056",5690,1138,4552
"21057",4255,851,3404
"21058",5565,1113,4452
"21059",5580,1116,4464
"21060",6150,1230,4920
"21061",4000,800,3200
"21062",4175,835,3340
"21063",5390,1078,4312
"21064",7045,1409,5636
"21065",3615,723,2892
"21066",3825,765,3060
"21067",6125,1225,4900
"21068",4890,978,3912
"21069",5365,1073,4292
"21070",3480,696,2784
"21071",4570,914,3656
"21072",5770,1154,4616
"21073",5100,1020,4080
"21074",5825,1165,4660
"21075",3200,640,2560
"21076",4375,875,3500
"21077",6130,1226,4904
"21078",4150,830,3320
"21079",4615,923,3692
"21080",4490,898,3592
"21081",4355,871,3484
"21082",5250,1050,4200
"21083",4275,855,3420
"21084",5385,1077,4308
"21085",4910,982,3928
"21086",3940,788,3152
"21087",4815,963,3852
"21088",4375,875,3500
"21089",4330,866,3464
"21090",4240,848,3392
"21091",5535,1107,4428
"21092",5965,1193,4772
"21093",4655,931,3724
"21094",4335,867,3468
"21095",6470,1294,5176
"21096",4065,813,3252
"21097",4725,945,3780
"21098",5355,1071,4284
"21099",5520,1104,4416
"21100",6945,1389,5556
"21101",3620,724,2896
"21102",4110,822,3288
"21103",4585,917,3668
"21104",5440,1088,4352
"21105",5970,1194,4776
"21106",4770,954,3816
"21107",4170,834,3336
"21108",3615,723,2892
"21109",5485,1097,4388
"21110",3700,740,2960
"21111",6870,1374,5496
"21112",4075,815,3260
"21113",4610,922,3688
"21114",4025,805,3220
"21115",4545,909,3636
"21116",4640,928,3712
"21117",4155,831,3324
"21118",4725,945,3780
"21119",5215,1043,4172
"21120",4360,872,3488
"21121",5700,1140,4560
"21122",3845,769,3076
"21123",5020,1004,4016
"21124",6165,1233,4932
"21125",4810,962,3848
"21126",5245,1049,4196
"21127",5120,1024,4096
"21128",6790,1358,5432
"21129",5050,1010,4040
"21130",4275,855,3420
"21131",4605,921,3684
"21132",4490,898,3592
"21133",6140,1228,4912
"21134",4295,859,3436
"21135",4635,927,3708
"21136",5000,1000,4000
"21137",3905,781,3124
"21138",4695,939,3756
"21139",3845,769,3076
"21140",5340,1068,4272
"21141",3800,760,3040
"21142",4560,912,3648
"21143",5205,1041,4164
"21144",5605,1121,4484
"21145",4255,851,3404
"21146",3925,785,3140
"21147",4400,880,3520
"21148",4705,941,3764
"21149",4185,837,3348
"21150",4070,814,3256
"21151",4070,814,3256
"21152",4530,906,3624
"21153",6270,1254,5016
"21154",6350,1270,5080
"21155",5350,1070,4280
"21156",4365,873,3492
"21157",4370,874,3496
"21158",4415,883,3532
"21159",7025,1405,5620
"21160",4300,860,3440
"21161",4675,935,3740
"21162",5160,1032,4128
"21163",4925,985,3940
"21164",6445,1289,5156
"21165",5295,1059,4236
"21166",4070,814,3256
"21167",5340,1068,4272
"21168",4475,895,3580
"21169",4430,886,3544
"21170",4615,923,3692
"21171",6500,1300,5200
"21172",7270,1454,5816
"21173",4155,831,3324
"21174",4815,963,3852
"21175",3905,781,3124
"21176",4760,952,3808
"21177",4305,861,3444
"21178",4630,926,3704
"21179",4620,924,3696
"21180",6760,1352,5408
"21181",4345,869,3476
"21182",4675,935,3740
"21183",4255,851,3404
"21184",6670,1334,5336
"21185",4810,962,3848
"21186",4495,899,3596
"21187",4365,873,3492
"21188",3575,715,2860
"21189",4325,865,3460
"21190",3385,677,2708
"21191",6135,1227,4908
"21192",4735,947,3788
"21193",4325,865,3460
"21194",5135,1027,4108
"21195",3840,768,3072
"21196",4760,952,3808
"21197",4620,924,3696
"21198",4230,846,3384
"21199",3880,776,3104
"21200",4255,851,3404
"21201",4960,992,3968
"21202",4020,804,3216
"21203",3890,778,3112
"21204",4205,841,3364
"21205",6010,1202,4808
"21206",4780,956,3824
"21207",4280,856,3424
"21208",4880,976,3904
"21209",4340,868,3472
"21210",3805,761,3044
"21211",5405,1081,4324
"21212",4255,851,3404
"21213",3275,655,2620
"21214",4495,899,3596
"21215",4100,820,3280
"21216",5420,1084,4336
"21217",4595,919,3676
"21218",6705,1341,5364
"21219",5025,1005,4020
"21220",5220,1044,4176
"21221",7105,1421,5684
"21222",3930,786,3144
"21223",6085,1217,4868
"21224",4460,892,3568
"21225",5135,1027,4108
"21226",5800,1160,4640
"21227",4510,902,3608
"21228",5035,1007,4028
"21229",6050,1210,4840
"21230",4880,976,3904
"21231",4910,982,3928
"21232",4225,845,3380
"21233",4700,940,3760
"21234",4365,873,3492
"21235",3840,768,3072
"21236",4715,943,3772
"21237",5035,1007,4028
"21238",4485,897,3588
"21239",4115,823,3292
"21240",4285,857,3428
"21241",4750,950,3800
"21242",4250,850,3400
"21243",4220,844,3376
"21244",3330,666,2664
"21245",4340,868,3472
"21246",5930,1186,4744
"21247",4330,866,3464
"21248",5185,1037,4148
"21249",5140,1028,4112
"21250",4830,966,3864
"21251",4520,904,3616
"21252",4795,959,3836
"21253",3975,795,3180
"21254",4675,935,3740
"21255",4540,908,3632
"21256",3815,763,3052
"21257",4520,904,3616
"21258",4380,876,3504
"21259",6520,1304,5216
"21260",4325,865,3460
"21261",5870,1174,4696
"21262",4035,807,3228
"21263",4305,861,3444
"21264",4250,850,3400
"21265",7215,1443,5772
"21266",4630,926,3704
"21267",5260,1052,4208
"21268",4915,983,3932
"21269",3620,724,2896
"21270",4245,849,3396
"21271",3720,744,2976
"21272",3400,680,2720
"21273",4630,926,3704
"21274",3660,732,2928
"21275",4270,854,3416
"21276",4095,819,3276
"21277",5980,1196,4784
"21278",3640,728,2912
"21279",4295,859,3436
"21280",4335,867,3468
"21281",3830,766,3064
"21282",4335,867,3468
"21283",4685,937,3748
"21284",5475,1095,4380
"21285",4830,966,3864
"21286",4270,854,3416
"21287",4145,829,3316
"21288",5335,1067,4268
"21289",5400,1080,4320
"21290",4055,811,3244
"21291",4295,859,3436
"21292",4290,858,3432
"21293",4940,988,3952
"21294",4310,862,3448
"21295",5555,1111,4444
"21296",5115,1023,4092
"21297",4410,882,3528
"21298",4605,921,3684
"21299",4895,979,3916
"21300",4570,914,3656
"21301",6445,1289,5156
"21302",6140,1228,4912
"21303",3725,745,2980
"21304",4145,829,3316
"21305",4240,848,3392
"21306",4450,890,3560
"21307",6505,1301,5204
"21308",3655,731,2924
"21309",3785,757,3028
"21310",5235,1047,4188
"21311",4955,991,3964
"21312",4855,971,3884
"21313",3970,794,3176
"21314",5510,1102,4408
"21315",4765,953,3812
"21316",4135,827,3308
"21317",5805,1161,4644
"21318",6070,1214,4856
"21319",4800,960,3840
"21320",5070,1014,4056
"21321",3705,741,2964
"21322",3815,763,3052
"21323",3580,716,2864
"21324",5960,1192,4768
"21325",3830,766,3064
"21326",6210,1242,4968
"21327",5025,1005,4020
"21328",3870,774,3096
"21329",3980,796,3184
"21330",5050,1010,4040
"21331",4170,834,3336
"21332",6550,1310,5240
"21333",4705,941,3764
"21334",3470,694,2776
"21335",3925,785,3140
"21336",3435,687,2748
"21337",5880,1176,4704
"21338",5845,1169,4676
"21339",4150,830,3320
"21340",3865,773,3092
"21341",4455,891,3564
"21342",5205,1041,4164
"21343",5520,1104,4416
"21344",4770,954,3816
"21345",4880,976,3904
"21346",5085,1017,4068
"21347",3765,753,3012
"21348",6215,1243,4972
"21349",6015,1203,4812
"21350",8065,1613,6452
"21351",5735,1147,4588
"21352",4525,905,3620
"21353",4950,990,3960
"21354",5500,1100,4400
"21355",4680,936,3744
"21356",4365,873,3492
"21357",4575,915,3660
"21358",3840,768,3072
"21359",5770,1154,4616
"21360",5455,1091,4364
"21361",4995,999,3996
"21362",5410,1082,4328
"21363",4070,814,3256
"21364",5405,1081,4324
"21365",5255,1051,4204
"21366",4950,990,3960
"21367",3660,732,2928
"21368",4770,954,3816
"21369",5310,1062,4248
"21370",4250,850,3400
"21371",4535,907,3628
"21372",6150,1230,4920
"21373",4820,964,3856
"21374",3400,680,2720
"21375",4650,930,3720
"21376",4735,947,3788
"21377",4475,895,3580
"21378",6505,1301,5204
"21379",5310,1062,4248
"21380",4960,992,3968
"21381",4600,920,3680
"21382",5020,1004,4016
"21383",4270,854,3416
"21384",5380,1076,4304
"21385",4470,894,3576
"21386",4490,898,3592
"21387",4950,990,3960
"21388",5560,1112,4448
"21389",4895,979,3916
"21390",5440,1088,4352
"21391",5795,1159,4636
"21392",4780,956,3824
"21393",4100,820,3280
"21394",5545,1109,4436
"21395",7330,1466,5864
"21396",4380,876,3504
"21397",4245,849,3396
"21398",4430,886,3544
"21399",4280,856,3424
"21400",4055,811,3244
"21401",5625,1125,4500
"21402",3980,796,3184
"21403",4975,995,3980
"21404",4090,818,3272
"21405",5140,1028,4112
"21406",5070,1014,4056
"21407",5975,1195,4780
"21408",5135,1027,4108
"21409",4690,938,3752
"21410",5895,1179,4716
"21411",4735,947,3788
"21412",4305,861,3444
"21413",4505,901,3604
"21414",6220,1244,4976
"21415",5195,1039,4156
"21416",4175,835,3340
"21417",6365,1273,5092
"21418",6230,1246,4984
"21419",5100,1020,4080
"21420",5075,1015,4060
"21421",3815,763,3052
"21422",3875,775,3100
"21423",3540,708,2832
"21424",5155,1031,4124
"21425",4975,995,3980
"21426",4415,883,3532
"21427",4400,880,3520
"21428",7150,1430,5720
"21429",4790,958,3832
"21430",4675,935,3740
"21431",5695,1139,4556
"21432",5415,1083,4332
"21433",4530,906,3624
"21434",5410,1082,4328
"21435",4540,908,3632
"21436",4115,823,3292
"21437",6125,1225,4900
"21438",4530,906,3624
"21439",4960,992,3968
"21440",5480,1096,4384
"21441",4055,811,3244
"21442",4815,963,3852
"21443",5245,1049,4196
"21444",4590,918,3672
"21445",4475,895,3580
"21446",3815,763,3052
"21447",4405,881,3524
"21448",4440,888,3552
"21449",4260,852,3408
"21450",3815,763,3052
"21451",4520,904,3616
"21452",6045,1209,4836
"21453",5465,1093,4372
"21454",4440,888,3552
"21455",5015,1003,4012
"21456",4030,806,3224
"21457",4785,957,3828
"21458",3600,720,2880
"21459",4760,952,3808
"21460",6615,1323,5292
"21461",3700,740,2960
"21462",4235,847,3388
"21463",6265,1253,5012
"21464",3650,730,2920
"21465",4945,989,3956
"21466",4290,858,3432
"21467",4810,962,3848
"21468",4890,978,3912
"21469",5150,1030,4120
"21470",4060,812,3248
"21471",3640,728,2912
"21472",5560,1112,4448
"21473",4410,882,3528
"21474",4735,947,3788
"21475",5695,1139,4556
"21476",3910,782,3128
"21477",4325,865,3460
"21478",5275,1055,4220
"21479",3680,736,2944
"21480",4255,851,3404
"21481",3490,698,2792
"21482",4495,899,3596
"21483",4340,868,3472
"21484",6420,1284,5136
"21485",4280,856,3424
"21486",4400,880,3520
"21487",5845,1169,4676
"21488",3710,742,2968
"21489",4205,841,3364
"21490",4000,800,3200
"21491",3945,789,3156
"21492",3750,750,3000
"21493",3960,792,3168
"21494",3160,632,2528
"21495",5085,1017,4068
"21496",4445,889,3556
"21497",4250,850,3400
"21498",5400,1080,4320
"21499",6135,1227,4908
"21500",5635,1127,4508
"21501",4230,846,3384
"21502",4765,953,3812
"21503",8825,1765,7060
"21504",5320,1064,4256
"21505",5730,1146,4584
"21506",4260,852,3408
"21507",4085,817,3268
"21508",4255,851,3404
"21509",4750,950,3800
"21510",4940,988,3952
"21511",4155,831,3324
"21512",6040,1208,4832
"21513",6395,1279,5116
"21514",4455,891,3564
"21515",4175,835,3340
"21516",5520,1104,4416
"21517",3875,775,3100
"21518",6655,1331,5324
"21519",4270,854,3416
"21520",5720,1144,4576
"21521",4680,936,3744
"21522",4125,825,3300
"21523",3965,793,3172
"21524",4165,833,3332
"21525",4985,997,3988
"21526",3990,798,3192
"21527",4330,866,3464
"21528",4290,858,3432
"21529",5495,1099,4396
"21530",7675,1535,6140
"21531",3970,794,3176
"21532",3750,750,3000
"21533",4630,926,3704
"21534",4965,993,3972
"21535",3400,680,2720
"21536",4090,818,3272
"21537",4205,841,3364
"21538",3500,700,2800
"21539",7960,1592,6368
"21540",3675,735,2940
"21541",4265,853,3412
"21542",4025,805,3220
"21543",4325,865,3460
"21544",4235,847,3388
"21545",4355,871,3484
"21546",5965,1193,4772
"21547",5915,1183,4732
"21548",4205,841,3364
"21549",5300,1060,4240
"21550",4060,812,3248
"21551",4790,958,3832
"21552",3590,718,2872
"21553",4695,939,3756
"21554",4560,912,3648
"21555",3980,796,3184
"21556",4880,976,3904
"21557",3425,685,2740
"21558",5560,1112,4448
"21559",3985,797,3188
"21560",3645,729,2916
"21561",3985,797,3188
"21562",7685,1537,6148
"21563",4205,841,3364
"21564",5005,1001,4004
"21565",4210,842,3368
"21566",4660,932,3728
"21567",4670,934,3736
"21568",5030,1006,4024
"21569",3370,674,2696
"21570",4650,930,3720
"21571",4300,860,3440
"21572",4265,853,3412
"21573",5845,1169,4676
"21574",3965,793,3172
"21575",4165,833,3332
"21576",3790,758,3032
"21577",5635,1127,4508
"21578",5815,1163,4652
"21579",3880,776,3104
"21580",4495,899,3596
"21581",4105,821,3284
"21582",4725,945,3780
"21583",4470,894,3576
"21584",6020,1204,4816
"21585",3955,791,3164
"21586",4790,958,3832
"21587",5210,1042,4168
"21588",4630,926,3704
"21589",4560,912,3648
"21590",4055,811,3244
"21591",5580,1116,4464
"21592",5050,1010,4040
"21593",6940,1388,5552
"21594",3620,724,2896
"21595",4335,867,3468
"21596",5950,1190,4760
"21597",4650,930,3720
"21598",4055,811,3244
"21599",5235,1047,4188
"21600",4545,909,3636
"21601",4695,939,3756
"21602",7740,1548,6192
"21603",4020,804,3216
"21604",4990,998,3992
"21605",4700,940,3760
"21606",4495,899,3596
"21607",4645,929,3716
"21608",5390,1078,4312
"21609",5285,1057,4228
"21610",5760,1152,4608
"21611",4340,868,3472
"21612",3710,742,2968
"21613",4365,873,3492
"21614",4935,987,3948
"21615",4535,907,3628
"21616",4025,805,3220
"21617",4935,987,3948
"21618",4360,872,3488
"21619",4535,907,3628
"21620",4395,879,3516
"21621",3890,778,3112
"21622",4850,970,3880
"21623",4250,850,3400
"21624",3905,781,3124
"21625",6445,1289,5156
"21626",4905,981,3924
"21627",5430,1086,4344
"21628",5920,1184,4736
"21629",4470,894,3576
"21630",6850,1370,5480
"21631",3830,766,3064
"21632",4265,853,3412
"21633",5970,1194,4776
"21634",4015,803,3212
"21635",4195,839,3356
"21636",4600,920,3680
"21637",4245,849,3396
"21638",4400,880,3520
"21639",4930,986,3944
"21640",3595,719,2876
"21641",4680,936,3744
"21642",4885,977,3908
"21643",4120,824,3296
"21644",6250,1250,5000
"21645",3960,792,3168
"21646",4290,858,3432
"21647",4130,826,3304
"21648",3750,750,3000
"21649",4985,997,3988
"21650",4595,919,3676
"21651",4075,815,3260
"21652",5640,1128,4512
"21653",6120,1224,4896
"21654",3200,640,2560
"21655",4560,912,3648
"21656",6055,1211,4844
"21657",5175,1035,4140
"21658",5540,1108,4432
"21659",4000,800,3200
"21660",5560,1112,4448
"21661",4135,827,3308
"21662",5070,1014,4056
"21663",4200,840,3360
"21664",5080,1016,4064
"21665",5070,1014,4056
"21666",5660,1132,4528
"21667",4105,821,3284
"21668",4325,865,3460
"21669",3375,675,2700
"21670",5050,1010,4040
"21671",4520,904,3616
"21672",5925,1185,4740
"21673",3615,723,2892
"21674",4600,920,3680
"21675",3960,792,3168
"21676",5280,1056,4224
"21677",4540,908,3632
"21678",5915,1183,4732
"21679",5215,1043,4172
"21680",5900,1180,4720
"21681",3545,709,2836
"21682",3775,755,3020
"21683",4515,903,3612
"21684",5695,1139,4556
"21685",5660,1132,4528
"21686",4400,880,3520
"21687",5010,1002,4008
"21688",4305,861,3444
"21689",4870,974,3896
"21690",6875,1375,5500
"21691",4650,930,3720
"21692",4180,836,3344
"21693",4530,906,3624
"21694",3970,794,3176
"21695",5155,1031,4124
"21696",4600,920,3680
"21697",3545,709,2836
"21698",4915,983,3932
"21699",5580,1116,4464
"21700",3875,775,3100
"21701",4540,908,3632
"21702",5665,1133,4532
"21703",6975,1395,5580
"21704",3745,749,2996
"21705",3745,749,2996
"21706",5100,1020,4080
"21707",3875,775,3100
"21708",6450,1290,5160
"21709",4645,929,3716
"21710",5535,1107,4428
"21711",5380,1076,4304
"21712",4190,838,3352
"21713",5355,1071,4284
"21714",5520,1104,4416
"21715",4265,853,3412
"21716",5730,1146,4584
"21717",4500,900,3600
"21718",4115,823,3292
"21719",4370,874,3496
"21720",4770,954,3816
"21721",4445,889,3556
"21722",4445,889,3556
"21723",5535,1107,4428
"21724",5490,1098,4392
"21725",4395,879,3516
"21726",5965,1193,4772
"21727",6990,1398,5592
"21728",4715,943,3772
"21729",5015,1003,4012
"21730",4210,842,3368
"21731",3780,756,3024
"21732",3755,751,3004
"21733",5440,1088,4352
"21734",4390,878,3512
"21735",4855,971,3884
"21736",3495,699,2796
"21737",5965,1193,4772
"21738",5150,1030,4120
"21739",3635,727,2908
"21740",3960,792,3168
"21741",4120,824,3296
"21742",5165,1033,4132
"21743",6340,1268,5072
"21744",4585,917,3668
"21745",3540,708,2832
"21746",4915,983,3932
"21747",3530,706,2824
"21748",5715,1143,4572
"21749",4975,995,3980
"21750",4650,930,3720
"21751",5050,1010,4040
"21752",4220,844,3376
"21753",4935,987,3948
"21754",5205,1041,4164
"21755",4415,883,3532
"21756",5660,1132,4528
"21757",5720,1144,4576
"21758",4110,822,3288
"21759",4650,930,3720
"21760",4985,997,3988
"21761",3870,774,3096
"21762",4210,842,3368
"21763",4725,945,3780
"21764",3820,764,3056
"21765",6465,1293,5172
"21766",5745,1149,4596
"21767",4850,970,3880
"21768",3955,791,3164
"21769",4630,926,3704
"21770",3520,704,2816
"21771",3905,781,3124
"21772",4120,824,3296
"21773",4980,996,3984
"21774",3950,790,3160
"21775",4260,852,3408
"21776",3805,761,3044
"21777",3395,679,2716
"21778",6110,1222,4888
"21779",4765,953,3812
"21780",4655,931,3724
"21781",4740,948,3792
"21782",4260,852,3408
"21783",3415,683,2732
"21784",4010,802,3208
"21785",4905,981,3924
"21786",4400,880,3520
"21787",5640,1128,4512
"21788",5965,1193,4772
"21789",4425,885,3540
"21790",4680,936,3744
"21791",7505,1501,6004
"21792",4780,956,3824
"21793",4890,978,3912
"21794",5450,1090,4360
"21795",4900,980,3920
"21796",6115,1223,4892
"21797",6115,1223,4892
"21798",4690,938,3752
"21799",3735,747,2988
"21800",4350,870,3480
"21801",4860,972,3888
"21802",4495,899,3596
"21803",4265,853,3412
"21804",6545,1309,5236
"21805",5120,1024,4096
"21806",5800,1160,4640
"21807",4000,800,3200
"21808",5020,1004,4016
"21809",4865,973,3892
"21810",4420,884,3536
"21811",5355,1071,4284
"21812",5455,1091,4364
"21813",5820,1164,4656
"21814",3705,741,2964
"21815",4375,875,3500
"21816",4265,853,3412
"21817",4770,954,3816
"21818",4275,855,3420
"21819",5090,1018,4072
"21820",3720,744,2976
"21821",4165,833,3332
"21822",4435,887,3548
"21823",3820,764,3056
"21824",6965,1393,5572
"21825",4625,925,3700
"21826",5560,1112,4448
"21827",5320,1064,4256
"21828",4830,966,3864
"21829",6095,1219,4876
"21830",3920,784,3136
"21831",5055,1011,4044
"21832",4330,866,3464
"21833",4360,872,3488
"21834",3910,782,3128
"21835",4805,961,3844
"21836",4065,813,3252
"21837",5550,1110,4440
"21838",4200,840,3360
"21839",5245,1049,4196
"21840",4510,902,3608
"21841",4075,815,3260
"21842",6870,1374,5496
"21843",3460,692,2768
"21844",4265,853,3412
"21845",4820,964,3856
"21846",4345,869,3476
"21847",4305,861,3444
"21848",3680,736,2944
"21849",3740,748,2992
"21850",5720,1144,4576
"21851",5780,1156,4624
"21852",3695,739,2956
"21853",4600,920,3680
"21854",4440,888,3552
"21855",5025,1005,4020
"21856",7915,1583,6332
"21857",6040,1208,4832
"21858",6905,1381,5524
"21859",5105,1021,4084
"21860",4105,821,3284
"21861",5950,1190,4760
"21862",4880,976,3904
"21863",3660,732,2928
"21864",3935,787,3148
"21865",3975,795,3180
"21866",3720,744,2976
"21867",5825,1165,4660
"21868",4435,887,3548
"21869",4750,950,3800
"21870",4260,852,3408
"21871",4620,924,3696
"21872",4965,993,3972
"21873",6190,1238,4952
"21874",5180,1036,4144
"21875",5145,1029,4116
"21876",3955,791,3164
"21877",4175,835,3340
"21878",5570,1114,4456
"21879",4940,988,3952
"21880",4135,827,3308
"21881",4505,901,3604
"21882",5300,1060,4240
"21883",5915,1183,4732
"21884",4785,957,3828
"21885",3760,752,3008
"21886",4775,955,3820
"21887",3960,792,3168
"21888",5090,1018,4072
"21889",4875,975,3900
"21890",4065,813,3252
"21891",4010,802,3208
"21892",5595,1119,4476
"21893",4510,902,3608
"21894",4185,837,3348
"21895",4450,890,3560
"21896",5440,1088,4352
"21897",3325,665,2660
"21898",5870,1174,4696
"21899",5005,1001,4004
"21900",3960,792,3168
"21901",4040,808,3232
"21902",4940,988,3952
"21903",4105,821,3284
"21904",4230,846,3384
"21905",4550,910,3640
"21906",6400,1280,5120
"21907",4495,899,3596
"21908",5070,1014,4056
"21909",4715,943,3772
"21910",4390,878,3512
"21911",4530,906,3624
"21912",4285,857,3428
"21913",4740,948,3792
"21914",4435,887,3548
"21915",3460,692,2768
"21916",5170,1034,4136
"21917",4605,921,3684
"21918",5710,1142,4568
"21919",6020,1204,4816
"21920",3975,795,3180
"21921",5570,1114,4456
"21922",5455,1091,4364
"21923",4250,850,3400
"21924",4215,843,3372
"21925",3565,713,2852
"21926",4340,868,3472
"21927",4575,915,3660
"21928",7650,1530,6120
"21929",4345,869,3476
"21930",5080,1016,4064
"21931",4090,818,3272
"21932",4345,869,3476
"21933",4465,893,3572
"21934",4750,950,3800
"21935",4465,893,3572
"21936",5765,1153,4612
"21937",4155,831,3324
"21938",5545,1109,4436
"21939",4055,811,3244
"21940",4835,967,3868
"21941",4480,896,3584
"21942",4405,881,3524
"21943",5920,1184,4736
"21944",5320,1064,4256
"21945",5385,1077,4308
"21946",3675,735,2940
"21947",4305,861,3444
"21948",5150,1030,4120
"21949",3705,741,2964
"21950",3755,751,3004
"21951",3865,773,3092
"21952",5060,1012,4048
"21953",5045,1009,4036
"21954",4210,842,3368
"21955",5525,1105,4420
"21956",4810,962,3848
"21957",5000,1000,4000
"21958",4550,910,3640
"21959",4335,867,3468
"21960",4185,837,3348
"21961",4270,854,3416
"21962",3920,784,3136
"21963",3290,658,2632
"21964",5075,1015,4060
"21965",5430,1086,4344
"21966",3530,706,2824
"21967",4630,926,3704
"21968",4675,935,3740
"21969",3770,754,3016
"21970",4115,823,3292
"21971",3645,729,2916
"21972",4525,905,3620
"21973",4440,888,3552
"21974",4715,943,3772
"21975",6830,1366,5464
"21976",4480,896,3584
"21977",3790,758,3032
"21978",3735,747,2988
"21979",4300,860,3440
"21980",4145,829,3316
"21981",5740,1148,4592
"21982",3550,710,2840
"21983",4435,887,3548
"21984",5680,1136,4544
"21985",5195,1039,4156
"21986",4370,874,3496
"21987",4110,822,3288
"21988",5665,1133,4532
"21989",4360,872,3488
"21990",4405,881,3524
"21991",3550,710,2840
"21992",5720,1144,4576
"21993",4560,912,3648
"21994",3900,780,3120
"21995",4670,934,3736
"21996",4345,869,3476
"21997",5120,1024,4096
"21998",4445,889,3556
"21999",3835,767,3068
"22000",4825,965,3860
"22001",4680,936,3744
"22002",4855,971,3884
"22003",3640,728,2912
"22004",4070,814,3256
"22005",3820,764,3056
"22006",5405,1081,4324
"22007",5820,1164,4656
"22008",4885,977,3908
"22009",4485,897,3588
"22010",5705,1141,4564
"22011",6135,1227,4908
"22012",3280,656,2624
"22013",3740,748,2992
"22014",3815,763,3052
"22015",4640,928,3712
"22016",4590,918,3672
"22017",5520,1104,4416
"22018",5655,1131,4524
"22019",3540,708,2832
"22020",4100,820,3280
"22021",6705,1341,5364
"22022",4965,993,3972
"22023",5130,1026,4104
"22024",4070,814,3256
"22025",4670,934,3736
"22026",4140,828,3312
"22027",4210,842,3368
"22028",3820,764,3056
"22029",4870,974,3896
"22030",4655,931,3724
"22031",4520,904,3616
"22032",5540,1108,4432
"22033",7420,1484,5936
"22034",4315,863,3452
"22035",5125,1025,4100
"22036",5080,1016,4064
"22037",5380,1076,4304
"22038",5510,1102,4408
"22039",4805,961,3844
"22040",5245,1049,4196
"22041",5085,1017,4068
"22042",3865,773,3092
"22043",5170,1034,4136
"22044",4645,929,3716
"22045",5275,1055,4220
"22046",4880,976,3904
"22047",4735,947,3788
"22048",4990,998,3992
"22049",5820,1164,4656
"22050",4995,999,3996
"22051",3870,774,3096
"22052",7535,1507,6028
"22053",4095,819,3276
"22054",4030,806,3224
"22055",5170,1034,4136
"22056",6300,1260,5040
"22057",4300,860,3440
"22058",5240,1048,4192
"22059",5900,1180,4720
"22060",4240,848,3392
"22061",4810,962,3848
"22062",3600,720,2880
"22063",4695,939,3756
"22064",4215,843,3372
"22065",4255,851,3404
"22066",3860,772,3088
"22067",4805,961,3844
"22068",4100,820,3280
"22069",4940,988,3952
"22070",4740,948,3792
"22071",3160,632,2528
"22072",5305,1061,4244
"22073",3970,794,3176
"22074",4725,945,3780
"22075",3685,737,2948
"22076",4350,870,3480
"22077",6200,1240,4960
"22078",4990,998,3992
"22079",4835,967,3868
"22080",4340,868,3472
"22081",3555,711,2844
"22082",5640,1128,4512
"22083",5415,1083,4332
"22084",5175,1035,4140
"22085",5810,1162,4648
"22086",4585,917,3668
"22087",5630,1126,4504
"22088",4655,931,3724
"22089",5055,1011,4044
"22090",4600,920,3680
"22091",3535,707,2828
"22092",3700,740,2960
"22093",4410,882,3528
"22094",4630,926,3704
"22095",4610,922,3688
"22096",3990,798,3192
"22097",5665,1133,4532
"22098",4120,824,3296
"22099",5000,1000,4000
"22100",5290,1058,4232
"22101",4685,937,3748
"22102",3785,757,3028
"22103",4200,840,3360
"22104",4740,948,3792
"22105",4185,837,3348
"22106",5550,1110,4440
"22107",3705,741,2964
"22108",3655,731,2924
"22109",8575,1715,6860
"22110",3865,773,3092
"22111",4110,822,3288
"22112",4690,938,3752
"22113",4555,911,3644
"22114",5045,1009,4036
"22115",4490,898,3592
"22116",4445,889,3556
"22117",5555,1111,4444
"22118",4895,979,3916
"22119",5420,1084,4336
"22120",5155,1031,4124
"22121",4835,967,3868
"22122",4220,844,3376
"22123",6220,1244,4976
"22124",5330,1066,4264
"22125",4055,811,3244
"22126",4310,862,3448
"22127",4875,975,3900
"22128",4735,947,3788
"22129",3825,765,3060
"22130",4995,999,3996
"22131",6490,1298,5192
"22132",3755,751,3004
"22133",4270,854,3416
"22134",4540,908,3632
"22135",3845,769,3076
"22136",4035,807,3228
"22137",3915,783,3132
"22138",4265,853,3412
"22139",4730,946,3784
"22140",5755,1151,4604
"22141",4610,922,3688
"22142",4295,859,3436
"22143",3535,707,2828
"22144",4200,840,3360
"22145",4620,924,3696
"22146",4365,873,3492
"22147",3530,706,2824
"22148",4475,895,3580
"22149",3700,740,2960
"22150",5015,1003,4012
"22151",4325,865,3460
"22152",4280,856,3424
"22153",3490,698,2792
"22154",5120,1024,4096
"22155",4705,941,3764
"22156",3605,721,2884
"22157",5075,1015,4060
"22158",4555,911,3644
"22159",3795,759,3036
"22160",4405,881,3524
"22161",5460,1092,4368
"22162",4715,943,3772
"22163",4320,864,3456
"22164",3690,738,2952
"22165",5505,1101,4404
"22166",4010,802,3208
"22167",5025,1005,4020
"22168",4330,866,3464
"22169",3960,792,3168
"22170",9030,1806,7224
"22171",5120,1024,4096
"22172",4045,809,3236
"22173",6005,1201,4804
"22174",3980,796,3184
"22175",3395,679,2716
"22176",4435,887,3548
"22177",5280,1056,4224
"22178",5280,1056,4224
"22179",3850,770,3080
"22180",6850,1370,5480
"22181",5135,1027,4108
"22182",3800,760,3040
"22183",4620,924,3696
"22184",3680,736,2944
"22185",4940,988,3952
"22186",5045,1009,4036
"22187",8680,1736,6944
"22188",5315,1063,4252
"22189",3895,779,3116
"22190",4045,809,3236
"22191",4900,980,3920
"22192",4750,950,3800
"22193",4070,814,3256
"22194",3870,774,3096
"22195",4715,943,3772
"22196",4025,805,3220
"22197",5400,1080,4320
"22198",4515,903,3612
"22199",4605,921,3684
"22200",4150,830,3320
"22201",4240,848,3392
"22202",3920,784,3136
"22203",7100,1420,5680
"22204",3995,799,3196
"22205",3180,636,2544
"22206",5925,1185,4740
"22207",6530,1306,5224
"22208",4345,869,3476
"22209",4945,989,3956
"22210",4105,821,3284
"22211",5675,1135,4540
"22212",4295,859,3436
"22213",4170,834,3336
"22214",3830,766,3064
"22215",4445,889,3556
"22216",4675,935,3740
"22217",4520,904,3616
"22218",5405,1081,4324
"22219",5965,1193,4772
"22220",4150,830,3320
"22221",6490,1298,5192
"22222",4335,867,3468
"22223",3330,666,2664
"22224",4755,951,3804
"22225",4575,915,3660
"22226",3950,790,3160
"22227",3730,746,2984
"22228",3705,741,2964
"22229",3950,790,3160
"22230",7565,1513,6052
"22231",4900,980,3920
"22232",5685,1137,4548
"22233",4020,804,3216
"22234",4300,860,3440
"22235",5030,1006,4024
"22236",3940,788,3152
"22237",5675,1135,4540
"22238",6560,1312,5248
"22239",5195,1039,4156
"22240",4615,923,3692
"22241",4040,808,3232
"22242",4815,963,3852
"22243",5480,1096,4384
"22244",3435,687,2748
"22245",4480,896,3584
"22246",3610,722,2888
"22247",4810,962,3848
"22248",3995,799,3196
"22249",4230,846,3384
"22250",5865,1173,4692
"22251",4450,890,3560
"22252",4820,964,3856
"22253",7710,1542,6168
"22254",3955,791,3164
"22255",5120,1024,4096
"22256",3980,796,3184
"22257",4555,911,3644
"22258",5770,1154,4616
"22259",4970,994,3976
"22260",4325,865,3460
"22261",4235,847,3388
"22262",4530,906,3624
"22263",3770,754,3016
"22264",4020,804,3216
"22265",5560,1112,4448
"22266",4880,976,3904
"22267",4470,894,3576
"22268",4795,959,3836
"22269",4615,923,3692
"22270",4380,876,3504
"22271",4915,983,3932
"22272",4210,842,3368
"22273",4560,912,3648
"22274",4505,901,3604
"22275",4320,864,3456
"22276",4235,847,3388
"22277",5450,1090,4360
"22278",4730,946,3784
"22279",4810,962,3848
"22280",4385,877,3508
"22281",4065,813,3252
"22282",4945,989,3956
"22283",4225,845,3380
"22284",4450,890,3560
"22285",5065,1013,4052
"22286",4860,972,3888
"22287",5795,1159,4636
"22288",3910,782,3128
"22289",4050,810,3240
"22290",4400,880,3520
"22291",6065,1213,4852
"22292",5075,1015,4060
"22293",4930,986,3944
"22294",5625,1125,4500
"22295",5775,1155,4620
"22296",4385,877,3508
"22297",4780,956,3824
"22298",4760,952,3808
"22299",4435,887,3548
"22300",5270,1054,4216
"22301",4910,982,3928
"22302",4095,819,3276
"22303",3890,778,3112
"22304",6945,1389,5556
"22305",4225,845,3380
"22306",3865,773,3092
"22307",4595,919,3676
"22308",5610,1122,4488
"22309",3730,746,2984
"22310",4900,980,3920
"22311",3845,769,3076
"22312",4120,824,3296
"22313",5920,1184,4736
"22314",5260,1052,4208
"22315",4960,992,3968
"22316",5065,1013,4052
"22317",4915,983,3932
"22318",4205,841,3364
"22319",4485,897,3588
"22320",5070,1014,4056
"22321",5165,1033,4132
"22322",4895,979,3916
"22323",3775,755,3020
"22324",4560,912,3648
"22325",5980,1196,4784
"22326",5005,1001,4004
"22327",5765,1153,4612
"22328",5805,1161,4644
"22329",4270,854,3416
"22330",5755,1151,4604
"22331",4610,922,3688
"22332",4400,880,3520
"22333",6715,1343,5372
"22334",3510,702,2808
"22335",5145,1029,4116
"22336",3895,779,3116
"22337",4135,827,3308
"22338",4055,811,3244
"22339",4185,837,3348
"22340",4295,859,3436
"22341",5055,1011,4044
"22342",4160,832,3328
"22343",4005,801,3204
"22344",3830,766,3064
"22345",4780,956,3824
"22346",4450,890,3560
"22347",4325,865,3460
"22348",5325,1065,4260
"22349",6495,1299,5196
"22350",5315,1063,4252
"22351",6695,1339,5356
"22352",3740,748,2992
"22353",3680,736,2944
"22354",4945,989,3956
"22355",4205,841,3364
"22356",4545,909,3636
"22357",4395,879,3516
"22358",4190,838,3352
"22359",3390,678,2712
"22360",4645,929,3716
"22361",5440,1088,4352
"22362",4095,819,3276
"22363",3925,785,3140
"22364",3610,722,2888
"22365",5190,1038,4152
"22366",4795,959,3836
"22367",4490,898,3592
"22368",4175,835,3340
"22369",3325,665,2660
"22370",4345,869,3476
"22371",4155,831,3324
"22372",5025,1005,4020
"22373",4810,962,3848
"22374",5535,1107,4428
"22375",5435,1087,4348
"22376",4715,943,3772
"22377",5420,1084,4336
"22378",5175,1035,4140
"22379",5195,1039,4156
"22380",5070,1014,4056
"22381",4550,910,3640
"22382",4505,901,3604
"22383",4805,961,3844
"22384",5760,1152,4608
"22385",4965,993,3972
"22386",4830,966,3864
"22387",5745,1149,4596
"22388",4770,954,3816
"22389",5010,1002,4008
"22390",4000,800,3200
"22391",5430,1086,4344
"22392",4560,912,3648
"22393",4570,914,3656
"22394",3290,658,2632
"22395",5205,1041,4164
"22396",3520,704,2816
"22397",5050,1010,4040
"22398",7060,1412,5648
"22399",3865,773,3092
"22400",4580,916,3664
"22401",3990,798,3192
"22402",4845,969,3876
"22403",4925,985,3940
"22404",5265,1053,4212
"22405",5590,1118,4472
"22406",4330,866,3464
"22407",5025,1005,4020
"22408",3495,699,2796
"22409",5575,1115,4460
"22410",4305,861,3444
"22411",5815,1163,4652
"22412",4370,874,3496
"22413",4605,921,3684
"22414",3790,758,3032
"22415",3695,739,2956
"22416",4695,939,3756
"22417",4745,949,3796
"22418",6175,1235,4940
"22419",3475,695,2780
"22420",5320,1064,4256
"22421",5100,1020,4080
"22422",3595,719,2876
"22423",4040,808,3232
"22424",5330,1066,4264
"22425",4545,909,3636
"22426",4510,902,3608
"22427",7615,1523,6092
"22428",4275,855,3420
"22429",5275,1055,4220
"22430",5030,1006,4024
"22431",5150,1030,4120
"22432",4670,934,3736
"22433",5030,1006,4024
"22434",3465,693,2772
"22435",4565,913,3652
"22436",4610,922,3688
"22437",4065,813,3252
"22438",5355,1071,4284
"22439",6905,1381,5524
"22440",4040,808,3232
"22441",3830,766,3064
"22442",5720,1144,4576
"22443",4750,950,3800
"22444",6135,1227,4908
"22445",3960,792,3168
"22446",4670,934,3736
"22447",7160,1432,5728
"22448",4515,903,3612
"22449",5495,1099,4396
"22450",6145,1229,4916
"22451",4205,841,3364
"22452",4670,934,3736
"22453",4105,821,3284
"22454",5735,1147,4588
"22455",3825,765,3060
"22456",4875,975,3900
"22457",6665,1333,5332
"22458",5150,1030,4120
"22459",5285,1057,4228
"22460",3560,712,2848
"22461",4625,925,3700
"22462",4185,837,3348
"22463",4715,943,3772
"22464",5780,1156,4624
"22465",6100,1220,4880
"22466",5980,1196,4784
"22467",4535,907,3628
"22468",5345,1069,4276
"22469",6150,1230,4920
"22470",4580,916,3664
"22471",5090,1018,4072
"22472",4550,910,3640
"22473",4105,821,3284
"22474",4745,949,3796
"22475",5605,1121,4484
"22476",5315,1063,4252
"22477",6265,1253,5012
"22478",4160,832,3328
"22479",4870,974,3896
"22480",5235,1047,4188
"22481",5730,1146,4584
"22482",3585,717,2868
"22483",3875,775,3100
"22484",4605,921,3684
"22485",3955,791,3164
"22486",6200,1240,4960
"22487",4445,889,3556
"22488",4815,963,3852
"22489",4320,864,3456
"22490",3970,794,3176
"22491",4375,875,3500
"22492",4345,869,3476
"22493",4975,995,3980
"22494",4640,928,3712
"22495",3655,731,2924
"22496",4780,956,3824
"22497",4775,955,3820
"22498",4485,897,3588
"22499",4935,987,3948
"22500",3800,760,3040
"22501",5015,1003,4012
"22502",7105,1421,5684
"22503",3710,742,2968
"22504",3645,729,2916
"22505",4520,904,3616
"22506",4720,944,3776
"22507",5690,1138,4552
"22508",4805,961,3844
"22509",4015,803,3212
"22510",4080,816,3264
"22511",4315,863,3452
"22512",4880,976,3904
"22513",4705,941,3764
"22514",4630,926,3704
"22515",5760,1152,4608
"22516",6340,1268,5072
"22517",5910,1182,4728
"22518",5195,1039,4156
"22519",5695,1139,4556
"22520",4835,967,3868
"22521",4375,875,3500
"22522",5940,1188,4752
"22523",4135,827,3308
"22524",4030,806,3224
"22525",3585,717,2868
"22526",5340,1068,4272
"22527",4690,938,3752
"22528",5560,1112,4448
"22529",5900,1180,4720
"22530",5850,1170,4680
"22531",4915,983,3932
"22532",3915,783,3132
"22533",4025,805,3220
"22534",4575,915,3660
"22535",4330,866,3464
"22536",3605,721,2884
"22537",4890,978,3912
"22538",4205,841,3364
"22539",5400,1080,4320
"22540",4080,816,3264
"22541",4155,831,3324
"22542",5600,1120,4480
"22543",5565,1113,4452
"22544",4775,955,3820
"22545",6320,1264,5056
"22546",3415,683,2732
"22547",5050,1010,4040
"22548",3630,726,2904
"22549",4510,902,3608
"22550",5945,1189,4756
"22551",4590,918,3672
"22552",3760,752,3008
"22553",4875,975,3900
"22554",5740,1148,4592
"22555",4510,902,3608
"22556",3790,758,3032
"22557",4975,995,3980
"22558",5765,1153,4612
"22559",3990,798,3192
"22560",4340,868,3472
"22561",4695,939,3756
"22562",4080,816,3264
"22563",4555,911,3644
"22564",3580,716,2864
"22565",5770,1154,4616
"22566",4420,884,3536
"22567",4760,952,3808
"22568",4340,868,3472
"22569",4275,855,3420
"22570",4280,856,3424
"22571",4120,824,3296
"22572",3960,792,3168
"22573",3730,746,2984
"22574",4510,902,3608
"22575",8785,1757,7028
"22576",4735,947,3788
"22577",4325,865,3460
"22578",7745,1549,6196
"22579",5210,1042,4168
"22580",5550,1110,4440
"22581",7255,1451,5804
"22582",5195,1039,4156
"22583",4315,863,3452
"22584",4595,919,3676
"22585",3805,761,3044
"22586",5200,1040,4160
"22587",6620,1324,5296
"22588",4835,967,3868
"22589",3730,746,2984
"22590",3650,730,2920
"22591",4240,848,3392
"22592",4850,970,3880
"22593",4460,892,3568
"22594",7135,1427,5708
"22595",4905,981,3924
"22596",4400,880,3520
"22597",4805,961,3844
"22598",4535,907,3628
"22599",4535,907,3628
"22600",6020,1204,4816
"22601",4825,965,3860
"22602",4595,919,3676
"22603",4880,976,3904
"22604",7035,1407,5628
"22605",3870,774,3096
"22606",3900,780,3120
"22607",4440,888,3552
"22608",5875,1175,4700
"22609",6735,1347,5388
"22610",4710,942,3768
"22611",4605,921,3684
"22612",3825,765,3060
"22613",5235,1047,4188
"22614",5500,1100,4400
"22615",4045,809,3236
"22616",4000,800,3200
"22617",5560,1112,4448
"22618",3935,787,3148
"22619",4575,915,3660
"22620",5680,1136,4544
"22621",3165,633,2532
"22622",5425,1085,4340
"22623",4510,902,3608
"22624",4220,844,3376
"22625",6225,1245,4980
"22626",5670,1134,4536
"22627",4940,988,3952
"22628",3915,783,3132
"22629",4675,935,3740
"22630",4940,988,3952
"22631",5170,1034,4136
"22632",4410,882,3528
"22633",4630,926,3704
"22634",4995,999,3996
"22635",5815,1163,4652
"22636",4095,819,3276
"22637",4675,935,3740
"22638",3950,790,3160
"22639",5185,1037,4148
"22640",6580,1316,5264
"22641",3795,759,3036
"22642",3695,739,2956
"22643",4005,801,3204
"22644",5550,1110,4440
"22645",10480,2096,8384
"22646",5280,1056,4224
"22647",5815,1163,4652
"22648",4865,973,3892
"22649",4325,865,3460
"22650",4130,826,3304
"22651",4560,912,3648
"22652",5160,1032,4128
"22653",3800,760,3040
"22654",3825,765,3060
"22655",3385,677,2708
"22656",4315,863,3452
"22657",4860,972,3888
"22658",5300,1060,4240
"22659",4050,810,3240
"22660",4045,809,3236
"22661",4515,903,3612
"22662",4735,947,3788
"22663",4875,975,3900
"22664",4235,847,3388
"22665",4255,851,3404
"22666",4125,825,3300
"22667",3935,787,3148
"22668",4235,847,3388
"22669",3635,727,2908
"22670",4555,911,3644
"22671",5770,1154,4616
"22672",4390,878,3512
"22673",4640,928,3712
"22674",6795,1359,5436
"22675",3885,777,3108
"22676",4155,831,3324
"22677",5150,1030,4120
"22678",4630,926,3704
"22679",5345,1069,4276
"22680",3975,795,3180
"22681",6280,1256,5024
"22682",4300,860,3440
"22683",4680,936,3744
"22684",3925,785,3140
"22685",6250,1250,5000
"22686",7525,1505,6020
"22687",3845,769,3076
"22688",4845,969,3876
"22689",6125,1225,4900
"22690",4960,992,3968
"22691",5410,1082,4328
"22692",4335,867,3468
"22693",5715,1143,4572
"22694",5365,1073,4292
"22695",4120,824,3296
"22696",4280,856,3424
"22697",3885,777,3108
"22698",4335,867,3468
"22699",3720,744,2976
"22700",4500,900,3600
"22701",5715,1143,4572
"22702",4130,826,3304
"22703",3605,721,2884
"22704",5475,1095,4380
"22705",5985,1197,4788
"22706",4220,844,3376
"22707",5000,1000,4000
"22708",4030,806,3224
"22709",3910,782,3128
"22710",4770,954,3816
"22711",5515,1103,4412
"22712",3720,744,2976
"22713",4160,832,3328
"22714",4310,862,3448
"22715",4560,912,3648
"22716",4190,838,3352
"22717",4610,922,3688
"22718",6805,1361,5444
"22719",4450,890,3560
"22720",4730,946,3784
"22721",3705,741,2964
"22722",4580,916,3664
"22723",4140,828,3312
"22724",4605,921,3684
"22725",3350,670,2680
"22726",5545,1109,4436
"22727",5020,1004,4016
"22728",4680,936,3744
"22729",4595,919,3676
"22730",5515,1103,4412
"22731",4585,917,3668
"22732",5090,1018,4072
"22733",4140,828,3312
"22734",4600,920,3680
"22735",4220,844,3376
"22736",5430,1086,4344
"22737",5220,1044,4176
"22738",4095,819,3276
"22739",4600,920,3680
"22740",5550,1110,4440
"22741",3940,788,3152
"22742",3840,768,3072
"22743",4950,990,3960
"22744",4210,842,3368
"22745",4330,866,3464
"22746",4740,948,3792
"22747",4210,842,3368
"22748",3760,752,3008
"22749",6050,1210,4840
"22750",4085,817,3268
"22751",3790,758,3032
"22752",4190,838,3352
"22753",3800,760,3040
"22754",4405,881,3524
"22755",6245,1249,4996
"22756",4220,844,3376
"22757",4850,970,3880
"22758",4075,815,3260
"22759",5720,1144,4576
"22760",4315,863,3452
"22761",5155,1031,4124
"22762",4715,943,3772
"22763",5335,1067,4268
"22764",3880,776,3104
"22765",4240,848,3392
"22766",6870,1374,5496
"22767",2995,599,2396
"22768",4410,882,3528
"22769",3640,728,2912
"22770",4475,895,3580
"22771",3710,742,2968
"22772",4980,996,3984
"22773",4650,930,3720
"22774",6600,1320,5280
"22775",4815,963,3852
"22776",4840,968,3872
"22777",3040,608,2432
"22778",4355,871,3484
"22779",5575,1115,4460
"22780",3705,741,2964
"22781",4760,952,3808
"22782",4000,800,3200
"22783",5000,1000,4000
"22784",5630,1126,4504
"22785",4825,965,3860
"22786",5055,1011,4044
"22787",4600,920,3680
"22788",6165,1233,4932
"22789",4435,887,3548
"22790",4450,890,3560
"22791",4305,861,3444
"22792",4695,939,3756
"22793",4450,890,3560
"22794",4820,964,3856
"22795",4970,994,3976
"22796",3795,759,3036
"22797",4015,803,3212
"22798",3870,774,3096
"22799",4100,820,3280
"22800",4015,803,3212
"22801",4785,957,3828
"22802",3885,777,3108
"22803",4160,832,3328
"22804",3695,739,2956
"22805",4730,946,3784
"22806",4495,899,3596
"22807",5840,1168,4672
"22808",6005,1201,4804
"22809",4650,930,3720
"22810",4620,924,3696
"22811",3420,684,2736
"22812",3975,795,3180
"22813",5095,1019,4076
"22814",3945,789,3156
"22815",4360,872,3488
"22816",4230,846,3384
"22817",3885,777,3108
"22818",5200,1040,4160
"22819",5110,1022,4088
"22820",6830,1366,5464
"22821",4485,897,3588
"22822",5945,1189,4756
"22823",5825,1165,4660
"22824",5335,1067,4268
"22825",4265,853,3412
"22826",4060,812,3248
"22827",3395,679,2716
"22828",4720,944,3776
"22829",3530,706,2824
"22830",4975,995,3980
"22831",4590,918,3672
"22832",5215,1043,4172
"22833",3565,713,2852
"22834",7980,1596,6384
"22835",4290,858,3432
"22836",4600,920,3680
"22837",5915,1183,4732
"22838",6055,1211,4844
"22839",3540,708,2832
"22840",4680,936,3744
"22841",3640,728,2912
"22842",6100,1220,4880
"22843",4615,923,3692
"22844",7740,1548,6192
"22845",4170,834,3336
"22846",4040,808,3232
"22847",4090,818,3272
"22848",3855,771,3084
"22849",6095,1219,4876
"22850",4695,939,3756
"22851",6500,1300,5200
"22852",3785,757,3028
"22853",4370,874,3496
"22854",4460,892,3568
"22855",3995,799,3196
"22856",4140,828,3312
"22857",3990,798,3192
"22858",4925,985,3940
"22859",5210,1042,4168
"22860",5665,1133,4532
"22861",4615,923,3692
"22862",4470,894,3576
"22863",4115,823,3292
"22864",3970,794,3176
"22865",3545,709,2836
"22866",4145,829,3316
"22867",4155,831,3324
"22868",3775,755,3020
"22869",5250,1050,4200
"22870",4255,851,3404
"22871",4380,876,3504
"22872",4475,895,3580
"22873",7385,1477,5908
"22874",3475,695,2780
"22875",4460,892,3568
"22876",3575,715,2860
"22877",4435,887,3548
"22878",6030,1206,4824
"22879",5175,1035,4140
"22880",4525,905,3620
"22881",3975,795,3180
"22882",5210,1042,4168
"22883",4800,960,3840
"22884",4105,821,3284
"22885",5670,1134,4536
"22886",5470,1094,4376
"22887",4395,879,3516
"22888",4625,925,3700
"22889",6775,1355,5420
"22890",4170,834,3336
"22891",5050,1010,4040
"22892",3710,742,2968
"22893",4040,808,3232
"22894",5740,1148,4592
"22895",4135,827,3308
"22896",3855,771,3084
"22897",4590,918,3672
"22898",3885,777,3108
"22899",3990,798,3192
"22900",3895,779,3116
"22901",4690,938,3752
"22902",5160,1032,4128
"22903",4245,849,3396
"22904",5120,1024,4096
"22905",5585,1117,4468
"22906",4195,839,3356
"22907",4790,958,3832
"22908",5555,1111,4444
"22909",4180,836,3344
"22910",3385,677,2708
"22911",4815,963,3852
"22912",4040,808,3232
"22913",3705,741,2964
"22914",4035,807,3228
"22915",5470,1094,4376
"22916",4155,831,3324
"22917",4280,856,3424
"22918",4525,905,3620
"22919",4515,903,3612
"22920",3980,796,3184
"22921",4860,972,3888
"22922",3820,764,3056
"22923",4230,846,3384
"22924",3615,723,2892
"22925",3965,793,3172
"22926",5740,1148,4592
"22927",4225,845,3380
"22928",5440,1088,4352
"22929",4350,870,3480
"22930",3925,785,3140
"22931",5455,1091,4364
"22932",4645,929,3716
"22933",4195,839,3356
"22934",4600,920,3680
"22935",6590,1318,5272
"22936",3365,673,2692
"22937",4175,835,3340
"22938",6625,1325,5300
"22939",5205,1041,4164
"22940",3860,772,3088
"22941",4800,960,3840
"22942",5310,1062,4248
"22943",3980,796,3184
"22944",4230,846,3384
"22945",4980,996,3984
"22946",4135,827,3308
"22947",5615,1123,4492
"22948",6055,1211,4844
"22949",4295,859,3436
"22950",4475,895,3580
"22951",4700,940,3760
"22952",4505,901,3604
"22953",4880,976,3904
"22954",6030,1206,4824
"22955",9440,1888,7552
"22956",5150,1030,4120
"22957",4925,985,3940
"22958",4545,909,3636
"22959",5410,1082,4328
"22960",4260,852,3408
"22961",5360,1072,4288
"22962",3675,735,2940
"22963",4945,989,3956
"22964",4770,954,3816
"22965",4685,937,3748
"22966",4970,994,3976
"22967",3050,610,2440
"22968",5005,1001,4004
"22969",6330,1266,5064
"22970",3295,659,2636
"22971",4005,801,3204
"22972",5015,1003,4012
"22973",4510,902,3608
"22974",5290,1058,4232
"22975",4380,876,3504
"22976",3630,726,2904
"22977",3595,719,2876
"22978",4645,929,3716
"22979",4480,896,3584
"22980",4510,902,3608
"22981",5695,1139,4556
"22982",4605,921,3684
"22983",5530,1106,4424
"22984",4560,912,3648
"22985",4955,991,3964
"22986",4615,923,3692
"22987",5990,1198,4792
"22988",6025,1205,4820
"22989",4530,906,3624
"22990",4760,952,3808
"22991",4850,970,3880
"22992",4830,966,3864
"22993",5675,1135,4540
"22994",5825,1165,4660
"22995",5205,1041,4164
"22996",4845,969,3876
"22997",5615,1123,4492
"22998",5095,1019,4076
"22999",4295,859,3436
"23000",3940,788,3152
"23001",3665,733,2932
"23002",4390,878,3512
"23003",4920,984,3936
"23004",5005,1001,4004
"23005",5765,1153,4612
"23006",5770,1154,4616
"23007",6330,1266,5064
"23008",4705,941,3764
"23009",4680,936,3744
"23010",5785,1157,4628
"23011",4355,871,3484
"23012",3510,702,2808
"23013",5730,1146,4584
"23014",5665,1133,4532
"23015",3565,713,2852
"23016",5270,1054,4216
"23017",5590,1118,4472
"23018",4610,922,3688
"23019",7280,1456,5824
"23020",5160,1032,4128
"23021",4750,950,3800
"23022",4135,827,3308
"23023",6530,1306,5224
"23024",4735,947,3788
"23025",4550,910,3640
"23026",4435,887,3548
"23027",3470,694,2776
"23028",4040,808,3232
"23029",3535,707,2828
"23030",5180,1036,4144
"23031",4390,878,3512
"23032",5165,1033,4132
"23033",4290,858,3432
"23034",4815,963,3852
"23035",4650,930,3720
"23036",4820,964,3856
"23037",4425,885,3540
"23038",4515,903,3612
"23039",5430,1086,4344
"23040",3960,792,3168
"23041",4290,858,3432
"23042",5875,1175,4700
"23043",4605,921,3684
"23044",5375,1075,4300
"23045",3935,787,3148
"23046",4090,818,3272
"23047",4185,837,3348
"23048",4450,890,3560
"23049",6720,1344,5376
"23050",5345,1069,4276
"23051",4895,979,3916
"23052",3725,745,2980
"23053",4820,964,3856
"23054",4075,815,3260
"23055",5580,1116,4464
"23056",5525,1105,4420
"23057",4260,852,3408
"23058",5570,1114,4456
"23059",4770,954,3816
"23060",5255,1051,4204
"23061",3670,734,2936
"23062",4820,964,3856
"23063",4680,936,3744
"23064",3475,695,2780
"23065",4960,992,3968
"23066",4385,877,3508
"23067",4145,829,3316
"23068",4250,850,3400
"23069",3600,720,2880
"23070",4305,861,3444
"23071",5670,1134,4536
"23072",4960,992,3968
"23073",5790,1158,4632
"23074",4730,946,3784
"23075",4250,850,3400
"23076",4155,831,3324
"23077",6480,1296,5184
"23078",4735,947,3788
"23079",4250,850,3400
"23080",4430,886,3544
"23081",4905,981,3924
"23082",5810,1162,4648
"23083",4740,948,3792
"23084",5850,1170,4680
"23085",3590,718,2872
"23086",5080,1016,4064
"23087",4175,835,3340
"23088",5575,1115,4460
"23089",3930,786,3144
"23090",4275,855,3420
"23091",4495,899,3596
"23092",3415,683,2732
"23093",4125,825,3300
"23094",5000,1000,4000
"23095",4735,947,3788
"23096",7295,1459,5836
"23097",5075,1015,4060
"23098",4650,930,3720
"23099",3675,735,2940
"23100",4205,841,3364
"23101",4285,857,3428
"23102",5130,1026,4104
"23103",4485,897,3588
"23104",4425,885,3540
"23105",5265,1053,4212
"23106",4660,932,3728
"23107",6060,1212,4848
"23108",3585,717,2868
"23109",5730,1146,4584
"23110",4340,868,3472
"23111",4790,958,3832
"23112",3690,738,2952
"23113",4295,859,3436
"23114",7480,1496,5984
"23115",5020,1004,4016
"23116",4210,842,3368
"23117",4385,877,3508
"23118",6765,1353,5412
"23119",5555,1111,4444
"23120",4855,971,3884
"23121",5885,1177,4708
"23122",4240,848,3392
"23123",5290,1058,4232
"23124",4875,975,3900
"23125",4255,851,3404
"23126",5300,1060,4240
"23127",3915,783,3132
"23128",5185,1037,4148
"23129",4370,874,3496
"23130",6165,1233,4932
"23131",4325,865,3460
"23132",4905,981,3924
"23133",6510,1302,5208
"23134",4125,825,3300
"23135",5815,1163,4652
"23136",4075,815,3260
"23137",5900,1180,4720
"23138",5115,1023,4092
"23139",4245,849,3396
"23140",4340,868,3472
"23141",4695,939,3756
"23142",3915,783,3132
"23143",3805,761,3044
"23144",3915,783,3132
"23145",4725,945,3780
"23146",5155,1031,4124
"23147",4670,934,3736
"23148",3835,767,3068
"23149",4615,923,3692
"23150",6895,1379,5516
"23151",4725,945,3780
"23152",4380,876,3504
"23153",5845,1169,4676
"23154",4780,956,3824
"23155",5180,1036,4144
"23156",4615,923,3692
"23157",4490,898,3592
"23158",5040,1008,4032
"23159",5560,1112,4448
"23160",4525,905,3620
"23161",4405,881,3524
"23162",4120,824,3296
"23163",4720,944,3776
"23164",4665,933,3732
"23165",3990,798,3192
"23166",4775,955,3820
"23167",4085,817,3268
"23168",4590,918,3672
"23169",6840,1368,5472
"23170",4935,987,3948
"23171",4390,878,3512
"23172",4015,803,3212
"23173",3865,773,3092
"23174",4945,989,3956
"23175",3805,761,3044
"23176",4640,928,3712
"23177",5995,1199,4796
"23178",3880,776,3104
"23179",4205,841,3364
"23180",5735,1147,4588
"23181",4130,826,3304
"23182",4450,890,3560
"23183",5420,1084,4336
"23184",4090,818,3272
"23185",5895,1179,4716
"23186",4660,932,3728
"23187",6490,1298,5192
"23188",5755,1151,4604
"23189",3765,753,3012
"23190",4635,927,3708
"23191",4535,907,3628
"23192",4380,876,3504
"23193",5115,1023,4092
"23194",5255,1051,4204
"23195",5260,1052,4208
"23196",5370,1074,4296
"23197",3970,794,3176
"23198",3475,695,2780
"23199",5620,1124,4496
"23200",4870,974,3896
"23201",5200,1040,4160
"23202",4820,964,3856
"23203",4705,941,3764
"23204",4035,807,3228
"23205",4095,819,3276
"23206",4005,801,3204
"23207",4455,891,3564
"23208",4035,807,3228
"23209",5110,1022,4088
"23210",6580,1316,5264
"23211",3870,774,3096
"23212",3580,716,2864
"23213",4035,807,3228
"23214",6270,1254,5016
"23215",8015,1603,6412
"23216",3740,748,2992
"23217",4760,952,3808
"23218",4535,907,3628
"23219",4445,889,3556
"23220",4785,957,3828
"23221",5695,1139,4556
"23222",4890,978,3912
"23223",4180,836,3344
"23224",4610,922,3688
"23225",4620,924,3696
"23226",4990,998,3992
"23227",5220,1044,4176
"23228",5005,1001,4004
"23229",4215,843,3372
"23230",5630,1126,4504
"23231",5010,1002,4008
"23232",4290,858,3432
"23233",5285,1057,4228
"23234",3740,748,2992
"23235",3920,784,3136
"23236",4020,804,3216
"23237",4315,863,3452
"23238",4100,820,3280
"23239",5940,1188,4752
"23240",3520,704,2816
"23241",4125,825,3300
"23242",4755,951,3804
"23243",4050,810,3240
"23244",5235,1047,4188
"23245",5340,1068,4272
"23246",4275,855,3420
"23247",4345,869,3476
"23248",6000,1200,4800
"23249",4795,959,3836
"23250",5795,1159,4636
"23251",5460,1092,4368
"23252",3935,787,3148
"23253",4495,899,3596
"23254",5190,1038,4152
"23255",8405,1681,6724
"23256",5265,1053,4212
"23257",4220,844,3376
"23258",4765,953,3812
"23259",5115,1023,4092
"23260",4930,986,3944
"23261",4595,919,3676
"23262",4215,843,3372
"23263",4545,909,3636
"23264",3650,730,2920
"23265",5075,1015,4060
"23266",5060,1012,4048
"23267",4390,878,3512
"23268",3820,764,3056
"23269",5415,1083,4332
"23270",4735,947,3788
"23271",3325,665,2660
"23272",4965,993,3972
"23273",4110,822,3288
"23274",4710,942,3768
"23275",4220,844,3376
"23276",4210,842,3368
"23277",3865,773,3092
"23278",4290,858,3432
"23279",4245,849,3396
"23280",6870,1374,5496
"23281",3870,774,3096
"23282",4160,832,3328
"23283",4300,860,3440
"23284",4655,931,3724
"23285",3950,790,3160
"23286",4570,914,3656
"23287",6810,1362,5448
"23288",4775,955,3820
"23289",5130,1026,4104
"23290",4520,904,3616
"23291",4170,834,3336
"23292",3970,794,3176
"23293",4915,983,3932
"23294",3995,799,3196
"23295",4445,889,3556
"23296",3905,781,3124
"23297",5475,1095,4380
"23298",4020,804,3216
"23299",4010,802,3208
"23300",7265,1453,5812
"23301",6945,1389,5556
"23302",4735,947,3788
"23303",4810,962,3848
"23304",5280,1056,4224
"23305",5245,1049,4196
"23306",4690,938,3752
"23307",4410,882,3528
"23308",4390,878,3512
"23309",4960,992,3968
"23310",6005,1201,4804
"23311",5010,1002,4008
"23312",3805,761,3044
"23313",4295,859,3436
"23314",4410,882,3528
"23315",4495,899,3596
"23316",4775,955,3820
"23317",4820,964,3856
"23318",4780,956,3824
"23319",6935,1387,5548
"23320",6420,1284,5136
"23321",4895,979,3916
"23322",6115,1223,4892
"23323",3695,739,2956
"23324",5210,1042,4168
"23325",3955,791,3164
"23326",3265,653,2612
"23327",5320,1064,4256
"23328",3415,683,2732
"23329",6335,1267,5068
"23330",3530,706,2824
"23331",4380,876,3504
"23332",4285,857,3428
"23333",5440,1088,4352
"23334",5550,1110,4440
"23335",4865,973,3892
"23336",5540,1108,4432
"23337",4900,980,3920
"23338",5115,1023,4092
"23339",5445,1089,4356
"23340",3905,781,3124
"23341",3750,750,3000
"23342",4500,900,3600
"23343",4395,879,3516
"23344",3800,760,3040
"23345",4200,840,3360
"23346",3830,766,3064
"23347",5120,1024,4096
"23348",4460,892,3568
"23349",4630,926,3704
"23350",3940,788,3152
"23351",5570,1114,4456
"23352",6050,1210,4840
"23353",4740,948,3792
"23354",4625,925,3700
"23355",4150,830,3320
"23356",5140,1028,4112
"23357",4855,971,3884
"23358",3705,741,2964
"23359",4120,824,3296
"23360",5605,1121,4484
"23361",6385,1277,5108
"23362",3795,759,3036
"23363",6810,1362,5448
"23364",5540,1108,4432
"23365",4825,965,3860
"23366",7255,1451,5804
"23367",4665,933,3732
"23368",5110,1022,4088
"23369",4715,943,3772
"23370",4170,834,3336
"23371",4390,878,3512
"23372",3745,749,2996
"23373",4430,886,3544
"23374",4490,898,3592
"23375",4115,823,3292
"23376",5105,1021,4084
"23377",4615,923,3692
"23378",3720,744,2976
"23379",6020,1204,4816
"23380",4615,923,3692
"23381",6880,1376,5504
"23382",3885,777,3108
"23383",4835,967,3868
"23384",4150,830,3320
"23385",4185,837,3348
"23386",5135,1027,4108
"23387",5320,1064,4256
"23388",3825,765,3060
"23389",4435,887,3548
"23390",4360,872,3488
"23391",4075,815,3260
"23392",3685,737,2948
"23393",3415,683,2732
"23394",6030,1206,4824
"23395",9425,1885,7540
"23396",4545,909,3636
"23397",3830,766,3064
"23398",3930,786,3144
"23399",4515,903,3612
"23400",6230,1246,4984
"23401",4295,859,3436
"23402",4585,917,3668
"23403",3955,791,3164
"23404",4570,914,3656
"23405",5790,1158,4632
"23406",5000,1000,4000
"23407",6675,1335,5340
"23408",4350,870,3480
"23409",4000,800,3200
"23410",5095,1019,4076
"23411",4910,982,3928
"23412",3370,674,2696
"23413",3845,769,3076
"23414",4940,988,3952
"23415",4240,848,3392
"23416",4320,864,3456
"23417",4745,949,3796
"23418",5585,1117,4468
"23419",4460,892,3568
"23420",4420,884,3536
"23421",4245,849,3396
"23422",4585,917,3668
"23423",4190,838,3352
"23424",4115,823,3292
"23425",5555,1111,4444
"23426",4255,851,3404
"23427",4385,877,3508
"23428",3905,781,3124
"23429",4970,994,3976
"23430",5395,1079,4316
"23431",3965,793,3172
"23432",3655,731,2924
"23433",3930,786,3144
"23434",3835,767,3068
"23435",4560,912,3648
"23436",5435,1087,4348
"23437",4215,843,3372
"23438",5205,1041,4164
"23439",4645,929,3716
"23440",4300,860,3440
"23441",4030,806,3224
"23442",4935,987,3948
"23443",4700,940,3760
"23444",4780,956,3824
"23445",4800,960,3840
"23446",4815,963,3852
"23447",6760,1352,5408
"23448",3515,703,2812
"23449",4635,927,3708
"23450",4320,864,3456
"23451",3810,762,3048
"23452",6820,1364,5456
"23453",4910,982,3928
"23454",4875,975,3900
"23455",4840,968,3872
"23456",3990,798,3192
"23457",4375,875,3500
"23458",4650,930,3720
"23459",3950,790,3160
"23460",6755,1351,5404
"23461",6265,1253,5012
"23462",4560,912,3648
"23463",5655,1131,4524
"23464",5280,1056,4224
"23465",4235,847,3388
"23466",5870,1174,4696
"23467",4980,996,3984
"23468",4140,828,3312
"23469",4350,870,3480
"23470",4505,901,3604
"23471",3920,784,3136
"23472",4270,854,3416
"23473",4935,987,3948
"23474",4720,944,3776
"23475",4595,919,3676
"23476",6335,1267,5068
"23477",6760,1352,5408
"23478",4585,917,3668
"23479",3650,730,2920
"23480",3600,720,2880
"23481",3795,759,3036
"23482",5260,1052,4208
"23483",3635,727,2908
"23484",3910,782,3128
"23485",4785,957,3828
"23486",4935,987,3948
"23487",5820,1164,4656
"23488",3585,717,2868
"23489",5070,1014,4056
"23490",7320,1464,5856
"23491",5480,1096,4384
"23492",4140,828,3312
"23493",4280,856,3424
"23494",4800,960,3840
"23495",4650,930,3720
"23496",4565,913,3652
"23497",4740,948,3792
"23498",4730,946,3784
"23499",4795,959,3836
"23500",5770,1154,4616
"23501",4710,942,3768
"23502",4405,881,3524
"23503",4225,845,3380
"23504",4365,873,3492
"23505",4755,951,3804
"23506",3755,751,3004
"23507",4375,875,3500
"23508",3950,790,3160
"23509",3960,792,3168
"23510",3520,704,2816
"23511",3710,742,2968
"23512",5205,1041,4164
"23513",4290,858,3432
"23514",4455,891,3564
"23515",4290,858,3432
"23516",4255,851,3404
"23517",6100,1220,4880
"23518",5730,1146,4584
"23519",7035,1407,5628
"23520",4700,940,3760
"23521",4760,952,3808
"23522",4845,969,3876
"23523",3455,691,2764
"23524",4740,948,3792
"23525",4160,832,3328
"23526",5790,1158,4632
"23527",4340,868,3472
"23528",6815,1363,5452
"23529",4540,908,3632
"23530",4515,903,3612
"23531",4955,991,3964
"23532",4715,943,3772
"23533",4550,910,3640
"23534",4655,931,3724
"23535",4675,935,3740
"23536",4795,959,3836
"23537",6320,1264,5056
"23538",4155,831,3324
"23539",5365,1073,4292
"23540",6255,1251,5004
"23541",5035,1007,4028
"23542",4020,804,3216
"23543",3950,790,3160
"23544",3550,710,2840
"23545",5385,1077,4308
"23546",4865,973,3892
"23547",4760,952,3808
"23548",6680,1336,5344
"23549",3930,786,3144
"23550",4760,952,3808
"23551",6775,1355,5420
"23552",5700,1140,4560
"23553",4410,882,3528
"23554",4075,815,3260
"23555",5530,1106,4424
"23556",4625,925,3700
"23557",3710,742,2968
"23558",4640,928,3712
"23559",5340,1068,4272
"23560",4035,807,3228
"23561",3940,788,3152
"23562",3735,747,2988
"23563",3995,799,3196
"23564",4445,889,3556
"23565",4180,836,3344
"23566",4455,891,3564
"23567",3760,752,3008
"23568",4940,988,3952
"23569",4695,939,3756
"23570",5645,1129,4516
"23571",3780,756,3024
"23572",4435,887,3548
"23573",4275,855,3420
"23574",4435,887,3548
"23575",4950,990,3960
"23576",3920,784,3136
"23577",4255,851,3404
"23578",5160,1032,4128
"23579",4495,899,3596
"23580",3885,777,3108
"23581",3755,751,3004
"23582",4890,978,3912
"23583",3905,781,3124
"23584",4860,972,3888
"23585",3510,702,2808
"23586",3900,780,3120
"23587",4010,802,3208
"23588",4485,897,3588
"23589",4365,873,3492
"23590",4455,891,3564
"23591",4030,806,3224
"23592",3990,798,3192
"23593",4935,987,3948
"23594",5410,1082,4328
"23595",4910,982,3928
"23596",6050,1210,4840
"23597",5795,1159,4636
"23598",4995,999,3996
"23599",4405,881,3524
"23600",4805,961,3844
"23601",5875,1175,4700
"23602",3850,770,3080
"23603",4310,862,3448
"23604",5090,1018,4072
"23605",4890,978,3912
"23606",5760,1152,4608
"23607",4475,895,3580
"23608",4505,901,3604
"23609",4610,922,3688
"23610",3740,748,2992
"23611",5815,1163,4652
"23612",4605,921,3684
"23613",3975,795,3180
"23614",3870,774,3096
"23615",5680,1136,4544
"23616",5335,1067,4268
"23617",4665,933,3732
"23618",5030,1006,4024
"23619",4510,902,3608
"23620",5500,1100,4400
"23621",4665,933,3732
"23622",4410,882,3528
"23623",4265,853,3412
"23624",4775,955,3820
"23625",4655,931,3724
"23626",6985,1397,5588
"23627",5170,1034,4136
"23628",5865,1173,4692
"23629",5075,1015,4060
"23630",6155,1231,4924
"23631",3615,723,2892
"23632",5795,1159,4636
"23633",5975,1195,4780
"23634",4375,875,3500
"23635",5120,1024,4096
"23636",6775,1355,5420
"23637",4240,848,3392
"23638",4580,916,3664
"23639",6545,1309,5236
"23640",3350,670,2680
"23641",4690,938,3752
"23642",5400,1080,4320
"23643",3930,786,3144
"23644",3780,756,3024
"23645",4135,827,3308
"23646",4320,864,3456
"23647",4980,996,3984
"23648",5440,1088,4352
"23649",6110,1222,4888
"23650",4065,813,3252
"23651",3920,784,3136
"23652",4530,906,3624
"23653",3985,797,3188
"23654",4100,820,3280
"23655",3980,796,3184
"23656",5025,1005,4020
"23657",5915,1183,4732
"23658",3420,684,2736
"23659",4560,912,3648
"23660",4480,896,3584
"23661",4770,954,3816
"23662",4075,815,3260
"23663",5240,1048,4192
"23664",5540,1108,4432
"23665",5575,1115,4460
"23666",6160,1232,4928
"23667",3705,741,2964
"23668",4835,967,3868
"23669",4805,961,3844
"23670",4920,984,3936
"23671",5020,1004,4016
"23672",4895,979,3916
"23673",5280,1056,4224
"23674",3340,668,2672
"23675",3410,682,2728
"23676",4630,926,3704
"23677",4920,984,3936
"23678",4175,835,3340
"23679",5000,1000,4000
"23680",6500,1300,5200
"23681",3915,783,3132
"23682",4465,893,3572
"23683",5495,1099,4396
"23684",3675,735,2940
"23685",3550,710,2840
"23686",4080,816,3264
"23687",4145,829,3316
"23688",4095,819,3276
"23689",4820,964,3856
"23690",4180,836,3344
"23691",3670,734,2936
"23692",4695,939,3756
"23693",9530,1906,7624
"23694",4595,919,3676
"23695",6150,1230,4920
"23696",5015,1003,4012
"23697",6120,1224,4896
"23698",4290,858,3432
"23699",4460,892,3568
"23700",4240,848,3392
"23701",4205,841,3364
"23702",5960,1192,4768
"23703",4705,941,3764
"23704",4580,916,3664
"23705",6190,1238,4952
"23706",5295,1059,4236
"23707",4365,873,3492
"23708",4100,820,3280
"23709",5080,1016,4064
"23710",4145,829,3316
"23711",4560,912,3648
"23712",4390,878,3512
"23713",4630,926,3704
"23714",6445,1289,5156
"23715",4455,891,3564
"23716",4035,807,3228
"23717",4860,972,3888
"23718",5695,1139,4556
"23719",6195,1239,4956
"23720",4950,990,3960
"23721",4480,896,3584
"23722",4375,875,3500
"23723",4030,806,3224
"23724",5970,1194,4776
"23725",3680,736,2944
"23726",4365,873,3492
"23727",6715,1343,5372
"23728",5800,1160,4640
"23729",4245,849,3396
"23730",4225,845,3380
"23731",4975,995,3980
"23732",4270,854,3416
"23733",3790,758,3032
"23734",4960,992,3968
"23735",4170,834,3336
"23736",4095,819,3276
"23737",4515,903,3612
"23738",4515,903,3612
"23739",4565,913,3652
"23740",4010,802,3208
"23741",4710,942,3768
"23742",3700,740,2960
"23743",5450,1090,4360
"23744",3570,714,2856
"23745",4640,928,3712
"23746",4570,914,3656
"23747",4165,833,3332
"23748",4795,959,3836
"23749",3675,735,2940
"23750",4395,879,3516
"23751",4015,803,3212
"23752",4430,886,3544
"23753",3920,784,3136
"23754",5490,1098,4392
"23755",4840,968,3872
"23756",5045,1009,4036
"23757",4290,858,3432
"23758",4460,892,3568
"23759",4470,894,3576
"23760",3735,747,2988
"23761",4490,898,3592
"23762",4825,965,3860
"23763",3340,668,2672
"23764",6370,1274,5096
"23765",7555,1511,6044
"23766",4860,972,3888
"23767",4440,888,3552
"23768",4455,891,3564
"23769",6075,1215,4860
"23770",3740,748,2992
"23771",4330,866,3464
"23772",4005,801,3204
"23773",5225,1045,4180
"23774",4900,980,3920
"23775",4105,821,3284
"23776",4575,915,3660
"23777",6480,1296,5184
"23778",3975,795,3180
"23779",6340,1268,5072
"23780",4060,812,3248
"23781",4895,979,3916
"23782",5820,1164,4656
"23783",4615,923,3692
"23784",4140,828,3312
"23785",4710,942,3768
"23786",5710,1142,4568
"23787",3470,694,2776
"23788",4395,879,3516
"23789",4540,908,3632
"23790",4815,963,3852
"23791",4615,923,3692
"23792",5005,1001,4004
"23793",6460,1292,5168
"23794",5325,1065,4260
"23795",3900,780,3120
"23796",5720,1144,4576
"23797",4140,828,3312
"23798",5285,1057,4228
"23799",4065,813,3252
"23800",4300,860,3440
"23801",4495,899,3596
"23802",4275,855,3420
"23803",3900,780,3120
"23804",4330,866,3464
"23805",5100,1020,4080
"23806",3885,777,3108
"23807",6325,1265,5060
"23808",4450,890,3560
"23809",3935,787,3148
"23810",5605,1121,4484
"23811",4875,975,3900
"23812",4100,820,3280
"23813",4735,947,3788
"23814",4075,815,3260
"23815",5680,1136,4544
"23816",5100,1020,4080
"23817",6830,1366,5464
"23818",4180,836,3344
"23819",4050,810,3240
"23820",6070,1214,4856
"23821",4780,956,3824
"23822",6470,1294,5176
"23823",3665,733,2932
"23824",4060,812,3248
"23825",4235,847,3388
"23826",4725,945,3780
"23827",4130,826,3304
"23828",5495,1099,4396
"23829",5675,1135,4540
"23830",3795,759,3036
"23831",4645,929,3716
"23832",7145,1429,5716
"23833",4780,956,3824
"23834",4340,868,3472
"23835",5120,1024,4096
"23836",6335,1267,5068
"23837",3915,783,3132
"23838",4055,811,3244
"23839",4790,958,3832
"23840",3885,777,3108
"23841",3705,741,2964
"23842",4360,872,3488
"23843",3700,740,2960
"23844",5490,1098,4392
"23845",4055,811,3244
"23846",4960,992,3968
"23847",5150,1030,4120
"23848",4950,990,3960
"23849",4460,892,3568
"23850",4960,992,3968
"23851",6055,1211,4844
"23852",5250,1050,4200
"23853",5265,1053,4212
"23854",4700,940,3760
"23855",4260,852,3408
"23856",3685,737,2948
"23857",5385,1077,4308
"23858",4480,896,3584
"23859",4135,827,3308
"23860",5340,1068,4272
"23861",4025,805,3220
"23862",5465,1093,4372
"23863",3720,744,2976
"23864",4800,960,3840
"23865",5815,1163,4652
"23866",4535,907,3628
"23867",3860,772,3088
"23868",4525,905,3620
"23869",4450,890,3560
"23870",3875,775,3100
"23871",3640,728,2912
"23872",4090,818,3272
"23873",4765,953,3812
"23874",3940,788,3152
"23875",6090,1218,4872
"23876",3665,733,2932
"23877",4100,820,3280
"23878",4740,948,3792
"23879",4980,996,3984
"23880",3955,791,3164
"23881",4525,905,3620
"23882",6360,1272,5088
"23883",4120,824,3296
"23884",4595,919,3676
"23885",4415,883,3532
"23886",3615,723,2892
"23887",6035,1207,4828
"23888",4435,887,3548
"23889",4955,991,3964
"23890",5385,1077,4308
"23891",4695,939,3756
"23892",5330,1066,4264
"23893",4410,882,3528
"23894",6320,1264,5056
"23895",5255,1051,4204
"23896",5070,1014,4056
"23897",3860,772,3088
"23898",7325,1465,5860
"23899",4105,821,3284
"23900",4440,888,3552
"23901",5125,1025,4100
"23902",4930,986,3944
"23903",4590,918,3672
"23904",4050,810,3240
"23905",3935,787,3148
"23906",4145,829,3316
"23907",4225,845,3380
"23908",4610,922,3688
"23909",4975,995,3980
"23910",5470,1094,4376
"23911",4660,932,3728
"23912",5315,1063,4252
"23913",5685,1137,4548
"23914",4565,913,3652
"23915",7185,1437,5748
"23916",4755,951,3804
"23917",4625,925,3700
"23918",4875,975,3900
"23919",4070,814,3256
"23920",3760,752,3008
"23921",3705,741,2964
"23922",5970,1194,4776
"23923",5595,1119,4476
"23924",5080,1016,4064
"23925",3505,701,2804
"23926",5445,1089,4356
"23927",4185,837,3348
"23928",4160,832,3328
"23929",5460,1092,4368
"23930",4900,980,3920
"23931",4535,907,3628
"23932",4185,837,3348
"23933",4990,998,3992
"23934",5615,1123,4492
"23935",4310,862,3448
"23936",4590,918,3672
"23937",4865,973,3892
"23938",4890,978,3912
"23939",3830,766,3064
"23940",4595,919,3676
"23941",3835,767,3068
"23942",3985,797,3188
"23943",5185,1037,4148
"23944",4880,976,3904
"23945",4450,890,3560
"23946",5225,1045,4180
"23947",4515,903,3612
"23948",7380,1476,5904
"23949",6095,1219,4876
"23950",5205,1041,4164
"23951",4875,975,3900
"23952",4650,930,3720
"23953",4155,831,3324
"23954",3455,691,2764
"23955",4640,928,3712
"23956",4385,877,3508
"23957",5095,1019,4076
"23958",4475,895,3580
"23959",3790,758,3032
"23960",5935,1187,4748
"23961",4170,834,3336
"23962",5855,1171,4684
"23963",4105,821,3284
"23964",5090,1018,4072
"23965",4580,916,3664
"23966",3900,780,3120
"23967",5755,1151,4604
"23968",3770,754,3016
"23969",3675,735,2940
"23970",5825,1165,4660
"23971",4245,849,3396
"23972",10100,2020,8080
"23973",3975,795,3180
"23974",4990,998,3992
"23975",4820,964,3856
"23976",5330,1066,4264
"23977",4900,980,3920
"23978",4655,931,3724
"23979",5350,1070,4280
"23980",4200,840,3360
"23981",3035,607,2428
"23982",4560,912,3648
"23983",5010,1002,4008
"23984",4350,870,3480
"23985",5360,1072,4288
"23986",3605,721,2884
"23987",3695,739,2956
"23988",8340,1668,6672
"23989",4235,847,3388
"23990",4915,983,3932
"23991",5360,1072,4288
"23992",5305,1061,4244
"23993",4665,933,3732
"23994",6470,1294,5176
"23995",3650,730,2920
"23996",3900,780,3120
"23997",4395,879,3516
"23998",5125,1025,4100
"23999",6645,1329,5316
"24000",3795,759,3036
"24001",4110,822,3288
"24002",5245,1049,4196
"24003",5055,1011,4044
"24004",3830,766,3064
"24005",4075,815,3260
"24006",4620,924,3696
"24007",3915,783,3132
"24008",3900,780,3120
"24009",5415,1083,4332
"24010",4250,850,3400
"24011",5180,1036,4144
"24012",4615,923,3692
"24013",7770,1554,6216
"24014",4190,838,3352
"24015",7230,1446,5784
"24016",4485,897,3588
"24017",4515,903,3612
"24018",5280,1056,4224
"24019",4435,887,3548
"24020",3675,735,2940
"24021",4355,871,3484
"24022",3780,756,3024
"24023",4930,986,3944
"24024",4790,958,3832
"24025",5430,1086,4344
"24026",5250,1050,4200
"24027",4955,991,3964
"24028",4145,829,3316
"24029",4455,891,3564
"24030",4325,865,3460
"24031",4255,851,3404
"24032",4780,956,3824
"24033",5655,1131,4524
"24034",5035,1007,4028
"24035",5845,1169,4676
"24036",4160,832,3328
"24037",4465,893,3572
"24038",4915,983,3932
"24039",5170,1034,4136
"24040",4945,989,3956
"24041",4215,843,3372
"24042",4920,984,3936
"24043",4735,947,3788
"24044",3880,776,3104
"24045",4870,974,3896
"24046",3380,676,2704
"24047",5295,1059,4236
"24048",4760,952,3808
"24049",4670,934,3736
"24050",4300,860,3440
"24051",4320,864,3456
"24052",5345,1069,4276
"24053",5715,1143,4572
"24054",5075,1015,4060
"24055",4575,915,3660
"24056",4755,951,3804
"24057",6195,1239,4956
"24058",4140,828,3312
"24059",6175,1235,4940
"24060",6425,1285,5140
"24061",3310,662,2648
"24062",5010,1002,4008
"24063",4360,872,3488
"24064",5175,1035,4140
"24065",5155,1031,4124
"24066",4255,851,3404
"24067",4820,964,3856
"24068",4745,949,3796
"24069",3720,744,2976
"24070",4375,875,3500
"24071",3980,796,3184
"24072",4400,880,3520
"24073",4365,873,3492
"24074",5155,1031,4124
"24075",4055,811,3244
"24076",4120,824,3296
"24077",4575,915,3660
"24078",5245,1049,4196
"24079",3955,791,3164
"24080",4020,804,3216
"24081",3760,752,3008
"24082",3625,725,2900
"24083",5175,1035,4140
"24084",5100,1020,4080
"24085",5215,1043,4172
"24086",3840,768,3072
"24087",5215,1043,4172
"24088",4755,951,3804
"24089",5595,1119,4476
"24090",3935,787,3148
"24091",4095,819,3276
"24092",3465,693,2772
"24093",4750,950,3800
"24094",4640,928,3712
"24095",5300,1060,4240
"24096",4445,889,3556
"24097",8115,1623,6492
"24098",4680,936,3744
"24099",4210,842,3368
"24100",6820,1364,5456
"24101",3645,729,2916
"24102",3760,752,3008
"24103",5195,1039,4156
"24104",9210,1842,7368
"24105",3985,797,3188
"24106",4370,874,3496
"24107",5180,1036,4144
"24108",4365,873,3492
"24109",4960,992,3968
"24110",4625,925,3700
"24111",4345,869,3476
"24112",4830,966,3864
"24113",5045,1009,4036
"24114",4555,911,3644
"24115",5470,1094,4376
"24116",4700,940,3760
"24117",4760,952,3808
"24118",4035,807,3228
"24119",4255,851,3404
"24120",4215,843,3372
"24121",4390,878,3512
"24122",5430,1086,4344
"24123",5720,1144,4576
"24124",4685,937,3748
"24125",5680,1136,4544
"24126",4760,952,3808
"24127",5170,1034,4136
"24128",4450,890,3560
"24129",4595,919,3676
"24130",4635,927,3708
"24131",4845,969,3876
"24132",4620,924,3696
"24133",7415,1483,5932
"24134",4105,821,3284
"24135",5275,1055,4220
"24136",4475,895,3580
"24137",4015,803,3212
"24138",3670,734,2936
"24139",3885,777,3108
"24140",3295,659,2636
"24141",5225,1045,4180
"24142",4385,877,3508
"24143",4900,980,3920
"24144",4900,980,3920
"24145",3680,736,2944
"24146",4625,925,3700
"24147",5155,1031,4124
"24148",4760,952,3808
"24149",5825,1165,4660
"24150",3600,720,2880
"24151",5125,1025,4100
"24152",6705,1341,5364
"24153",5440,1088,4352
"24154",5140,1028,4112
"24155",4120,824,3296
"24156",4620,924,3696
"24157",5010,1002,4008
"24158",4475,895,3580
"24159",4265,853,3412
"24160",5500,1100,4400
"24161",5190,1038,4152
"24162",4430,886,3544
"24163",5065,1013,4052
"24164",4030,806,3224
"24165",5770,1154,4616
"24166",4900,980,3920
"24167",3460,692,2768
"24168",4460,892,3568
"24169",4640,928,3712
"24170",5850,1170,4680
"24171",4330,866,3464
"24172",4855,971,3884
"24173",4020,804,3216
"24174",4330,866,3464
"24175",4100,820,3280
"24176",3550,710,2840
"24177",3510,702,2808
"24178",3755,751,3004
"24179",4425,885,3540
"24180",4475,895,3580
"24181",5880,1176,4704
"24182",4325,865,3460
"24183",3700,740,2960
"24184",6095,1219,4876
"24185",4980,996,3984
"24186",4065,813,3252
"24187",4215,843,3372
"24188",4210,842,3368
"24189",4335,867,3468
"24190",5690,1138,4552
"24191",4865,973,3892
"24192",4930,986,3944
"24193",4175,835,3340
"24194",4015,803,3212
"24195",4565,913,3652
"24196",4295,859,3436
"24197",4965,993,3972
"24198",4395,879,3516
"24199",5675,1135,4540
"24200",4935,987,3948
"24201",3815,763,3052
"24202",4005,801,3204
"24203",4200,840,3360
"24204",4795,959,3836
"24205",4635,927,3708
"24206",4215,843,3372
"24207",4590,918,3672
"24208",3640,728,2912
"24209",3915,783,3132
"24210",7075,1415,5660
"24211",4105,821,3284
"24212",5415,1083,4332
"24213",5155,1031,4124
"24214",5225,1045,4180
"24215",6365,1273,5092
"24216",4990,998,3992
"24217",4325,865,3460
"24218",3795,759,3036
"24219",5890,1178,4712
"24220",5770,1154,4616
"24221",7040,1408,5632
"24222",2960,592,2368
"24223",4620,924,3696
"24224",3465,693,2772
"24225",5050,1010,4040
"24226",5190,1038,4152
"24227",6005,1201,4804
"24228",3900,780,3120
"24229",4160,832,3328
"24230",4195,839,3356
"24231",4905,981,3924
"24232",5090,1018,4072
"24233",6265,1253,5012
"24234",3985,797,3188
"24235",3660,732,2928
"24236",4000,800,3200
"24237",4805,961,3844
"24238",4415,883,3532
"24239",7155,1431,5724
"24240",4455,891,3564
"24241",5115,1023,4092
"24242",4245,849,3396
"24243",5885,1177,4708
"24244",4650,930,3720
"24245",5045,1009,4036
"24246",4105,821,3284
"24247",3405,681,2724
"24248",3855,771,3084
"24249",4000,800,3200
"24250",3955,791,3164
"24251",4935,987,3948
"24252",5505,1101,4404
"24253",4290,858,3432
"24254",4370,874,3496
"24255",4715,943,3772
"24256",5545,1109,4436
"24257",4560,912,3648
"24258",3890,778,3112
"24259",3800,760,3040
"24260",3845,769,3076
"24261",5330,1066,4264
"24262",5845,1169,4676
"24263",4135,827,3308
"24264",4175,835,3340
"24265",5225,1045,4180
"24266",4955,991,3964
"24267",4020,804,3216
"24268",5035,1007,4028
"24269",5110,1022,4088
"24270",4425,885,3540
"24271",4190,838,3352
"24272",3880,776,3104
"24273",3880,776,3104
"24274",3910,782,3128
"24275",5475,1095,4380
"24276",4245,849,3396
"24277",4400,880,3520
"24278",4580,916,3664
"24279",4715,943,3772
"24280",4890,978,3912
"24281",4685,937,3748
"24282",5180,1036,4144
"24283",4605,921,3684
"24284",7695,1539,6156
"24285",5500,1100,4400
"24286",5075,1015,4060
"24287",4855,971,3884
"24288",4950,990,3960
"24289",4165,833,3332
"24290",7815,1563,6252
"24291",4115,823,3292
"24292",3895,779,3116
"24293",4990,998,3992
"24294",7780,1556,6224
"24295",5420,1084,4336
"24296",4700,940,3760
"24297",4560,912,3648
"24298",3800,760,3040
"24299",4265,853,3412
"24300",3670,734,2936
"24301",3835,767,3068
"24302",4590,918,3672
"24303",3950,790,3160
"24304",4095,819,3276
"24305",4890,978,3912
"24306",4105,821,3284
"24307",4285,857,3428
"24308",4670,934,3736
"24309",3535,707,2828
"24310",5990,1198,4792
"24311",5040,1008,4032
"24312",4655,931,3724
"24313",4295,859,3436
"24314",6425,1285,5140
"24315",4595,919,3676
"24316",4125,825,3300
"24317",4155,831,3324
"24318",5115,1023,4092
"24319",6055,1211,4844
"24320",4260,852,3408
"24321",4560,912,3648
"24322",4710,942,3768
"24323",3730,746,2984
"24324",3415,683,2732
"24325",4415,883,3532
"24326",4240,848,3392
"24327",3850,770,3080
"24328",5720,1144,4576
"24329",4080,816,3264
"24330",5450,1090,4360
"24331",3930,786,3144
"24332",5085,1017,4068
"24333",4735,947,3788
"24334",5225,1045,4180
"24335",5430,1086,4344
"24336",4630,926,3704
"24337",4360,872,3488
"24338",3935,787,3148
"24339",9790,1958,7832
"24340",4870,974,3896
"24341",5100,1020,4080
"24342",8190,1638,6552
"24343",4255,851,3404
"24344",4275,855,3420
"24345",5060,1012,4048
"24346",3945,789,3156
"24347",4850,970,3880
"24348",3900,780,3120
"24349",6420,1284,5136
"24350",4985,997,3988
"24351",3965,793,3172
"24352",4925,985,3940
"24353",5235,1047,4188
"24354",5305,1061,4244
"24355",5000,1000,4000
"24356",5015,1003,4012
"24357",4350,870,3480
"24358",4110,822,3288
"24359",6150,1230,4920
"24360",3910,782,3128
"24361",6985,1397,5588
"24362",6020,1204,4816
"24363",5650,1130,4520
"24364",4375,875,3500
"24365",5740,1148,4592
"24366",3455,691,2764
"24367",4590,918,3672
"24368",6335,1267,5068
"24369",4855,971,3884
"24370",3990,798,3192
"24371",4895,979,3916
"24372",4810,962,3848
"24373",5280,1056,4224
"24374",4185,837,3348
"24375",4125,825,3300
"24376",4755,951,3804
"24377",4885,977,3908
"24378",4070,814,3256
"24379",4640,928,3712
"24380",3505,701,2804
"24381",3765,753,3012
"24382",4620,924,3696
"24383",5440,1088,4352
"24384",4425,885,3540
"24385",4465,893,3572
"24386",4005,801,3204
"24387",6175,1235,4940
"24388",4995,999,3996
"24389",3970,794,3176
"24390",5015,1003,4012
"24391",4200,840,3360
"24392",4830,966,3864
"24393",4860,972,3888
"24394",4710,942,3768
"24395",4915,983,3932
"24396",4825,965,3860
"24397",4380,876,3504
"24398",3320,664,2656
"24399",3815,763,3052
"24400",4490,898,3592
"24401",6120,1224,4896
"24402",6760,1352,5408
"24403",4860,972,3888
"24404",4915,983,3932
"24405",5120,1024,4096
"24406",4425,885,3540
"24407",4790,958,3832
"24408",4400,880,3520
"24409",7430,1486,5944
"24410",4235,847,3388
"24411",4135,827,3308
"24412",5345,1069,4276
"24413",3785,757,3028
"24414",3390,678,2712
"24415",4360,872,3488
"24416",3550,710,2840
"24417",3960,792,3168
"24418",5135,1027,4108
"24419",4905,981,3924
"24420",3900,780,3120
"24421",4045,809,3236
"24422",4785,957,3828
"24423",4105,821,3284
"24424",3685,737,2948
"24425",4690,938,3752
"24426",4705,941,3764
"24427",3830,766,3064
"24428",4430,886,3544
"24429",4885,977,3908
"24430",3865,773,3092
"24431",4435,887,3548
"24432",4860,972,3888
"24433",4210,842,3368
"24434",5630,1126,4504
"24435",4720,944,3776
"24436",5475,1095,4380
"24437",4195,839,3356
"24438",4750,950,3800
"24439",5930,1186,4744
"24440",3635,727,2908
"24441",4790,958,3832
"24442",4545,909,3636
"24443",4635,927,3708
"24444",6040,1208,4832
"24445",5795,1159,4636
"24446",5175,1035,4140
"24447",4325,865,3460
"24448",6060,1212,4848
"24449",4100,820,3280
"24450",3780,756,3024
"24451",4265,853,3412
"24452",4880,976,3904
"24453",4160,832,3328
"24454",6055,1211,4844
"24455",5845,1169,4676
"24456",4560,912,3648
"24457",3475,695,2780
"24458",5335,1067,4268
"24459",5875,1175,4700
"24460",6515,1303,5212
"24461",6040,1208,4832
"24462",4870,974,3896
"24463",4530,906,3624
"24464",5385,1077,4308
"24465",3840,768,3072
"24466",4615,923,3692
"24467",4465,893,3572
"24468",5560,1112,4448
"24469",4735,947,3788
"24470",4265,853,3412
"24471",4370,874,3496
"24472",5550,1110,4440
"24473",4320,864,3456
"24474",3955,791,3164
"24475",3815,763,3052
"24476",5785,1157,4628
"24477",4610,922,3688
"24478",3775,755,3020
"24479",4470,894,3576
"24480",7100,1420,5680
"24481",3700,740,2960
"24482",4570,914,3656
"24483",4380,876,3504
"24484",3945,789,3156
"24485",4360,872,3488
"24486",3705,741,2964
"24487",3475,695,2780
"24488",4560,912,3648
"24489",4505,901,3604
"24490",4045,809,3236
"24491",4745,949,3796
"24492",3760,752,3008
"24493",4035,807,3228
"24494",4030,806,3224
"24495",4290,858,3432
"24496",5005,1001,4004
"24497",3870,774,3096
"24498",7330,1466,5864
"24499",4610,922,3688
"24500",5720,1144,4576
"24501",5390,1078,4312
"24502",4465,893,3572
"24503",4070,814,3256
"24504",4510,902,3608
"24505",4390,878,3512
"24506",4945,989,3956
"24507",3835,767,3068
"24508",4835,967,3868
"24509",3755,751,3004
"24510",4945,989,3956
"24511",3880,776,3104
"24512",3730,746,2984
"24513",4020,804,3216
"24514",5010,1002,4008
"24515",4420,884,3536
"24516",5740,1148,4592
"24517",4155,831,3324
"24518",6185,1237,4948
"24519",5315,1063,4252
"24520",4160,832,3328
"24521",4460,892,3568
"24522",4210,842,3368
"24523",5395,1079,4316
"24524",4600,920,3680
"24525",6930,1386,5544
"24526",4245,849,3396
"24527",4375,875,3500
"24528",5670,1134,4536
"24529",4880,976,3904
"24530",6415,1283,5132
"24531",4755,951,3804
"24532",4995,999,3996
"24533",5300,1060,4240
"24534",4385,877,3508
"24535",4675,935,3740
"24536",5640,1128,4512
"24537",4360,872,3488
"24538",5725,1145,4580
"24539",3760,752,3008
"24540",4645,929,3716
"24541",5155,1031,4124
"24542",4880,976,3904
"24543",3850,770,3080
"24544",3905,781,3124
"24545",4180,836,3344
"24546",6010,1202,4808
"24547",4280,856,3424
"24548",4395,879,3516
"24549",3560,712,2848
"24550",4390,878,3512
"24551",5370,1074,4296
"24552",3410,682,2728
"24553",4450,890,3560
"24554",5030,1006,4024
"24555",4765,953,3812
"24556",4385,877,3508
"24557",4710,942,3768
"24558",4755,951,3804
"24559",4870,974,3896
"24560",6600,1320,5280
"24561",3975,795,3180
"24562",4485,897,3588
"24563",5780,1156,4624
"24564",4940,988,3952
"24565",4180,836,3344
"24566",5110,1022,4088
"24567",4260,852,3408
"24568",3970,794,3176
"24569",4310,862,3448
"24570",5135,1027,4108
"24571",3900,780,3120
"24572",3655,731,2924
"24573",5660,1132,4528
"24574",4820,964,3856
"24575",5280,1056,4224
"24576",5105,1021,4084
"24577",5460,1092,4368
"24578",5340,1068,4272
"24579",5470,1094,4376
"24580",5165,1033,4132
"24581",4990,998,3992
"24582",5065,1013,4052
"24583",6660,1332,5328
"24584",4125,825,3300
"24585",3785,757,3028
"24586",4310,862,3448
"24587",5945,1189,4756
"24588",4340,868,3472
"24589",4405,881,3524
"24590",8295,1659,6636
"24591",4715,943,3772
"24592",3625,725,2900
"24593",4845,969,3876
"24594",4955,991,3964
"24595",3800,760,3040
"24596",3905,781,3124
"24597",3960,792,3168
"24598",3965,793,3172
"24599",3880,776,3104
"24600",4680,936,3744
"24601",5450,1090,4360
"24602",4645,929,3716
"24603",4440,888,3552
"24604",4570,914,3656
"24605",4545,909,3636
"24606",6675,1335,5340
"24607",4495,899,3596
"24608",5335,1067,4268
"24609",3890,778,3112
"24610",3990,798,3192
"24611",4755,951,3804
"24612",4380,876,3504
"24613",3795,759,3036
"24614",3845,769,3076
"24615",4365,873,3492
"24616",3755,751,3004
"24617",4950,990,3960
"24618",4785,957,3828
"24619",3810,762,3048
"24620",4240,848,3392
"24621",5885,1177,4708
"24622",4570,914,3656
"24623",4590,918,3672
"24624",5245,1049,4196
"24625",6025,1205,4820
"24626",4375,875,3500
"24627",5060,1012,4048
"24628",5875,1175,4700
"24629",5060,1012,4048
"24630",4810,962,3848
"24631",4580,916,3664
"24632",5055,1011,4044
"24633",5040,1008,4032
"24634",4315,863,3452
"24635",5220,1044,4176
"24636",3965,793,3172
"24637",4335,867,3468
"24638",3975,795,3180
"24639",4650,930,3720
"24640",4365,873,3492
"24641",4090,818,3272
"24642",3730,746,2984
"24643",7700,1540,6160
"24644",4270,854,3416
"24645",5055,1011,4044
"24646",3745,749,2996
"24647",4485,897,3588
"24648",6045,1209,4836
"24649",5550,1110,4440
"24650",5185,1037,4148
"24651",4485,897,3588
"24652",5725,1145,4580
"24653",5250,1050,4200
"24654",5215,1043,4172
"24655",5620,1124,4496
"24656",3880,776,3104
"24657",5330,1066,4264
"24658",4385,877,3508
"24659",4960,992,3968
"24660",4360,872,3488
"24661",3820,764,3056
"24662",4715,943,3772
"24663",3960,792,3168
"24664",5365,1073,4292
"24665",5100,1020,4080
"24666",5600,1120,4480
"24667",4275,855,3420
"24668",5200,1040,4160
"24669",4000,800,3200
"24670",4565,913,3652
"24671",5560,1112,4448
"24672",4825,965,3860
"24673",3685,737,2948
"24674",4560,912,3648
"24675",4300,860,3440
"24676",4150,830,3320
"24677",5160,1032,4128
"24678",3430,686,2744
"24679",3810,762,3048
"24680",4135,827,3308
"24681",4330,866,3464
"24682",4035,807,3228
"24683",3880,776,3104
"24684",6220,1244,4976
"24685",4405,881,3524
"24686",5120,1024,4096
"24687",5470,1094,4376
"24688",4470,894,3576
"24689",5815,1163,4652
"24690",3765,753,3012
"24691",4350,870,3480
"24692",3765,753,3012
"24693",4085,817,3268
"24694",3930,786,3144
"24695",3510,702,2808
"24696",4935,987,3948
"24697",4365,873,3492
"24698",4920,984,3936
"24699",5600,1120,4480
"24700",3605,721,2884
"24701",4900,980,3920
"24702",4485,897,3588
"24703",4470,894,3576
"24704",5830,1166,4664
"24705",4205,841,3364
"24706",4245,849,3396
"24707",5355,1071,4284
"24708",4335,867,3468
"24709",4370,874,3496
"24710",4340,868,3472
"24711",4475,895,3580
"24712",6580,1316,5264
"24713",4025,805,3220
"24714",5085,1017,4068
"24715",5685,1137,4548
"24716",4405,881,3524
"24717",5575,1115,4460
"24718",3765,753,3012
"24719",4660,932,3728
"24720",6250,1250,5000
"24721",4995,999,3996
"24722",5665,1133,4532
"24723",4895,979,3916
"24724",4865,973,3892
"24725",5245,1049,4196
"24726",5805,1161,4644
"24727",4805,961,3844
"24728",4410,882,3528
"24729",5250,1050,4200
"24730",4290,858,3432
"24731",5815,1163,4652
"24732",4195,839,3356
"24733",4525,905,3620
"24734",5785,1157,4628
"24735",4210,842,3368
"24736",4315,863,3452
"24737",3890,778,3112
"24738",4890,978,3912
"24739",4105,821,3284
"24740",4140,828,3312
"24741",3910,782,3128
"24742",5015,1003,4012
"24743",4095,819,3276
"24744",5570,1114,4456
"24745",4865,973,3892
"24746",5970,1194,4776
"24747",4490,898,3592
"24748",4915,983,3932
"24749",4165,833,3332
"24750",3710,742,2968
"24751",3585,717,2868
"24752",4675,935,3740
"24753",4235,847,3388
"24754",4640,928,3712
"24755",4185,837,3348
"24756",4475,895,3580
"24757",4365,873,3492
"24758",4350,870,3480
"24759",3935,787,3148
"24760",4405,881,3524
"24761",3720,744,2976
"24762",4415,883,3532
"24763",4285,857,3428
"24764",3640,728,2912
"24765",4195,839,3356
"24766",4155,831,3324
"24767",4470,894,3576
"24768",5370,1074,4296
"24769",4180,836,3344
"24770",5385,1077,4308
"24771",4265,853,3412
"24772",5845,1169,4676
"24773",4055,811,3244
"24774",4315,863,3452
"24775",4400,880,3520
"24776",5015,1003,4012
"24777",3665,733,2932
"24778",3950,790,3160
"24779",5260,1052,4208
"24780",4585,917,3668
"24781",3950,790,3160
"24782",4420,884,3536
"24783",4060,812,3248
"24784",4170,834,3336
"24785",5900,1180,4720
"24786",3880,776,3104
"24787",4635,927,3708
"24788",4745,949,3796
"24789",4865,973,3892
"24790",4790,958,3832
"24791",3805,761,3044
"24792",3780,756,3024
"24793",4365,873,3492
"24794",5055,1011,4044
"24795",4930,986,3944
"24796",4140,828,3312
"24797",4290,858,3432
"24798",6060,1212,4848
"24799",4565,913,3652
"24800",4730,946,3784
"24801",4075,815,3260
"24802",4180,836,3344
"24803",5410,1082,4328
"24804",4375,875,3500
"24805",5790,1158,4632
"24806",3890,778,3112
"24807",4610,922,3688
"24808",5470,1094,4376
"24809",4565,913,3652
"24810",5100,1020,4080
"24811",4820,964,3856
"24812",3740,748,2992
"24813",5325,1065,4260
"24814",4215,843,3372
"24815",3850,770,3080
"24816",5085,1017,4068
"24817",4120,824,3296
"24818",4185,837,3348
"24819",4340,868,3472
"24820",4695,939,3756
"24821",5425,1085,4340
"24822",4945,989,3956
"24823",3890,778,3112
"24824",4055,811,3244
"24825",4220,844,3376
"24826",4220,844,3376
"24827",7320,1464,5856
"24828",4135,827,3308
"24829",4810,962,3848
"24830",5310,1062,4248
"24831",4680,936,3744
"24832",4835,967,3868
"24833",3605,721,2884
"24834",4555,911,3644
"24835",3500,700,2800
"24836",7470,1494,5976
"24837",4880,976,3904
"24838",5325,1065,4260
"24839",4575,915,3660
"24840",5050,1010,4040
"24841",4950,990,3960
"24842",4425,885,3540
"24843",5300,1060,4240
"24844",5545,1109,4436
"24845",3940,788,3152
"24846",4910,982,3928
"24847",5075,1015,4060
"24848",5450,1090,4360
"24849",4470,894,3576
"24850",4470,894,3576
"24851",7115,1423,5692
"24852",3610,722,2888
"24853",3820,764,3056
"24854",6445,1289,5156
"24855",3575,715,2860
"24856",5290,1058,4232
"24857",4230,846,3384
"24858",4320,864,3456
"24859",5295,1059,4236
"24860",5100,1020,4080
"24861",4630,926,3704
"24862",6190,1238,4952
"24863",5350,1070,4280
"24864",3640,728,2912
"24865",4375,875,3500
"24866",4565,913,3652
"24867",5440,1088,4352
"24868",4850,970,3880
"24869",4270,854,3416
"24870",5820,1164,4656
"24871",4705,941,3764
"24872",4855,971,3884
"24873",3545,709,2836
"24874",6690,1338,5352
"24875",4870,974,3896
"24876",5960,1192,4768
"24877",3885,777,3108
"24878",4555,911,3644
"24879",5315,1063,4252
"24880",4020,804,3216
"24881",5100,1020,4080
"24882",6025,1205,4820
"24883",3910,782,3128
"24884",3925,785,3140
"24885",5815,1163,4652
"24886",3655,731,2924
"24887",5145,1029,4116
"24888",5165,1033,4132
"24889",5030,1006,4024
"24890",4500,900,3600
"24891",5600,1120,4480
"24892",4575,915,3660
"24893",4345,869,3476
"24894",4945,989,3956
"24895",5850,1170,4680
"24896",3955,791,3164
"24897",4275,855,3420
"24898",4255,851,3404
"24899",3850,770,3080
"24900",3915,783,3132
"24901",4475,895,3580
"24902",5275,1055,4220
"24903",4705,941,3764
"24904",4585,917,3668
"24905",5735,1147,4588
"24906",5615,1123,4492
"24907",4510,902,3608
"24908",4300,860,3440
"24909",4590,918,3672
"24910",4645,929,3716
"24911",3905,781,3124
"24912",5020,1004,4016
"24913",4980,996,3984
"24914",4215,843,3372
"24915",4055,811,3244
"24916",4140,828,3312
"24917",3990,798,3192
"24918",4925,985,3940
"24919",3445,689,2756
"24920",3885,777,3108
"24921",4165,833,3332
"24922",4260,852,3408
"24923",4860,972,3888
"24924",6105,1221,4884
"24925",5295,1059,4236
"24926",3925,785,3140
"24927",4135,827,3308
"24928",5840,1168,4672
"24929",3740,748,2992
"24930",4700,940,3760
"24931",4745,949,3796
"24932",5335,1067,4268
"24933",4245,849,3396
"24934",4460,892,3568
"24935",4205,841,3364
"24936",4920,984,3936
"24937",5170,1034,4136
"24938",4975,995,3980
"24939",4925,985,3940
"24940",4465,893,3572
"24941",4455,891,3564
"24942",3915,783,3132
"24943",5040,1008,4032
"24944",5580,1116,4464
"24945",6825,1365,5460
"24946",4560,912,3648
"24947",3795,759,3036
"24948",4250,850,3400
"24949",4740,948,3792
"24950",4130,826,3304
"24951",4020,804,3216
"24952",4350,870,3480
"24953",4700,940,3760
"24954",4010,802,3208
"24955",4650,930,3720
"24956",4035,807,3228
"24957",4650,930,3720
"24958",5160,1032,4128
"24959",5335,1067,4268
"24960",4205,841,3364
"24961",4485,897,3588
"24962",4265,853,3412
"24963",7865,1573,6292
"24964",5275,1055,4220
"24965",7080,1416,5664
"24966",4320,864,3456
"24967",7560,1512,6048
"24968",5460,1092,4368
"24969",4005,801,3204
"24970",5440,1088,4352
"24971",4245,849,3396
"24972",4225,845,3380
"24973",4660,932,3728
"24974",4010,802,3208
"24975",3625,725,2900
"24976",4435,887,3548
"24977",4455,891,3564
"24978",4605,921,3684
"24979",4565,913,3652
"24980",3510,702,2808
"24981",4200,840,3360
"24982",5085,1017,4068
"24983",4925,985,3940
"24984",5330,1066,4264
"24985",5110,1022,4088
"24986",5940,1188,4752
"24987",4370,874,3496
"24988",3625,725,2900
"24989",3550,710,2840
"24990",4375,875,3500
"24991",5380,1076,4304
"24992",4945,989,3956
"24993",5715,1143,4572
"24994",4130,826,3304
"24995",5240,1048,4192
"24996",5770,1154,4616
"24997",4015,803,3212
"24998",5050,1010,4040
"24999",3680,736,2944
"25000",5740,1148,4592
"25001",4170,834,3336
"25002",5015,1003,4012
"25003",4145,829,3316
"25004",4535,907,3628
"25005",3765,753,3012
"25006",4515,903,3612
"25007",4480,896,3584
"25008",5215,1043,4172
"25009",4545,909,3636
"25010",3715,743,2972
"25011",4225,845,3380
"25012",6610,1322,5288
"25013",3990,798,3192
"25014",4155,831,3324
"25015",5020,1004,4016
"25016",6255,1251,5004
"25017",6215,1243,4972
"25018",5380,1076,4304
"25019",4905,981,3924
"25020",4600,920,3680
"25021",4165,833,3332
"25022",6365,1273,5092
"25023",5045,1009,4036
"25024",4580,916,3664
"25025",4930,986,3944
"25026",4285,857,3428
"25027",4465,893,3572
"25028",4705,941,3764
"25029",3780,756,3024
"25030",4620,924,3696
"25031",3400,680,2720
"25032",4355,871,3484
"25033",5440,1088,4352
"25034",4035,807,3228
"25035",4820,964,3856
"25036",5905,1181,4724
"25037",4600,920,3680
"25038",4040,808,3232
"25039",6675,1335,5340
"25040",4550,910,3640
"25041",3820,764,3056
"25042",4680,936,3744
"25043",3540,708,2832
"25044",5395,1079,4316
"25045",4935,987,3948
"25046",6095,1219,4876
"25047",4090,818,3272
"25048",3820,764,3056
"25049",4765,953,3812
"25050",5660,1132,4528
"25051",5590,1118,4472
"25052",4190,838,3352
"25053",3525,705,2820
"25054",3995,799,3196
"25055",7090,1418,5672
"25056",5745,1149,4596
"25057",4955,991,3964
"25058",3935,787,3148
"25059",5365,1073,4292
"25060",4465,893,3572
"25061",5275,1055,4220
"25062",3675,735,2940
"25063",3990,798,3192
"25064",3965,793,3172
"25065",4025,805,3220
"25066",4615,923,3692
"25067",4335,867,3468
"25068",5295,1059,4236
"25069",3955,791,3164
"25070",4790,958,3832
"25071",4675,935,3740
"25072",4530,906,3624
"25073",4885,977,3908
"25074",4970,994,3976
"25075",6155,1231,4924
"25076",4710,942,3768
"25077",6320,1264,5056
"25078",5130,1026,4104
"25079",4220,844,3376
"25080",5370,1074,4296
"25081",4530,906,3624
"25082",4435,887,3548
"25083",3815,763,3052
"25084",4425,885,3540
"25085",3900,780,3120
"25086",5785,1157,4628
"25087",4135,827,3308
"25088",4440,888,3552
"25089",3740,748,2992
"25090",4675,935,3740
"25091",4170,834,3336
"25092",6020,1204,4816
"25093",4510,902,3608
"25094",4225,845,3380
"25095",6440,1288,5152
"25096",4350,870,3480
"25097",5250,1050,4200
"25098",3925,785,3140
"25099",4000,800,3200
"25100",4610,922,3688
"25101",4240,848,3392
"25102",4610,922,3688
"25103",4515,903,3612
"25104",5130,1026,4104
"25105",4870,974,3896
"25106",4235,847,3388
"25107",4295,859,3436
"25108",4350,870,3480
"25109",5095,1019,4076
"25110",4420,884,3536
"25111",4990,998,3992
"25112",4725,945,3780
"25113",4230,846,3384
"25114",6405,1281,5124
"25115",3960,792,3168
"25116",4785,957,3828
"25117",3820,764,3056
"25118",6925,1385,5540
"25119",4975,995,3980
"25120",5145,1029,4116
"25121",4690,938,3752
"25122",3735,747,2988
"25123",4980,996,3984
"25124",4405,881,3524
"25125",4540,908,3632
"25126",5960,1192,4768
"25127",4990,998,3992
"25128",5625,1125,4500
"25129",5620,1124,4496
"25130",4945,989,3956
"25131",4790,958,3832
"25132",4255,851,3404
"25133",4490,898,3592
"25134",6555,1311,5244
"25135",5135,1027,4108
"25136",3935,787,3148
"25137",5200,1040,4160
"25138",4060,812,3248
"25139",4455,891,3564
"25140",3765,753,3012
"25141",5610,1122,4488
"25142",4180,836,3344
"25143",4040,808,3232
"25144",4840,968,3872
"25145",4070,814,3256
"25146",4615,923,3692
"25147",5170,1034,4136
"25148",5140,1028,4112
"25149",5180,1036,4144
"25150",5190,1038,4152
"25151",4370,874,3496
"25152",4670,934,3736
"25153",5640,1128,4512
"25154",4400,880,3520
"25155",4690,938,3752
"25156",3330,666,2664
"25157",5445,1089,4356
"25158",4535,907,3628
"25159",4360,872,3488
"25160",4760,952,3808
"25161",4260,852,3408
"25162",4570,914,3656
"25163",7095,1419,5676
"25164",4660,932,3728
"25165",4570,914,3656
"25166",4340,868,3472
"25167",4360,872,3488
"25168",3725,745,2980
"25169",3415,683,2732
"25170",3825,765,3060
"25171",5890,1178,4712
"25172",5460,1092,4368
"25173",5160,1032,4128
"25174",3770,754,3016
"25175",4480,896,3584
"25176",4185,837,3348
"25177",4220,844,3376
"25178",5055,1011,4044
"25179",4225,845,3380
"25180",4160,832,3328
"25181",7505,1501,6004
"25182",4080,816,3264
"25183",5920,1184,4736
"25184",6210,1242,4968
"25185",3150,630,2520
"25186",4135,827,3308
"25187",4265,853,3412
"25188",4150,830,3320
"25189",4695,939,3756
"25190",4010,802,3208
"25191",7450,1490,5960
"25192",4520,904,3616
"25193",5130,1026,4104
"25194",4385,877,3508
"25195",4765,953,3812
"25196",5345,1069,4276
"25197",3715,743,2972
"25198",4700,940,3760
"25199",4405,881,3524
"25200",3885,777,3108
"25201",4560,912,3648
"25202",5040,1008,4032
"25203",4425,885,3540
"25204",5040,1008,4032
"25205",3860,772,3088
"25206",4830,966,3864
"25207",4955,991,3964
"25208",4365,873,3492
"25209",4500,900,3600
"25210",5475,1095,4380
"25211",5025,1005,4020
"25212",4630,926,3704
"25213",4715,943,3772
"25214",3980,796,3184
"25215",4655,931,3724
"25216",4000,800,3200
"25217",4850,970,3880
"25218",3920,784,3136
"25219",5895,1179,4716
"25220",4630,926,3704
"25221",4510,902,3608
"25222",4885,977,3908
"25223",5165,1033,4132
"25224",3750,750,3000
"25225",6195,1239,4956
"25226",4060,812,3248
"25227",7110,1422,5688
"25228",3360,672,2688
"25229",6970,1394,5576
"25230",5240,1048,4192
"25231",4390,878,3512
"25232",4620,924,3696
"25233",4365,873,3492
"25234",4420,884,3536
"25235",4120,824,3296
"25236",5170,1034,4136
"25237",4460,892,3568
"25238",5385,1077,4308
"25239",4220,844,3376
"25240",5135,1027,4108
"25241",3735,747,2988
"25242",5525,1105,4420
"25243",4245,849,3396
"25244",5690,1138,4552
"25245",5785,1157,4628
"25246",3670,734,2936
"25247",4385,877,3508
"25248",4345,869,3476
"25249",4950,990,3960
"25250",4570,914,3656
"25251",4675,935,3740
"25252",5355,1071,4284
"25253",5130,1026,4104
"25254",4695,939,3756
"25255",4345,869,3476
"25256",4685,937,3748
"25257",4000,800,3200
"25258",4450,890,3560
"25259",3480,696,2784
"25260",4185,837,3348
"25261",4025,805,3220
"25262",3835,767,3068
"25263",3620,724,2896
"25264",5790,1158,4632
"25265",5585,1117,4468
"25266",3415,683,2732
"25267",4630,926,3704
"25268",4510,902,3608
"25269",4090,818,3272
"25270",4790,958,3832
"25271",4410,882,3528
"25272",5050,1010,4040
"25273",6320,1264,5056
"25274",4160,832,3328
"25275",3795,759,3036
"25276",4925,985,3940
"25277",4190,838,3352
"25278",5755,1151,4604
"25279",4735,947,3788
"25280",4825,965,3860
"25281",4070,814,3256
"25282",4930,986,3944
"25283",5295,1059,4236
"25284",5110,1022,4088
"25285",4575,915,3660
"25286",4025,805,3220
"25287",4025,805,3220
"25288",5030,1006,4024
"25289",6845,1369,5476
"25290",5375,1075,4300
"25291",3650,730,2920
"25292",4265,853,3412
"25293",4340,868,3472
"25294",3695,739,2956
"25295",4940,988,3952
"25296",5555,1111,4444
"25297",5080,1016,4064
"25298",4425,885,3540
"25299",6635,1327,5308
"25300",5370,1074,4296
"25301",3085,617,2468
"25302",4920,984,3936
"25303",3355,671,2684
"25304",4580,916,3664
"25305",4815,963,3852
"25306",4580,916,3664
"25307",4355,871,3484
"25308",4845,969,3876
"25309",5180,1036,4144
"25310",5450,1090,4360
"25311",4100,820,3280
"25312",5995,1199,4796
"25313",3935,787,3148
"25314",5210,1042,4168
"25315",4240,848,3392
"25316",5325,1065,4260
"25317",4175,835,3340
"25318",4190,838,3352
"25319",5460,1092,4368
"25320",4215,843,3372
"25321",4970,994,3976
"25322",5445,1089,4356
"25323",5295,1059,4236
"25324",5400,1080,4320
"25325",5750,1150,4600
"25326",5500,1100,4400
"25327",4995,999,3996
"25328",5820,1164,4656
"25329",4630,926,3704
"25330",4540,908,3632
"25331",5120,1024,4096
"25332",5285,1057,4228
"25333",4190,838,3352
"25334",5020,1004,4016
"25335",3975,795,3180
"25336",5115,1023,4092
"25337",4420,884,3536
"25338",4170,834,3336
"25339",3825,765,3060
"25340",4000,800,3200
"25341",5080,1016,4064
"25342",4950,990,3960
"25343",5405,1081,4324
"25344",5845,1169,4676
"25345",4515,903,3612
"25346",4370,874,3496
"25347",4195,839,3356
"25348",4625,925,3700
"25349",4610,922,3688
"25350",4500,900,3600
"25351",7220,1444,5776
"25352",5650,1130,4520
"25353",4215,843,3372
"25354",3845,769,3076
"25355",3420,684,2736
"25356",3475,695,2780
"25357",4175,835,3340
"25358",4320,864,3456
"25359",4380,876,3504
"25360",4180,836,3344
"25361",4290,858,3432
"25362",5475,1095,4380
"25363",3765,753,3012
"25364",3940,788,3152
"25365",5000,1000,4000
"25366",5280,1056,4224
"25367",4610,922,3688
"25368",6050,1210,4840
"25369",4350,870,3480
"25370",3450,690,2760
"25371",6735,1347,5388
"25372",5475,1095,4380
"25373",4805,961,3844
"25374",4290,858,3432
"25375",6040,1208,4832
"25376",4230,846,3384
"25377",4335,867,3468
"25378",3865,773,3092
"25379",4035,807,3228
"25380",3225,645,2580
"25381",5420,1084,4336
"25382",5675,1135,4540
"25383",4345,869,3476
"25384",3915,783,3132
"25385",3925,785,3140
"25386",4555,911,3644
"25387",5525,1105,4420
"25388",5205,1041,4164
"25389",3835,767,3068
"25390",5515,1103,4412
"25391",3925,785,3140
"25392",4270,854,3416
"25393",4580,916,3664
"25394",4445,889,3556
"25395",5430,1086,4344
"25396",4370,874,3496
"25397",3975,795,3180
"25398",4375,875,3500
"25399",3785,757,3028
"25400",4770,954,3816
"25401",4370,874,3496
"25402",7450,1490,5960
"25403",4685,937,3748
"25404",5075,1015,4060
"25405",3940,788,3152
"25406",4075,815,3260
"25407",5110,1022,4088
"25408",4290,858,3432
"25409",6900,1380,5520
"25410",5710,1142,4568
"25411",4005,801,3204
"25412",4815,963,3852
"25413",6490,1298,5192
"25414",4965,993,3972
"25415",4390,878,3512
"25416",4535,907,3628
"25417",4390,878,3512
"25418",4935,987,3948
"25419",3895,779,3116
"25420",4030,806,3224
"25421",4460,892,3568
"25422",3330,666,2664
"25423",4115,823,3292
"25424",4540,908,3632
"25425",5445,1089,4356
"25426",8065,1613,6452
"25427",4785,957,3828
"25428",4240,848,3392
"25429",3795,759,3036
"25430",4220,844,3376
"25431",4900,980,3920
"25432",3930,786,3144
"25433",4375,875,3500
"25434",3835,767,3068
"25435",5750,1150,4600
"25436",4285,857,3428
"25437",4315,863,3452
"25438",4955,991,3964
"25439",4555,911,3644
"25440",5155,1031,4124
"25441",4845,969,3876
"25442",4600,920,3680
"25443",4595,919,3676
"25444",5865,1173,4692
"25445",4700,940,3760
"25446",5665,1133,4532
"25447",6095,1219,4876
"25448",4280,856,3424
"25449",4895,979,3916
"25450",6180,1236,4944
"25451",4025,805,3220
"25452",3795,759,3036
"25453",5305,1061,4244
"25454",4080,816,3264
"25455",4330,866,3464
"25456",3760,752,3008
"25457",7945,1589,6356
"25458",9210,1842,7368
"25459",4945,989,3956
"25460",5130,1026,4104
"25461",5345,1069,4276
"25462",4285,857,3428
"25463",3590,718,2872
"25464",4155,831,3324
"25465",4210,842,3368
"25466",7305,1461,5844
"25467",4160,832,3328
"25468",4420,884,3536
"25469",4295,859,3436
"25470",4355,871,3484
"25471",5185,1037,4148
"25472",4545,909,3636
"25473",4575,915,3660
"25474",4205,841,3364
"25475",7030,1406,5624
"25476",4695,939,3756
"25477",5770,1154,4616
"25478",6400,1280,5120
"25479",4815,963,3852
"25480",6620,1324,5296
"25481",4145,829,3316
"25482",5250,1050,4200
"25483",5450,1090,4360
"25484",4900,980,3920
"25485",4530,906,3624
"25486",4070,814,3256
"25487",4495,899,3596
"25488",5340,1068,4272
"25489",4695,939,3756
"25490",4765,953,3812
"25491",5155,1031,4124
"25492",4600,920,3680
"25493",5205,1041,4164
"25494",4640,928,3712
"25495",5845,1169,4676
"25496",4085,817,3268
"25497",3580,716,2864
"25498",7050,1410,5640
"25499",4430,886,3544
"25500",4345,869,3476
"25501",6060,1212,4848
"25502",6000,1200,4800
"25503",5030,1006,4024
"25504",6060,1212,4848
"25505",4060,812,3248
"25506",4465,893,3572
"25507",4750,950,3800
"25508",5150,1030,4120
"25509",4280,856,3424
"25510",3855,771,3084
"25511",5215,1043,4172
"25512",5305,1061,4244
"25513",5900,1180,4720
"25514",4295,859,3436
"25515",4120,824,3296
"25516",4835,967,3868
"25517",5070,1014,4056
"25518",4155,831,3324
"25519",4345,869,3476
"25520",4685,937,3748
"25521",4610,922,3688
"25522",4345,869,3476
"25523",4530,906,3624
"25524",4105,821,3284
"25525",5030,1006,4024
"25526",4385,877,3508
"25527",4495,899,3596
"25528",6985,1397,5588
"25529",4085,817,3268
"25530",4535,907,3628
"25531",4050,810,3240
"25532",5765,1153,4612
"25533",5025,1005,4020
"25534",4655,931,3724
"25535",5655,1131,4524
"25536",5030,1006,4024
"25537",5985,1197,4788
"25538",6960,1392,5568
"25539",4810,962,3848
"25540",5375,1075,4300
"25541",4725,945,3780
"25542",3825,765,3060
"25543",5020,1004,4016
"25544",3315,663,2652
"25545",4780,956,3824
"25546",4980,996,3984
"25547",6955,1391,5564
"25548",4070,814,3256
"25549",5395,1079,4316
"25550",3455,691,2764
"25551",4425,885,3540
"25552",4470,894,3576
"25553",4135,827,3308
"25554",5275,1055,4220
"25555",4860,972,3888
"25556",6010,1202,4808
"25557",4455,891,3564
"25558",4125,825,3300
"25559",9820,1964,7856
"25560",4515,903,3612
"25561",3845,769,3076
"25562",6020,1204,4816
"25563",4450,890,3560
"25564",5180,1036,4144
"25565",5345,1069,4276
"25566",5840,1168,4672
"25567",3470,694,2776
"25568",4625,925,3700
"25569",3985,797,3188
"25570",5635,1127,4508
"25571",4445,889,3556
"25572",3955,791,3164
"25573",4980,996,3984
"25574",5155,1031,4124
"25575",3315,663,2652
"25576",3890,778,3112
"25577",3665,733,2932
"25578",5085,1017,4068
"25579",4775,955,3820
"25580",5095,1019,4076
"25581",4250,850,3400
"25582",3665,733,2932
"25583",4550,910,3640
"25584",3640,728,2912
"25585",4535,907,3628
"25586",3760,752,3008
"25587",3870,774,3096
"25588",5095,1019,4076
"25589",4670,934,3736
"25590",4085,817,3268
"25591",4435,887,3548
"25592",4215,843,3372
"25593",4020,804,3216
"25594",4860,972,3888
"25595",4860,972,3888
"25596",5230,1046,4184
"25597",3970,794,3176
"25598",4610,922,3688
"25599",4190,838,3352
"25600",4475,895,3580
"25601",4245,849,3396
"25602",4200,840,3360
"25603",5500,1100,4400
"25604",4900,980,3920
"25605",5350,1070,4280
"25606",5790,1158,4632
"25607",4925,985,3940
"25608",5550,1110,4440
"25609",5755,1151,4604
"25610",4645,929,3716
"25611",5735,1147,4588
"25612",4315,863,3452
"25613",5895,1179,4716
"25614",4365,873,3492
"25615",4230,846,3384
"25616",4530,906,3624
"25617",4645,929,3716
"25618",4675,935,3740
"25619",4330,866,3464
"25620",4195,839,3356
"25621",5400,1080,4320
"25622",4450,890,3560
"25623",4930,986,3944
"25624",4080,816,3264
"25625",5090,1018,4072
"25626",3610,722,2888
"25627",4105,821,3284
"25628",3855,771,3084
"25629",5090,1018,4072
"25630",3765,753,3012
"25631",4125,825,3300
"25632",5205,1041,4164
"25633",3980,796,3184
"25634",5200,1040,4160
"25635",4670,934,3736
"25636",3670,734,2936
"25637",4560,912,3648
"25638",4755,951,3804
"25639",4665,933,3732
"25640",3795,759,3036
"25641",5210,1042,4168
"25642",3405,681,2724
"25643",4580,916,3664
"25644",4765,953,3812
"25645",3575,715,2860
"25646",4030,806,3224
"25647",4040,808,3232
"25648",3900,780,3120
"25649",4235,847,3388
"25650",4315,863,3452
"25651",4460,892,3568
"25652",4460,892,3568
"25653",4700,940,3760
"25654",4435,887,3548
"25655",5945,1189,4756
"25656",3740,748,2992
"25657",4425,885,3540
"25658",5155,1031,4124
"25659",5370,1074,4296
"25660",3900,780,3120
"25661",4100,820,3280
"25662",3515,703,2812
"25663",6300,1260,5040
"25664",4280,856,3424
"25665",4465,893,3572
"25666",3920,784,3136
"25667",4365,873,3492
"25668",4610,922,3688
"25669",4400,880,3520
"25670",4805,961,3844
"25671",3825,765,3060
"25672",5090,1018,4072
"25673",4490,898,3592
"25674",4660,932,3728
"25675",4395,879,3516
"25676",4205,841,3364
"25677",5170,1034,4136
"25678",5645,1129,4516
"25679",3680,736,2944
"25680",5235,1047,4188
"25681",4475,895,3580
"25682",4975,995,3980
"25683",7915,1583,6332
"25684",5025,1005,4020
"25685",5010,1002,4008
"25686",6180,1236,4944
"25687",4615,923,3692
"25688",4145,829,3316
"25689",3775,755,3020
"25690",4190,838,3352
"25691",4575,915,3660
"25692",4060,812,3248
"25693",3350,670,2680
"25694",5530,1106,4424
"25695",5480,1096,4384
"25696",4520,904,3616
"25697",5075,1015,4060
"25698",4930,986,3944
"25699",4960,992,3968
"25700",4150,830,3320
"25701",4440,888,3552
"25702",6815,1363,5452
"25703",4635,927,3708
"25704",4580,916,3664
"25705",3795,759,3036
"25706",3520,704,2816
"25707",5625,1125,4500
"25708",4095,819,3276
"25709",4495,899,3596
"25710",4195,839,3356
"25711",5270,1054,4216
"25712",3800,760,3040
"25713",4390,878,3512
"25714",4480,896,3584
"25715",5265,1053,4212
"25716",5225,1045,4180
"25717",4110,822,3288
"25718",5010,1002,4008
"25719",4830,966,3864
"25720",4270,854,3416
"25721",4420,884,3536
"25722",4420,884,3536
"25723",5735,1147,4588
"25724",4770,954,3816
"25725",4220,844,3376
"25726",6450,1290,5160
"25727",3675,735,2940
"25728",4250,850,3400
"25729",5060,1012,4048
"25730",4685,937,3748
"25731",4340,868,3472
"25732",3945,789,3156
"25733",5270,1054,4216
"25734",3905,781,3124
"25735",4505,901,3604
"25736",4735,947,3788
"25737",4845,969,3876
"25738",4615,923,3692
"25739",5730,1146,4584
"25740",4390,878,3512
"25741",4405,881,3524
"25742",3485,697,2788
"25743",4385,877,3508
"25744",5035,1007,4028
"25745",4025,805,3220
"25746",4885,977,3908
"25747",4990,998,3992
"25748",3565,713,2852
"25749",4105,821,3284
"25750",4290,858,3432
"25751",4595,919,3676
"25752",4730,946,3784
"25753",5625,1125,4500
"25754",3855,771,3084
"25755",3885,777,3108
"25756",4105,821,3284
"25757",4380,876,3504
"25758",4335,867,3468
"25759",4565,913,3652
"25760",5205,1041,4164
"25761",5230,1046,4184
"25762",5745,1149,4596
"25763",5375,1075,4300
"25764",3640,728,2912
"25765",4070,814,3256
"25766",10805,2161,8644
"25767",4260,852,3408
"25768",5795,1159,4636
"25769",4675,935,3740
"25770",4565,913,3652
"25771",4520,904,3616
"25772",3640,728,2912
"25773",5415,1083,4332
"25774",6185,1237,4948
"25775",4705,941,3764
"25776",3945,789,3156
"25777",4265,853,3412
"25778",5865,1173,4692
"25779",4420,884,3536
"25780",4765,953,3812
"25781",4330,866,3464
"25782",4785,957,3828
"25783",4440,888,3552
"25784",4345,869,3476
"25785",3925,785,3140
"25786",6905,1381,5524
"25787",4090,818,3272
"25788",3800,760,3040
"25789",4430,886,3544
"25790",4770,954,3816
"25791",3765,753,3012
"25792",4575,915,3660
"25793",5240,1048,4192
"25794",5710,1142,4568
"25795",4075,815,3260
"25796",4515,903,3612
"25797",3680,736,2944
"25798",4145,829,3316
"25799",5010,1002,4008
"25800",5070,1014,4056
"25801",5355,1071,4284
"25802",4700,940,3760
"25803",3250,650,2600
"25804",4470,894,3576
"25805",4060,812,3248
"25806",4585,917,3668
"25807",4200,840,3360
"25808",5340,1068,4272
"25809",4295,859,3436
"25810",3585,717,2868
"25811",4025,805,3220
"25812",3640,728,2912
"25813",4590,918,3672
"25814",5755,1151,4604
"25815",4455,891,3564
"25816",5440,1088,4352
"25817",4555,911,3644
"25818",3655,731,2924
"25819",5315,1063,4252
"25820",3595,719,2876
"25821",4800,960,3840
"25822",5565,1113,4452
"25823",4085,817,3268
"25824",5215,1043,4172
"25825",5920,1184,4736
"25826",3555,711,2844
"25827",6620,1324,5296
"25828",4515,903,3612
"25829",3900,780,3120
"25830",4855,971,3884
"25831",3415,683,2732
"25832",4475,895,3580
"25833",3400,680,2720
"25834",5450,1090,4360
"25835",4925,985,3940
"25836",5120,1024,4096
"25837",3805,761,3044
"25838",3770,754,3016
"25839",3725,745,2980
"25840",4540,908,3632
"25841",5070,1014,4056
"25842",3920,784,3136
"25843",3830,766,3064
"25844",4745,949,3796
"25845",4230,846,3384
"25846",4110,822,3288
"25847",4435,887,3548
"25848",7015,1403,5612
"25849",4925,985,3940
"25850",3775,755,3020
"25851",6270,1254,5016
"25852",3460,692,2768
"25853",5405,1081,4324
"25854",3895,779,3116
"25855",3960,792,3168
"25856",5450,1090,4360
"25857",4615,923,3692
"25858",5295,1059,4236
"25859",5930,1186,4744
"25860",4200,840,3360
"25861",4690,938,3752
"25862",5930,1186,4744
"25863",4410,882,3528
"25864",4535,907,3628
"25865",4260,852,3408
"25866",4380,876,3504
"25867",4880,976,3904
"25868",4540,908,3632
"25869",4240,848,3392
"25870",4315,863,3452
"25871",5780,1156,4624
"25872",4495,899,3596
"25873",4205,841,3364
"25874",3745,749,2996
"25875",4345,869,3476
"25876",3625,725,2900
"25877",7280,1456,5824
"25878",4400,880,3520
"25879",3630,726,2904
"25880",4185,837,3348
"25881",6405,1281,5124
"25882",5095,1019,4076
"25883",4715,943,3772
"25884",3335,667,2668
"25885",5100,1020,4080
"25886",6140,1228,4912
"25887",5925,1185,4740
"25888",3955,791,3164
"25889",4220,844,3376
"25890",4445,889,3556
"25891",4400,880,3520
"25892",4120,824,3296
"25893",4035,807,3228
"25894",4795,959,3836
"25895",4205,841,3364
"25896",4935,987,3948
"25897",5445,1089,4356
"25898",3785,757,3028
"25899",5060,1012,4048
"25900",4215,843,3372
"25901",5445,1089,4356
"25902",4740,948,3792
"25903",4335,867,3468
"25904",5010,1002,4008
"25905",4835,967,3868
"25906",3805,761,3044
"25907",4770,954,3816
"25908",5205,1041,4164
"25909",4480,896,3584
"25910",4535,907,3628
"25911",3540,708,2832
"25912",4885,977,3908
"25913",4485,897,3588
"25914",6130,1226,4904
"25915",4765,953,3812
"25916",4920,984,3936
"25917",4770,954,3816
"25918",5335,1067,4268
"25919",3795,759,3036
"25920",5060,1012,4048
"25921",4165,833,3332
"25922",5095,1019,4076
"25923",4710,942,3768
"25924",4095,819,3276
"25925",4715,943,3772
"25926",5300,1060,4240
"25927",3735,747,2988
"25928",4370,874,3496
"25929",4260,852,3408
"25930",5690,1138,4552
"25931",5325,1065,4260
"25932",4405,881,3524
"25933",4560,912,3648
"25934",4090,818,3272
"25935",4915,983,3932
"25936",5140,1028,4112
"25937",5610,1122,4488
"25938",3710,742,2968
"25939",8560,1712,6848
"25940",3830,766,3064
"25941",6025,1205,4820
"25942",3890,778,3112
"25943",7100,1420,5680
"25944",5620,1124,4496
"25945",4885,977,3908
"25946",5900,1180,4720
"25947",5740,1148,4592
"25948",3775,755,3020
"25949",4520,904,3616
"25950",4115,823,3292
"25951",5815,1163,4652
"25952",5550,1110,4440
"25953",3990,798,3192
"25954",5615,1123,4492
"25955",5010,1002,4008
"25956",4945,989,3956
"25957",3440,688,2752
"25958",3450,690,2760
"25959",7390,1478,5912
"25960",4015,803,3212
"25961",4025,805,3220
"25962",5050,1010,4040
"25963",5240,1048,4192
"25964",5165,1033,4132
"25965",4075,815,3260
"25966",5210,1042,4168
"25967",3850,770,3080
"25968",6585,1317,5268
"25969",4875,975,3900
"25970",5215,1043,4172
"25971",5300,1060,4240
"25972",4715,943,3772
"25973",3975,795,3180
"25974",3860,772,3088
"25975",4535,907,3628
"25976",3605,721,2884
"25977",5555,1111,4444
"25978",4075,815,3260
"25979",3700,740,2960
"25980",4050,810,3240
"25981",4985,997,3988
"25982",4145,829,3316
"25983",4805,961,3844
"25984",3985,797,3188
"25985",5155,1031,4124
"25986",5060,1012,4048
"25987",4030,806,3224
"25988",3370,674,2696
"25989",5725,1145,4580
"25990",4495,899,3596
"25991",4955,991,3964
"25992",3785,757,3028
"25993",5770,1154,4616
"25994",4540,908,3632
"25995",5160,1032,4128
"25996",4630,926,3704
"25997",4630,926,3704
"25998",4325,865,3460
"25999",5155,1031,4124
"26000",4160,832,3328
"26001",6285,1257,5028
"26002",6115,1223,4892
"26003",7175,1435,5740
"26004",3800,760,3040
"26005",4320,864,3456
"26006",3815,763,3052
"26007",3970,794,3176
"26008",5515,1103,4412
"26009",5955,1191,4764
"26010",4630,926,3704
"26011",4935,987,3948
"26012",3725,745,2980
"26013",6795,1359,5436
"26014",6560,1312,5248
"26015",4715,943,3772
"26016",4305,861,3444
"26017",3535,707,2828
"26018",4455,891,3564
"26019",4285,857,3428
"26020",4140,828,3312
"26021",5510,1102,4408
"26022",3905,781,3124
"26023",5205,1041,4164
"26024",5610,1122,4488
"26025",4735,947,3788
"26026",4195,839,3356
"26027",4810,962,3848
"26028",4360,872,3488
"26029",5115,1023,4092
"26030",3750,750,3000
"26031",6640,1328,5312
"26032",4645,929,3716
"26033",5825,1165,4660
"26034",4970,994,3976
"26035",5005,1001,4004
"26036",4695,939,3756
"26037",4220,844,3376
"26038",4830,966,3864
"26039",5015,1003,4012
"26040",4225,845,3380
"26041",4230,846,3384
"26042",3765,753,3012
"26043",5665,1133,4532
"26044",5105,1021,4084
"26045",4800,960,3840
"26046",4640,928,3712
"26047",4990,998,3992
"26048",4350,870,3480
"26049",5235,1047,4188
"26050",3680,736,2944
"26051",6075,1215,4860
"26052",6205,1241,4964
"26053",4855,971,3884
"26054",4140,828,3312
"26055",3945,789,3156
"26056",7660,1532,6128
"26057",6565,1313,5252
"26058",3245,649,2596
"26059",5585,1117,4468
"26060",5565,1113,4452
"26061",4390,878,3512
"26062",4430,886,3544
"26063",3660,732,2928
"26064",3805,761,3044
"26065",4700,940,3760
"26066",3845,769,3076
"26067",4520,904,3616
"26068",3400,680,2720
"26069",3745,749,2996
"26070",4975,995,3980
"26071",4040,808,3232
"26072",4705,941,3764
"26073",3830,766,3064
"26074",3905,781,3124
"26075",4595,919,3676
"26076",4290,858,3432
"26077",4640,928,3712
"26078",3495,699,2796
"26079",4475,895,3580
"26080",3730,746,2984
"26081",4395,879,3516
"26082",3460,692,2768
"26083",4535,907,3628
"26084",4510,902,3608
"26085",4170,834,3336
"26086",4120,824,3296
"26087",4330,866,3464
"26088",5150,1030,4120
"26089",5695,1139,4556
"26090",5280,1056,4224
"26091",3880,776,3104
"26092",4310,862,3448
"26093",4465,893,3572
"26094",4020,804,3216
"26095",4480,896,3584
"26096",3700,740,2960
"26097",4140,828,3312
"26098",5820,1164,4656
"26099",4285,857,3428
"26100",5265,1053,4212
"26101",4065,813,3252
"26102",4290,858,3432
"26103",4400,880,3520
"26104",6175,1235,4940
"26105",4750,950,3800
"26106",4205,841,3364
"26107",5305,1061,4244
"26108",4785,957,3828
"26109",4745,949,3796
"26110",6220,1244,4976
"26111",4505,901,3604
"26112",3950,790,3160
"26113",4995,999,3996
"26114",3655,731,2924
"26115",4880,976,3904
"26116",4200,840,3360
"26117",4560,912,3648
"26118",4460,892,3568
"26119",4695,939,3756
"26120",4990,998,3992
"26121",5385,1077,4308
"26122",5090,1018,4072
"26123",4600,920,3680
"26124",4860,972,3888
"26125",3655,731,2924
"26126",3535,707,2828
"26127",4125,825,3300
"26128",4140,828,3312
"26129",6545,1309,5236
"26130",3965,793,3172
"26131",4610,922,3688
"26132",3725,745,2980
"26133",5615,1123,4492
"26134",3730,746,2984
"26135",4080,816,3264
"26136",3940,788,3152
"26137",5055,1011,4044
"26138",5125,1025,4100
"26139",4950,990,3960
"26140",4920,984,3936
"26141",4590,918,3672
"26142",4250,850,3400
"26143",6930,1386,5544
"26144",4735,947,3788
"26145",6290,1258,5032
"26146",4470,894,3576
"26147",3710,742,2968
"26148",4620,924,3696
"26149",4250,850,3400
"26150",4230,846,3384
"26151",3770,754,3016
"26152",4935,987,3948
"26153",3490,698,2792
"26154",5760,1152,4608
"26155",4610,922,3688
"26156",5710,1142,4568
"26157",5200,1040,4160
"26158",5875,1175,4700
"26159",3865,773,3092
"26160",4760,952,3808
"26161",4735,947,3788
"26162",4290,858,3432
"26163",3925,785,3140
"26164",3730,746,2984
"26165",4130,826,3304
"26166",5570,1114,4456
"26167",4615,923,3692
"26168",5950,1190,4760
"26169",5075,1015,4060
"26170",4990,998,3992
"26171",4255,851,3404
"26172",4905,981,3924
"26173",4660,932,3728
"26174",4075,815,3260
"26175",3990,798,3192
"26176",3755,751,3004
"26177",4550,910,3640
"26178",5300,1060,4240
"26179",5175,1035,4140
"26180",3660,732,2928
"26181",3440,688,2752
"26182",4875,975,3900
"26183",5745,1149,4596
"26184",5060,1012,4048
"26185",3685,737,2948
"26186",5530,1106,4424
"26187",5385,1077,4308
"26188",4255,851,3404
"26189",4275,855,3420
"26190",5160,1032,4128
"26191",4455,891,3564
"26192",5265,1053,4212
"26193",4510,902,3608
"26194",6640,1328,5312
"26195",5175,1035,4140
"26196",5295,1059,4236
"26197",5400,1080,4320
"26198",5055,1011,4044
"26199",4875,975,3900
"26200",5455,1091,4364
"26201",5180,1036,4144
"26202",4290,858,3432
"26203",3675,735,2940
"26204",3965,793,3172
"26205",3870,774,3096
"26206",5125,1025,4100
"26207",4835,967,3868
"26208",3880,776,3104
"26209",4695,939,3756
"26210",4245,849,3396
"26211",5985,1197,4788
"26212",3865,773,3092
"26213",4910,982,3928
"26214",4425,885,3540
"26215",4135,827,3308
"26216",4865,973,3892
"26217",4955,991,3964
"26218",7055,1411,5644
"26219",3685,737,2948
"26220",5715,1143,4572
"26221",5790,1158,4632
"26222",4305,861,3444
"26223",4520,904,3616
"26224",6630,1326,5304
"26225",4600,920,3680
"26226",5325,1065,4260
"26227",5515,1103,4412
"26228",4005,801,3204
"26229",4400,880,3520
"26230",4445,889,3556
"26231",3875,775,3100
"26232",4690,938,3752
"26233",4590,918,3672
"26234",4280,856,3424
"26235",3640,728,2912
"26236",6000,1200,4800
"26237",3990,798,3192
"26238",4385,877,3508
"26239",5500,1100,4400
"26240",5665,1133,4532
"26241",4730,946,3784
"26242",6630,1326,5304
"26243",4515,903,3612
"26244",4635,927,3708
"26245",3865,773,3092
"26246",4050,810,3240
"26247",5110,1022,4088
"26248",5015,1003,4012
"26249",4785,957,3828
"26250",4185,837,3348
"26251",4485,897,3588
"26252",4055,811,3244
"26253",4560,912,3648
"26254",4090,818,3272
"26255",4430,886,3544
"26256",3435,687,2748
"26257",3730,746,2984
"26258",4085,817,3268
"26259",3860,772,3088
"26260",4615,923,3692
"26261",2960,592,2368
"26262",5830,1166,4664
"26263",3975,795,3180
"26264",5600,1120,4480
"26265",8010,1602,6408
"26266",4205,841,3364
"26267",3835,767,3068
"26268",6365,1273,5092
"26269",4575,915,3660
"26270",3840,768,3072
"26271",6010,1202,4808
"26272",4220,844,3376
"26273",4225,845,3380
"26274",5070,1014,4056
"26275",5095,1019,4076
"26276",5165,1033,4132
"26277",4755,951,3804
"26278",3850,770,3080
"26279",3955,791,3164
"26280",5985,1197,4788
"26281",4055,811,3244
"26282",4010,802,3208
"26283",4280,856,3424
"26284",4950,990,3960
"26285",5150,1030,4120
"26286",5225,1045,4180
"26287",4000,800,3200
"26288",3810,762,3048
"26289",5120,1024,4096
"26290",3935,787,3148
"26291",4790,958,3832
"26292",5545,1109,4436
"26293",4105,821,3284
"26294",4415,883,3532
"26295",7795,1559,6236
"26296",5395,1079,4316
"26297",5425,1085,4340
"26298",5980,1196,4784
"26299",4825,965,3860
"26300",6210,1242,4968
"26301",4805,961,3844
"26302",4810,962,3848
"26303",3550,710,2840
"26304",3690,738,2952
"26305",3670,734,2936
"26306",4005,801,3204
"26307",4085,817,3268
"26308",4775,955,3820
"26309",4400,880,3520
"26310",3075,615,2460
"26311",6505,1301,5204
"26312",6180,1236,4944
"26313",4615,923,3692
"26314",5195,1039,4156
"26315",4950,990,3960
"26316",4460,892,3568
"26317",4550,910,3640
"26318",4195,839,3356
"26319",3730,746,2984
"26320",5230,1046,4184
"26321",3805,761,3044
"26322",3805,761,3044
"26323",4465,893,3572
"26324",3845,769,3076
"26325",4880,976,3904
"26326",3365,673,2692
"26327",5160,1032,4128
"26328",4925,985,3940
"26329",5285,1057,4228
"26330",6140,1228,4912
"26331",5190,1038,4152
"26332",4480,896,3584
"26333",4075,815,3260
"26334",5055,1011,4044
"26335",4415,883,3532
"26336",3605,721,2884
"26337",4905,981,3924
"26338",3875,775,3100
"26339",5680,1136,4544
"26340",3850,770,3080
"26341",5710,1142,4568
"26342",7085,1417,5668
"26343",4190,838,3352
"26344",4025,805,3220
"26345",6270,1254,5016
"26346",5295,1059,4236
"26347",4020,804,3216
"26348",3800,760,3040
"26349",3945,789,3156
"26350",4695,939,3756
"26351",4525,905,3620
"26352",4120,824,3296
"26353",3505,701,2804
"26354",5440,1088,4352
"26355",4265,853,3412
"26356",4785,957,3828
"26357",4430,886,3544
"26358",4170,834,3336
"26359",5635,1127,4508
"26360",4975,995,3980
"26361",3685,737,2948
"26362",6170,1234,4936
"26363",4095,819,3276
"26364",5915,1183,4732
"26365",3815,763,3052
"26366",4450,890,3560
"26367",4495,899,3596
"26368",5195,1039,4156
"26369",4260,852,3408
"26370",5060,1012,4048
"26371",4975,995,3980
"26372",5120,1024,4096
"26373",3715,743,2972
"26374",4625,925,3700
"26375",4505,901,3604
"26376",5740,1148,4592
"26377",4175,835,3340
"26378",5285,1057,4228
"26379",4385,877,3508
"26380",3540,708,2832
"26381",4995,999,3996
"26382",4840,968,3872
"26383",6470,1294,5176
"26384",3750,750,3000
"26385",4715,943,3772
"26386",4080,816,3264
"26387",3975,795,3180
"26388",7550,1510,6040
"26389",4400,880,3520
"26390",4995,999,3996
"26391",5600,1120,4480
"26392",3940,788,3152
"26393",4040,808,3232
"26394",4010,802,3208
"26395",5205,1041,4164
"26396",3605,721,2884
"26397",4280,856,3424
"26398",5370,1074,4296
"26399",5565,1113,4452
"26400",4240,848,3392
"26401",4425,885,3540
"26402",6510,1302,5208
"26403",5510,1102,4408
"26404",3905,781,3124
"26405",4190,838,3352
"26406",4670,934,3736
"26407",11315,2263,9052
"26408",4680,936,3744
"26409",4055,811,3244
"26410",3540,708,2832
"26411",4175,835,3340
"26412",4945,989,3956
"26413",5705,1141,4564
"26414",3425,685,2740
"26415",5170,1034,4136
"26416",4300,860,3440
"26417",4655,931,3724
"26418",4260,852,3408
"26419",3760,752,3008
"26420",3815,763,3052
"26421",6565,1313,5252
"26422",5030,1006,4024
"26423",6400,1280,5120
"26424",6325,1265,5060
"26425",3325,665,2660
"26426",6255,1251,5004
"26427",4600,920,3680
"26428",4585,917,3668
"26429",6035,1207,4828
"26430",6665,1333,5332
"26431",5085,1017,4068
"26432",4320,864,3456
"26433",4380,876,3504
"26434",3545,709,2836
"26435",3675,735,2940
"26436",5145,1029,4116
"26437",5810,1162,4648
"26438",4160,832,3328
"26439",5680,1136,4544
"26440",5475,1095,4380
"26441",5820,1164,4656
"26442",5395,1079,4316
"26443",5805,1161,4644
"26444",4565,913,3652
"26445",7410,1482,5928
"26446",5345,1069,4276
"26447",6480,1296,5184
"26448",4610,922,3688
"26449",3905,781,3124
"26450",4355,871,3484
"26451",4315,863,3452
"26452",3635,727,2908
"26453",4400,880,3520
"26454",4790,958,3832
"26455",4320,864,3456
"26456",4900,980,3920
"26457",4820,964,3856
"26458",5915,1183,4732
"26459",4970,994,3976
"26460",5565,1113,4452
"26461",4495,899,3596
"26462",4105,821,3284
"26463",4585,917,3668
"26464",4625,925,3700
"26465",4510,902,3608
"26466",4525,905,3620
"26467",6550,1310,5240
"26468",5305,1061,4244
"26469",3955,791,3164
"26470",4790,958,3832
"26471",3650,730,2920
"26472",5525,1105,4420
"26473",4705,941,3764
"26474",5840,1168,4672
"26475",4265,853,3412
"26476",7145,1429,5716
"26477",4655,931,3724
"26478",5115,1023,4092
"26479",4615,923,3692
"26480",4395,879,3516
"26481",5430,1086,4344
"26482",6200,1240,4960
"26483",4800,960,3840
"26484",4060,812,3248
"26485",4325,865,3460
"26486",4720,944,3776
"26487",4440,888,3552
"26488",5190,1038,4152
"26489",4470,894,3576
"26490",3895,779,3116
"26491",3835,767,3068
"26492",4945,989,3956
"26493",4305,861,3444
"26494",4675,935,3740
"26495",3615,723,2892
"26496",4055,811,3244
"26497",7485,1497,5988
"26498",4165,833,3332
"26499",6230,1246,4984
"26500",4885,977,3908
"26501",3985,797,3188
"26502",5375,1075,4300
"26503",3355,671,2684
"26504",4550,910,3640
"26505",6180,1236,4944
"26506",6715,1343,5372
"26507",3615,723,2892
"26508",4210,842,3368
"26509",4585,917,3668
"26510",4120,824,3296
"26511",3485,697,2788
"26512",3985,797,3188
"26513",4020,804,3216
"26514",4610,922,3688
"26515",4735,947,3788
"26516",4555,911,3644
"26517",4520,904,3616
"26518",5070,1014,4056
"26519",4680,936,3744
"26520",4100,820,3280
"26521",3820,764,3056
"26522",6425,1285,5140
"26523",6470,1294,5176
"26524",5285,1057,4228
"26525",4505,901,3604
"26526",5675,1135,4540
"26527",4230,846,3384
"26528",4685,937,3748
"26529",5900,1180,4720
"26530",5440,1088,4352
"26531",4340,868,3472
"26532",3740,748,2992
"26533",4450,890,3560
"26534",4685,937,3748
"26535",5810,1162,4648
"26536",4275,855,3420
"26537",3910,782,3128
"26538",3925,785,3140
"26539",5500,1100,4400
"26540",4605,921,3684
"26541",5925,1185,4740
"26542",3465,693,2772
"26543",4335,867,3468
"26544",4025,805,3220
"26545",4455,891,3564
"26546",3690,738,2952
"26547",4030,806,3224
"26548",4410,882,3528
"26549",4195,839,3356
"26550",3675,735,2940
"26551",4195,839,3356
"26552",5600,1120,4480
"26553",4550,910,3640
"26554",3830,766,3064
"26555",5195,1039,4156
"26556",4465,893,3572
"26557",3775,755,3020
"26558",3965,793,3172
"26559",4500,900,3600
"26560",4255,851,3404
"26561",5010,1002,4008
"26562",4715,943,3772
"26563",4190,838,3352
"26564",5005,1001,4004
"26565",7580,1516,6064
"26566",4140,828,3312
"26567",4910,982,3928
"26568",4645,929,3716
"26569",6785,1357,5428
"26570",4775,955,3820
"26571",3600,720,2880
"26572",4675,935,3740
"26573",5270,1054,4216
"26574",4660,932,3728
"26575",5265,1053,4212
"26576",4520,904,3616
"26577",4035,807,3228
"26578",5185,1037,4148
"26579",4685,937,3748
"26580",5180,1036,4144
"26581",4355,871,3484
"26582",5180,1036,4144
"26583",4210,842,3368
"26584",4510,902,3608
"26585",3670,734,2936
"26586",5090,1018,4072
"26587",4760,952,3808
"26588",3530,706,2824
"26589",4275,855,3420
"26590",5250,1050,4200
"26591",4975,995,3980
"26592",4295,859,3436
"26593",3055,611,2444
"26594",4160,832,3328
"26595",4915,983,3932
"26596",3685,737,2948
"26597",4425,885,3540
"26598",4725,945,3780
"26599",4380,876,3504
"26600",5420,1084,4336
"26601",4145,829,3316
"26602",4060,812,3248
"26603",5585,1117,4468
"26604",6360,1272,5088
"26605",3715,743,2972
"26606",5565,1113,4452
"26607",4500,900,3600
"26608",5165,1033,4132
"26609",6320,1264,5056
"26610",4030,806,3224
"26611",5180,1036,4144
"26612",3740,748,2992
"26613",4095,819,3276
"26614",5840,1168,4672
"26615",6430,1286,5144
"26616",4740,948,3792
"26617",3945,789,3156
"26618",4150,830,3320
"26619",5485,1097,4388
"26620",6215,1243,4972
"26621",3760,752,3008
"26622",4475,895,3580
"26623",5450,1090,4360
"26624",5045,1009,4036
"26625",3815,763,3052
"26626",6005,1201,4804
"26627",3870,774,3096
"26628",5755,1151,4604
"26629",4250,850,3400
"26630",3795,759,3036
"26631",6680,1336,5344
"26632",4175,835,3340
"26633",4935,987,3948
"26634",6810,1362,5448
"26635",4500,900,3600
"26636",4835,967,3868
"26637",5160,1032,4128
"26638",5085,1017,4068
"26639",5235,1047,4188
"26640",6250,1250,5000
"26641",4505,901,3604
"26642",5645,1129,4516
"26643",4465,893,3572
"26644",4570,914,3656
"26645",3835,767,3068
"26646",3620,724,2896
"26647",4595,919,3676
"26648",5510,1102,4408
"26649",3400,680,2720
"26650",3660,732,2928
"26651",4530,906,3624
"26652",3750,750,3000
"26653",5565,1113,4452
"26654",4965,993,3972
"26655",3765,753,3012
"26656",4790,958,3832
"26657",4345,869,3476
"26658",4150,830,3320
"26659",4040,808,3232
"26660",4460,892,3568
"26661",4895,979,3916
"26662",5245,1049,4196
"26663",5720,1144,4576
"26664",3885,777,3108
"26665",4485,897,3588
"26666",3985,797,3188
"26667",4220,844,3376
"26668",3950,790,3160
"26669",5025,1005,4020
"26670",4255,851,3404
"26671",5625,1125,4500
"26672",3980,796,3184
"26673",4575,915,3660
"26674",5730,1146,4584
"26675",4505,901,3604
"26676",5575,1115,4460
"26677",5860,1172,4688
"26678",3905,781,3124
"26679",4140,828,3312
"26680",4465,893,3572
"26681",6160,1232,4928
"26682",3575,715,2860
"26683",5200,1040,4160
"26684",5520,1104,4416
"26685",4590,918,3672
"26686",4805,961,3844
"26687",4700,940,3760
"26688",4610,922,3688
"26689",5300,1060,4240
"26690",4280,856,3424
"26691",6590,1318,5272
"26692",4720,944,3776
"26693",4805,961,3844
"26694",4835,967,3868
"26695",4770,954,3816
"26696",8450,1690,6760
"26697",6690,1338,5352
"26698",3890,778,3112
"26699",3935,787,3148
"26700",4470,894,3576
"26701",5745,1149,4596
"26702",4335,867,3468
"26703",4025,805,3220
"26704",4040,808,3232
"26705",4930,986,3944
"26706",5720,1144,4576
"26707",4460,892,3568
"26708",3645,729,2916
"26709",3665,733,2932
"26710",5095,1019,4076
"26711",4655,931,3724
"26712",3915,783,3132
"26713",5525,1105,4420
"26714",4575,915,3660
"26715",3815,763,3052
"26716",3655,731,2924
"26717",4110,822,3288
"26718",6105,1221,4884
"26719",6085,1217,4868
"26720",4590,918,3672
"26721",4160,832,3328
"26722",6170,1234,4936
"26723",4670,934,3736
"26724",4670,934,3736
"26725",5710,1142,4568
"26726",4835,967,3868
"26727",4745,949,3796
"26728",4020,804,3216
"26729",4900,980,3920
"26730",5300,1060,4240
"26731",5125,1025,4100
"26732",3995,799,3196
"26733",3950,790,3160
"26734",4900,980,3920
"26735",4190,838,3352
"26736",4460,892,3568
"26737",4000,800,3200
"26738",6080,1216,4864
"26739",4450,890,3560
"26740",3735,747,2988
"26741",4445,889,3556
"26742",4620,924,3696
"26743",4575,915,3660
"26744",6365,1273,5092
"26745",6090,1218,4872
"26746",4400,880,3520
"26747",3945,789,3156
"26748",4280,856,3424
"26749",4265,853,3412
"26750",4915,983,3932
"26751",4830,966,3864
"26752",5070,1014,4056
"26753",4315,863,3452
"26754",4655,931,3724
"26755",3845,769,3076
"26756",4695,939,3756
"26757",6065,1213,4852
"26758",4925,985,3940
"26759",3560,712,2848
"26760",4665,933,3732
"26761",4645,929,3716
"26762",3640,728,2912
"26763",4920,984,3936
"26764",6835,1367,5468
"26765",4935,987,3948
"26766",5285,1057,4228
"26767",4525,905,3620
"26768",3660,732,2928
"26769",4980,996,3984
"26770",4740,948,3792
"26771",4015,803,3212
"26772",4800,960,3840
"26773",5675,1135,4540
"26774",5665,1133,4532
"26775",3430,686,2744
"26776",6030,1206,4824
"26777",4450,890,3560
"26778",3385,677,2708
"26779",4215,843,3372
"26780",4135,827,3308
"26781",6290,1258,5032
"26782",4405,881,3524
"26783",3410,682,2728
"26784",4310,862,3448
"26785",4500,900,3600
"26786",6305,1261,5044
"26787",4505,901,3604
"26788",6620,1324,5296
"26789",5865,1173,4692
"26790",4555,911,3644
"26791",4070,814,3256
"26792",4670,934,3736
"26793",4245,849,3396
"26794",5530,1106,4424
"26795",4805,961,3844
"26796",4665,933,3732
"26797",3365,673,2692
"26798",3990,798,3192
"26799",4245,849,3396
"26800",4660,932,3728
"26801",3590,718,2872
"26802",3940,788,3152
"26803",4745,949,3796
"26804",4285,857,3428
"26805",4350,870,3480
"26806",6180,1236,4944
"26807",5395,1079,4316
"26808",4450,890,3560
"26809",4860,972,3888
"26810",5340,1068,4272
"26811",5070,1014,4056
"26812",4225,845,3380
"26813",4420,884,3536
"26814",4385,877,3508
"26815",4510,902,3608
"26816",7190,1438,5752
"26817",4550,910,3640
"26818",4280,856,3424
"26819",4725,945,3780
"26820",4120,824,3296
"26821",4530,906,3624
"26822",8310,1662,6648
"26823",4185,837,3348
"26824",4405,881,3524
"26825",4520,904,3616
"26826",5880,1176,4704
"26827",5090,1018,4072
"26828",6320,1264,5056
"26829",4660,932,3728
"26830",5620,1124,4496
"26831",4490,898,3592
"26832",4265,853,3412
"26833",4155,831,3324
"26834",3650,730,2920
"26835",3975,795,3180
"26836",3715,743,2972
"26837",4085,817,3268
"26838",7130,1426,5704
"26839",4205,841,3364
"26840",4070,814,3256
"26841",4895,979,3916
"26842",3890,778,3112
"26843",4475,895,3580
"26844",4525,905,3620
"26845",4490,898,3592
"26846",4190,838,3352
"26847",4325,865,3460
"26848",4310,862,3448
"26849",4815,963,3852
"26850",4935,987,3948
"26851",4675,935,3740
"26852",5450,1090,4360
"26853",5000,1000,4000
"26854",4140,828,3312
"26855",5355,1071,4284
"26856",6205,1241,4964
"26857",3535,707,2828
"26858",3840,768,3072
"26859",5940,1188,4752
"26860",7310,1462,5848
"26861",7505,1501,6004
"26862",4350,870,3480
"26863",4675,935,3740
"26864",3525,705,2820
"26865",4685,937,3748
"26866",4990,998,3992
"26867",6025,1205,4820
"26868",3730,746,2984
"26869",5070,1014,4056
"26870",4170,834,3336
"26871",5200,1040,4160
"26872",5045,1009,4036
"26873",5000,1000,4000
"26874",4430,886,3544
"26875",4610,922,3688
"26876",3815,763,3052
"26877",3840,768,3072
"26878",4350,870,3480
"26879",4850,970,3880
"26880",4390,878,3512
"26881",5825,1165,4660
"26882",3650,730,2920
"26883",5300,1060,4240
"26884",5155,1031,4124
"26885",7155,1431,5724
"26886",5660,1132,4528
"26887",4575,915,3660
"26888",3995,799,3196
"26889",4305,861,3444
"26890",3985,797,3188
"26891",4760,952,3808
"26892",5930,1186,4744
"26893",3910,782,3128
"26894",4020,804,3216
"26895",4625,925,3700
"26896",4085,817,3268
"26897",4035,807,3228
"26898",4475,895,3580
"26899",5220,1044,4176
"26900",4995,999,3996
"26901",5270,1054,4216
"26902",6480,1296,5184
"26903",6000,1200,4800
"26904",3205,641,2564
"26905",5935,1187,4748
"26906",5560,1112,4448
"26907",5075,1015,4060
"26908",3690,738,2952
"26909",4485,897,3588
"26910",5440,1088,4352
"26911",4210,842,3368
"26912",4670,934,3736
"26913",5040,1008,4032
"26914",5080,1016,4064
"26915",6145,1229,4916
"26916",6890,1378,5512
"26917",5420,1084,4336
"26918",4325,865,3460
"26919",5570,1114,4456
"26920",4305,861,3444
"26921",3990,798,3192
"26922",4105,821,3284
"26923",4725,945,3780
"26924",4840,968,3872
"26925",4860,972,3888
"26926",4720,944,3776
"26927",4190,838,3352
"26928",4420,884,3536
"26929",5985,1197,4788
"26930",5210,1042,4168
"26931",5270,1054,4216
"26932",4900,980,3920
"26933",5035,1007,4028
"26934",4765,953,3812
"26935",5280,1056,4224
"26936",4420,884,3536
"26937",4130,826,3304
"26938",5055,1011,4044
"26939",3760,752,3008
"26940",3805,761,3044
"26941",4910,982,3928
"26942",4285,857,3428
"26943",5550,1110,4440
"26944",4200,840,3360
"26945",3740,748,2992
"26946",4595,919,3676
"26947",4080,816,3264
"26948",4495,899,3596
"26949",4555,911,3644
"26950",3910,782,3128
"26951",4290,858,3432
"26952",3860,772,3088
"26953",4530,906,3624
"26954",4405,881,3524
"26955",4375,875,3500
"26956",6295,1259,5036
"26957",6115,1223,4892
"26958",5760,1152,4608
"26959",5950,1190,4760
"26960",4600,920,3680
"26961",4040,808,3232
"26962",4545,909,3636
"26963",6030,1206,4824
"26964",3920,784,3136
"26965",4190,838,3352
"26966",4595,919,3676
"26967",5000,1000,4000
"26968",3730,746,2984
"26969",5725,1145,4580
"26970",5260,1052,4208
"26971",5070,1014,4056
"26972",3870,774,3096
"26973",4220,844,3376
"26974",3980,796,3184
"26975",5915,1183,4732
"26976",4245,849,3396
"26977",5415,1083,4332
"26978",4270,854,3416
"26979",5190,1038,4152
"26980",5370,1074,4296
"26981",4065,813,3252
"26982",4100,820,3280
"26983",5330,1066,4264
"26984",5295,1059,4236
"26985",4325,865,3460
"26986",3705,741,2964
"26987",5290,1058,4232
"26988",5465,1093,4372
"26989",5270,1054,4216
"26990",4735,947,3788
"26991",4250,850,3400
"26992",4355,871,3484
"26993",4465,893,3572
"26994",4440,888,3552
"26995",4625,925,3700
"26996",4355,871,3484
"26997",4610,922,3688
"26998",5250,1050,4200
"26999",5385,1077,4308
"27000",3865,773,3092
"27001",4785,957,3828
"27002",4235,847,3388
"27003",5620,1124,4496
"27004",5585,1117,4468
"27005",4215,843,3372
"27006",3385,677,2708
"27007",4600,920,3680
"27008",4170,834,3336
"27009",10025,2005,8020
"27010",3705,741,2964
"27011",6160,1232,4928
"27012",3815,763,3052
"27013",5715,1143,4572
"27014",4235,847,3388
"27015",5285,1057,4228
"27016",5915,1183,4732
"27017",5100,1020,4080
"27018",4140,828,3312
"27019",6400,1280,5120
"27020",6850,1370,5480
"27021",4775,955,3820
"27022",4265,853,3412
"27023",4460,892,3568
"27024",4505,901,3604
"27025",4470,894,3576
"27026",4565,913,3652
"27027",5240,1048,4192
"27028",7660,1532,6128
"27029",4500,900,3600
"27030",3660,732,2928
"27031",4210,842,3368
"27032",3440,688,2752
"27033",5240,1048,4192
"27034",4000,800,3200
"27035",4045,809,3236
"27036",4805,961,3844
"27037",4725,945,3780
"27038",4740,948,3792
"27039",5815,1163,4652
"27040",4035,807,3228
"27041",4090,818,3272
"27042",4655,931,3724
"27043",6395,1279,5116
"27044",4520,904,3616
"27045",5635,1127,4508
"27046",5715,1143,4572
"27047",3795,759,3036
"27048",3530,706,2824
"27049",5370,1074,4296
"27050",5900,1180,4720
"27051",5640,1128,4512
"27052",5295,1059,4236
"27053",4330,866,3464
"27054",5040,1008,4032
"27055",3675,735,2940
"27056",4770,954,3816
"27057",4475,895,3580
"27058",5165,1033,4132
"27059",4240,848,3392
"27060",4320,864,3456
"27061",4290,858,3432
"27062",4560,912,3648
"27063",4305,861,3444
"27064",4265,853,3412
"27065",4315,863,3452
"27066",5640,1128,4512
"27067",5040,1008,4032
"27068",4330,866,3464
"27069",4230,846,3384
"27070",4280,856,3424
"27071",3965,793,3172
"27072",3825,765,3060
"27073",4735,947,3788
"27074",3975,795,3180
"27075",4700,940,3760
"27076",5115,1023,4092
"27077",6080,1216,4864
"27078",3440,688,2752
"27079",4555,911,3644
"27080",4785,957,3828
"27081",4070,814,3256
"27082",3825,765,3060
"27083",5025,1005,4020
"27084",4455,891,3564
"27085",5235,1047,4188
"27086",4840,968,3872
"27087",3690,738,2952
"27088",4490,898,3592
"27089",5190,1038,4152
"27090",6570,1314,5256
"27091",4170,834,3336
"27092",5420,1084,4336
"27093",5300,1060,4240
"27094",7985,1597,6388
"27095",4480,896,3584
"27096",3705,741,2964
"27097",4760,952,3808
"27098",4165,833,3332
"27099",4090,818,3272
"27100",4300,860,3440
"27101",4010,802,3208
"27102",3785,757,3028
"27103",5300,1060,4240
"27104",5220,1044,4176
"27105",5395,1079,4316
"27106",4535,907,3628
"27107",4275,855,3420
"27108",5640,1128,4512
"27109",7475,1495,5980
"27110",4465,893,3572
"27111",4890,978,3912
"27112",4355,871,3484
"27113",4210,842,3368
"27114",4460,892,3568
"27115",4495,899,3596
"27116",6985,1397,5588
"27117",4365,873,3492
"27118",4910,982,3928
"27119",3455,691,2764
"27120",3845,769,3076
"27121",5345,1069,4276
"27122",5895,1179,4716
"27123",3650,730,2920
"27124",3755,751,3004
"27125",4850,970,3880
"27126",5690,1138,4552
"27127",4325,865,3460
"27128",5195,1039,4156
"27129",4535,907,3628
"27130",4220,844,3376
"27131",5295,1059,4236
"27132",4945,989,3956
"27133",4125,825,3300
"27134",3870,774,3096
"27135",5265,1053,4212
"27136",5000,1000,4000
"27137",3390,678,2712
"27138",4225,845,3380
"27139",4865,973,3892
"27140",3890,778,3112
"27141",5725,1145,4580
"27142",5950,1190,4760
"27143",4045,809,3236
"27144",5335,1067,4268
"27145",4810,962,3848
"27146",4000,800,3200
"27147",4140,828,3312
"27148",5385,1077,4308
"27149",3645,729,2916
"27150",5650,1130,4520
"27151",4675,935,3740
"27152",4450,890,3560
"27153",6490,1298,5192
"27154",3245,649,2596
"27155",3905,781,3124
"27156",6610,1322,5288
"27157",4015,803,3212
"27158",4875,975,3900
"27159",5120,1024,4096
"27160",3800,760,3040
"27161",4220,844,3376
"27162",5400,1080,4320
"27163",5610,1122,4488
"27164",4580,916,3664
"27165",4980,996,3984
"27166",4900,980,3920
"27167",3980,796,3184
"27168",4560,912,3648
"27169",6370,1274,5096
"27170",4945,989,3956
"27171",6185,1237,4948
"27172",4675,935,3740
"27173",4825,965,3860
"27174",4880,976,3904
"27175",4830,966,3864
"27176",7165,1433,5732
"27177",4805,961,3844
"27178",4440,888,3552
"27179",5725,1145,4580
"27180",5510,1102,4408
"27181",5100,1020,4080
"27182",3725,745,2980
"27183",4615,923,3692
"27184",5430,1086,4344
"27185",5360,1072,4288
"27186",6065,1213,4852
"27187",6390,1278,5112
"27188",3355,671,2684
"27189",4575,915,3660
"27190",5770,1154,4616
"27191",4770,954,3816
"27192",3840,768,3072
"27193",4815,963,3852
"27194",4065,813,3252
"27195",3560,712,2848
"27196",4080,816,3264
"27197",5320,1064,4256
"27198",4280,856,3424
"27199",7435,1487,5948
"27200",4920,984,3936
"27201",4450,890,3560
"27202",4410,882,3528
"27203",4120,824,3296
"27204",4685,937,3748
"27205",4945,989,3956
"27206",5250,1050,4200
"27207",4195,839,3356
"27208",3965,793,3172
"27209",4960,992,3968
"27210",4630,926,3704
"27211",4545,909,3636
"27212",4530,906,3624
"27213",4345,869,3476
"27214",3965,793,3172
"27215",3815,763,3052
"27216",5230,1046,4184
"27217",4910,982,3928
"27218",4365,873,3492
"27219",4155,831,3324
"27220",4775,955,3820
"27221",4070,814,3256
"27222",5565,1113,4452
"27223",5765,1153,4612
"27224",5020,1004,4016
"27225",4130,826,3304
"27226",4880,976,3904
"27227",4075,815,3260
"27228",3815,763,3052
"27229",6890,1378,5512
"27230",4995,999,3996
"27231",4150,830,3320
"27232",4400,880,3520
"27233",4705,941,3764
"27234",4470,894,3576
"27235",5200,1040,4160
"27236",4135,827,3308
"27237",5640,1128,4512
"27238",4210,842,3368
"27239",4155,831,3324
"27240",7165,1433,5732
"27241",3575,715,2860
"27242",4945,989,3956
"27243",4220,844,3376
"27244",5425,1085,4340
"27245",4375,875,3500
"27246",4145,829,3316
"27247",3400,680,2720
"27248",4225,845,3380
"27249",5805,1161,4644
"27250",4735,947,3788
"27251",4780,956,3824
"27252",6215,1243,4972
"27253",4860,972,3888
"27254",6655,1331,5324
"27255",3610,722,2888
"27256",3890,778,3112
"27257",6115,1223,4892
"27258",5965,1193,4772
"27259",7145,1429,5716
"27260",4805,961,3844
"27261",6625,1325,5300
"27262",4585,917,3668
"27263",4180,836,3344
"27264",3970,794,3176
"27265",4075,815,3260
"27266",5565,1113,4452
"27267",4990,998,3992
"27268",3895,779,3116
"27269",6525,1305,5220
"27270",4525,905,3620
"27271",3910,782,3128
"27272",4150,830,3320
"27273",4310,862,3448
"27274",4030,806,3224
"27275",4625,925,3700
"27276",4205,841,3364
"27277",4405,881,3524
"27278",4865,973,3892
"27279",4925,985,3940
"27280",3375,675,2700
"27281",4170,834,3336
"27282",5110,1022,4088
"27283",5755,1151,4604
"27284",4090,818,3272
"27285",4175,835,3340
"27286",5205,1041,4164
"27287",4490,898,3592
"27288",4700,940,3760
"27289",5155,1031,4124
"27290",4665,933,3732
"27291",3455,691,2764
"27292",3880,776,3104
"27293",4560,912,3648
"27294",4155,831,3324
"27295",5070,1014,4056
"27296",5075,1015,4060
"27297",4115,823,3292
"27298",4265,853,3412
"27299",4215,843,3372
"27300",4725,945,3780
"27301",5485,1097,4388
"27302",3790,758,3032
"27303",5360,1072,4288
"27304",4895,979,3916
"27305",3920,784,3136
"27306",5115,1023,4092
"27307",5240,1048,4192
"27308",5195,1039,4156
"27309",4900,980,3920
"27310",3570,714,2856
"27311",4525,905,3620
"27312",3940,788,3152
"27313",4525,905,3620
"27314",3565,713,2852
"27315",4940,988,3952
"27316",5060,1012,4048
"27317",4175,835,3340
"27318",4155,831,3324
"27319",4115,823,3292
"27320",4220,844,3376
"27321",4570,914,3656
"27322",3895,779,3116
"27323",4385,877,3508
"27324",4815,963,3852
"27325",4235,847,3388
"27326",4865,973,3892
"27327",3880,776,3104
"27328",6050,1210,4840
"27329",4500,900,3600
"27330",5225,1045,4180
"27331",4150,830,3320
"27332",6190,1238,4952
"27333",4965,993,3972
"27334",4710,942,3768
"27335",4840,968,3872
"27336",5295,1059,4236
"27337",4300,860,3440
"27338",4240,848,3392
"27339",3880,776,3104
"27340",4395,879,3516
"27341",4150,830,3320
"27342",5865,1173,4692
"27343",3885,777,3108
"27344",4190,838,3352
"27345",4255,851,3404
"27346",4005,801,3204
"27347",3235,647,2588
"27348",4490,898,3592
"27349",3370,674,2696
"27350",4095,819,3276
"27351",4580,916,3664
"27352",3890,778,3112
"27353",4975,995,3980
"27354",5280,1056,4224
"27355",4960,992,3968
"27356",3565,713,2852
"27357",5955,1191,4764
"27358",3960,792,3168
"27359",4570,914,3656
"27360",7770,1554,6216
"27361",5480,1096,4384
"27362",4380,876,3504
"27363",4785,957,3828
"27364",4235,847,3388
"27365",5720,1144,4576
"27366",4290,858,3432
"27367",4960,992,3968
"27368",5820,1164,4656
"27369",4915,983,3932
"27370",5145,1029,4116
"27371",4380,876,3504
"27372",4820,964,3856
"27373",3755,751,3004
"27374",3670,734,2936
"27375",3530,706,2824
"27376",3570,714,2856
"27377",5005,1001,4004
"27378",3780,756,3024
"27379",3950,790,3160
"27380",3540,708,2832
"27381",4365,873,3492
"27382",5740,1148,4592
"27383",4790,958,3832
"27384",5255,1051,4204
"27385",4660,932,3728
"27386",4830,966,3864
"27387",6070,1214,4856
"27388",4675,935,3740
"27389",5215,1043,4172
"27390",4690,938,3752
"27391",3755,751,3004
"27392",4900,980,3920
"27393",6680,1336,5344
"27394",5010,1002,4008
"27395",4365,873,3492
"27396",4465,893,3572
"27397",4270,854,3416
"27398",4285,857,3428
"27399",4730,946,3784
"27400",5450,1090,4360
"27401",6240,1248,4992
"27402",4025,805,3220
"27403",5330,1066,4264
"27404",4280,856,3424
"27405",4810,962,3848
"27406",4675,935,3740
"27407",5295,1059,4236
"27408",5155,1031,4124
"27409",5790,1158,4632
"27410",4705,941,3764
"27411",7415,1483,5932
"27412",4120,824,3296
"27413",3980,796,3184
"27414",4220,844,3376
"27415",4145,829,3316
"27416",5255,1051,4204
"27417",5225,1045,4180
"27418",4715,943,3772
"27419",4430,886,3544
"27420",4450,890,3560
"27421",4455,891,3564
"27422",5240,1048,4192
"27423",3735,747,2988
"27424",4775,955,3820
"27425",5225,1045,4180
"27426",4925,985,3940
"27427",4965,993,3972
"27428",3790,758,3032
"27429",5370,1074,4296
"27430",5405,1081,4324
"27431",5220,1044,4176
"27432",5725,1145,4580
"27433",4965,993,3972
"27434",4740,948,3792
"27435",3355,671,2684
"27436",4080,816,3264
"27437",5040,1008,4032
"27438",4315,863,3452
"27439",4790,958,3832
"27440",5070,1014,4056
"27441",4595,919,3676
"27442",5220,1044,4176
"27443",4395,879,3516
"27444",3720,744,2976
"27445",4830,966,3864
"27446",4415,883,3532
"27447",4905,981,3924
"27448",5925,1185,4740
"27449",4635,927,3708
"27450",4410,882,3528
"27451",6135,1227,4908
"27452",3750,750,3000
"27453",5105,1021,4084
"27454",5340,1068,4272
"27455",4905,981,3924
"27456",4830,966,3864
"27457",4540,908,3632
"27458",6035,1207,4828
"27459",5040,1008,4032
"27460",3860,772,3088
"27461",4840,968,3872
"27462",6540,1308,5232
"27463",4320,864,3456
"27464",5140,1028,4112
"27465",4510,902,3608
"27466",5195,1039,4156
"27467",3815,763,3052
"27468",6715,1343,5372
"27469",4905,981,3924
"27470",4350,870,3480
"27471",5135,1027,4108
"27472",3835,767,3068
"27473",4460,892,3568
"27474",4720,944,3776
"27475",4110,822,3288
"27476",4045,809,3236
"27477",3455,691,2764
"27478",4605,921,3684
"27479",5435,1087,4348
"27480",5105,1021,4084
"27481",5625,1125,4500
"27482",4450,890,3560
"27483",4310,862,3448
"27484",3995,799,3196
"27485",4490,898,3592
"27486",8265,1653,6612
"27487",3520,704,2816
"27488",6205,1241,4964
"27489",4085,817,3268
"27490",4040,808,3232
"27491",4275,855,3420
"27492",4880,976,3904
"27493",4175,835,3340
"27494",4805,961,3844
"27495",5100,1020,4080
"27496",4435,887,3548
"27497",4810,962,3848
"27498",4350,870,3480
"27499",4855,971,3884
"27500",3985,797,3188
"27501",5355,1071,4284
"27502",4025,805,3220
"27503",6765,1353,5412
"27504",4760,952,3808
"27505",5380,1076,4304
"27506",3850,770,3080
"27507",5755,1151,4604
"27508",4130,826,3304
"27509",4200,840,3360
"27510",5265,1053,4212
"27511",4475,895,3580
"27512",4270,854,3416
"27513",4505,901,3604
"27514",4180,836,3344
"27515",3695,739,2956
"27516",6715,1343,5372
"27517",5355,1071,4284
"27518",4210,842,3368
"27519",4330,866,3464
"27520",5205,1041,4164
"27521",4380,876,3504
"27522",4840,968,3872
"27523",4195,839,3356
"27524",6005,1201,4804
"27525",3975,795,3180
"27526",5070,1014,4056
"27527",4985,997,3988
"27528",5805,1161,4644
"27529",4190,838,3352
"27530",3655,731,2924
"27531",4265,853,3412
"27532",4155,831,3324
"27533",5040,1008,4032
"27534",6650,1330,5320
"27535",4640,928,3712
"27536",4965,993,3972
"27537",5045,1009,4036
"27538",4205,841,3364
"27539",3710,742,2968
"27540",4970,994,3976
"27541",4080,816,3264
"27542",4535,907,3628
"27543",4180,836,3344
"27544",4965,993,3972
"27545",4390,878,3512
"27546",3860,772,3088
"27547",4770,954,3816
"27548",5335,1067,4268
"27549",5580,1116,4464
"27550",5095,1019,4076
"27551",4830,966,3864
"27552",3995,799,3196
"27553",4255,851,3404
"27554",5690,1138,4552
"27555",4330,866,3464
"27556",3900,780,3120
"27557",4070,814,3256
"27558",5200,1040,4160
"27559",5660,1132,4528
"27560",5820,1164,4656
"27561",5280,1056,4224
"27562",4265,853,3412
"27563",6770,1354,5416
"27564",5660,1132,4528
"27565",5015,1003,4012
"27566",4350,870,3480
"27567",5410,1082,4328
"27568",3895,779,3116
"27569",4705,941,3764
"27570",4430,886,3544
"27571",4950,990,3960
"27572",5320,1064,4256
"27573",3845,769,3076
"27574",5320,1064,4256
"27575",5285,1057,4228
"27576",4120,824,3296
"27577",7080,1416,5664
"27578",4255,851,3404
"27579",5370,1074,4296
"27580",4870,974,3896
"27581",4850,970,3880
"27582",4340,868,3472
"27583",4835,967,3868
"27584",4530,906,3624
"27585",6740,1348,5392
"27586",3730,746,2984
"27587",5455,1091,4364
"27588",5000,1000,4000
"27589",4840,968,3872
"27590",4230,846,3384
"27591",5240,1048,4192
"27592",4600,920,3680
"27593",3895,779,3116
"27594",4620,924,3696
"27595",5560,1112,4448
"27596",5200,1040,4160
"27597",3605,721,2884
"27598",5290,1058,4232
"27599",4300,860,3440
"27600",5400,1080,4320
"27601",4320,864,3456
"27602",4785,957,3828
"27603",4750,950,3800
"27604",5725,1145,4580
"27605",5690,1138,4552
"27606",4905,981,3924
"27607",4005,801,3204
"27608",4950,990,3960
"27609",4740,948,3792
"27610",3890,778,3112
"27611",6390,1278,5112
"27612",5075,1015,4060
"27613",3955,791,3164
"27614",3685,737,2948
"27615",4900,980,3920
"27616",4510,902,3608
"27617",4055,811,3244
"27618",4420,884,3536
"27619",4700,940,3760
"27620",4335,867,3468
"27621",4445,889,3556
"27622",4500,900,3600
"27623",5560,1112,4448
"27624",5260,1052,4208
"27625",3775,755,3020
"27626",6600,1320,5280
"27627",4735,947,3788
"27628",6200,1240,4960
"27629",3745,749,2996
"27630",5775,1155,4620
"27631",4780,956,3824
"27632",4085,817,3268
"27633",3720,744,2976
"27634",6315,1263,5052
"27635",5860,1172,4688
"27636",4310,862,3448
"27637",4420,884,3536
"27638",4130,826,3304
"27639",4670,934,3736
"27640",4590,918,3672
"27641",4150,830,3320
"27642",5775,1155,4620
"27643",4605,921,3684
"27644",3995,799,3196
"27645",4110,822,3288
"27646",5405,1081,4324
"27647",3805,761,3044
"27648",3820,764,3056
"27649",4555,911,3644
"27650",3655,731,2924
"27651",4810,962,3848
"27652",4960,992,3968
"27653",3615,723,2892
"27654",4385,877,3508
"27655",5245,1049,4196
"27656",4490,898,3592
"27657",3510,702,2808
"27658",4400,880,3520
"27659",5045,1009,4036
"27660",5600,1120,4480
"27661",5050,1010,4040
"27662",3690,738,2952
"27663",4385,877,3508
"27664",4440,888,3552
"27665",5680,1136,4544
"27666",6375,1275,5100
"27667",4275,855,3420
"27668",3930,786,3144
"27669",4635,927,3708
"27670",6355,1271,5084
"27671",5075,1015,4060
"27672",4570,914,3656
"27673",5620,1124,4496
"27674",4990,998,3992
"27675",7130,1426,5704
"27676",3885,777,3108
"27677",5475,1095,4380
"27678",6430,1286,5144
"27679",4485,897,3588
"27680",7190,1438,5752
"27681",4015,803,3212
"27682",5860,1172,4688
"27683",4140,828,3312
"27684",6565,1313,5252
"27685",6470,1294,5176
"27686",5255,1051,4204
"27687",3370,674,2696
"27688",4435,887,3548
"27689",4600,920,3680
"27690",9185,1837,7348
"27691",4245,849,3396
"27692",3985,797,3188
"27693",5950,1190,4760
"27694",3550,710,2840
"27695",6345,1269,5076
"27696",5210,1042,4168
"27697",5005,1001,4004
"27698",3615,723,2892
"27699",4815,963,3852
"27700",4465,893,3572
"27701",4275,855,3420
"27702",5405,1081,4324
"27703",6220,1244,4976
"27704",4625,925,3700
"27705",6550,1310,5240
"27706",5155,1031,4124
"27707",5395,1079,4316
"27708",7275,1455,5820
"27709",5670,1134,4536
"27710",3900,780,3120
"27711",3990,798,3192
"27712",3680,736,2944
"27713",4115,823,3292
"27714",7130,1426,5704
"27715",6745,1349,5396
"27716",5235,1047,4188
"27717",3815,763,3052
"27718",4035,807,3228
"27719",5675,1135,4540
"27720",3990,798,3192
"27721",4060,812,3248
"27722",4500,900,3600
"27723",4450,890,3560
"27724",3590,718,2872
"27725",4440,888,3552
"27726",3445,689,2756
"27727",5920,1184,4736
"27728",7350,1470,5880
"27729",3665,733,2932
"27730",4010,802,3208
"27731",4755,951,3804
"27732",4075,815,3260
"27733",5260,1052,4208
"27734",4080,816,3264
"27735",5395,1079,4316
"27736",3780,756,3024
"27737",5900,1180,4720
"27738",4925,985,3940
"27739",4910,982,3928
"27740",4725,945,3780
"27741",5315,1063,4252
"27742",4700,940,3760
"27743",5635,1127,4508
"27744",4005,801,3204
"27745",4090,818,3272
"27746",4250,850,3400
"27747",4590,918,3672
"27748",4480,896,3584
"27749",3760,752,3008
"27750",5550,1110,4440
"27751",5145,1029,4116
"27752",4260,852,3408
"27753",7085,1417,5668
"27754",5210,1042,4168
"27755",6135,1227,4908
"27756",3505,701,2804
"27757",5610,1122,4488
"27758",5325,1065,4260
"27759",4260,852,3408
"27760",4730,946,3784
"27761",4510,902,3608
"27762",4565,913,3652
"27763",4110,822,3288
"27764",4595,919,3676
"27765",5875,1175,4700
"27766",4005,801,3204
"27767",4650,930,3720
"27768",4590,918,3672
"27769",5125,1025,4100
"27770",4610,922,3688
"27771",5075,1015,4060
"27772",4410,882,3528
"27773",7280,1456,5824
"27774",4225,845,3380
"27775",4765,953,3812
"27776",4465,893,3572
"27777",3910,782,3128
"27778",5130,1026,4104
"27779",4935,987,3948
"27780",5505,1101,4404
"27781",8320,1664,6656
"27782",3340,668,2672
"27783",3805,761,3044
"27784",4415,883,3532
"27785",3685,737,2948
"27786",4035,807,3228
"27787",5245,1049,4196
"27788",4725,945,3780
"27789",4485,897,3588
"27790",4150,830,3320
"27791",4310,862,3448
"27792",6335,1267,5068
"27793",4125,825,3300
"27794",3900,780,3120
"27795",4735,947,3788
"27796",5955,1191,4764
"27797",4360,872,3488
"27798",4300,860,3440
"27799",4505,901,3604
"27800",3880,776,3104
"27801",6400,1280,5120
"27802",3805,761,3044
"27803",6235,1247,4988
"27804",3500,700,2800
"27805",4205,841,3364
"27806",5555,1111,4444
"27807",4370,874,3496
"27808",4500,900,3600
"27809",7125,1425,5700
"27810",4415,883,3532
"27811",4125,825,3300
"27812",3795,759,3036
"27813",7340,1468,5872
"27814",4990,998,3992
"27815",4890,978,3912
"27816",4065,813,3252
"27817",6495,1299,5196
"27818",4335,867,3468
"27819",5010,1002,4008
"27820",5635,1127,4508
"27821",4890,978,3912
"27822",8960,1792,7168
"27823",4540,908,3632
"27824",4485,897,3588
"27825",5160,1032,4128
"27826",3545,709,2836
"27827",3810,762,3048
"27828",5080,1016,4064
"27829",5860,1172,4688
"27830",5120,1024,4096
"27831",5655,1131,4524
"27832",4155,831,3324
"27833",4465,893,3572
"27834",3990,798,3192
"27835",3925,785,3140
"27836",5730,1146,4584
"27837",4090,818,3272
"27838",4540,908,3632
"27839",4645,929,3716
"27840",4170,834,3336
"27841",3950,790,3160
"27842",3900,780,3120
"27843",5400,1080,4320
"27844",3715,743,2972
"27845",4085,817,3268
"27846",5135,1027,4108
"27847",3615,723,2892
"27848",4585,917,3668
"27849",5230,1046,4184
"27850",3860,772,3088
"27851",4985,997,3988
"27852",4600,920,3680
"27853",4935,987,3948
"27854",3905,781,3124
"27855",4000,800,3200
"27856",6875,1375,5500
"27857",4530,906,3624
"27858",4250,850,3400
"27859",4525,905,3620
"27860",4280,856,3424
"27861",4325,865,3460
"27862",4585,917,3668
"27863",4115,823,3292
"27864",4880,976,3904
"27865",4990,998,3992
"27866",5695,1139,4556
"27867",4730,946,3784
"27868",4720,944,3776
"27869",5755,1151,4604
"27870",6180,1236,4944
"27871",5195,1039,4156
"27872",5425,1085,4340
"27873",5750,1150,4600
"27874",4215,843,3372
"27875",3770,754,3016
"27876",4685,937,3748
"27877",4820,964,3856
"27878",3570,714,2856
"27879",4165,833,3332
"27880",6670,1334,5336
"27881",3725,745,2980
"27882",3910,782,3128
"27883",5970,1194,4776
"27884",4205,841,3364
"27885",4635,927,3708
"27886",6415,1283,5132
"27887",4435,887,3548
"27888",4010,802,3208
"27889",4510,902,3608
"27890",4365,873,3492
"27891",3860,772,3088
"27892",4430,886,3544
"27893",5100,1020,4080
"27894",6910,1382,5528
"27895",3795,759,3036
"27896",4035,807,3228
"27897",5730,1146,4584
"27898",4825,965,3860
"27899",6210,1242,4968
"27900",6000,1200,4800
"27901",4415,883,3532
"27902",4350,870,3480
"27903",4395,879,3516
"27904",4260,852,3408
"27905",3630,726,2904
"27906",3910,782,3128
"27907",4960,992,3968
"27908",4895,979,3916
"27909",4475,895,3580
"27910",5610,1122,4488
"27911",3490,698,2792
"27912",3605,721,2884
"27913",6540,1308,5232
"27914",3710,742,2968
"27915",4245,849,3396
"27916",4095,819,3276
"27917",5220,1044,4176
"27918",6110,1222,4888
"27919",4485,897,3588
"27920",4740,948,3792
"27921",4125,825,3300
"27922",4080,816,3264
"27923",5215,1043,4172
"27924",5665,1133,4532
"27925",4270,854,3416
"27926",5145,1029,4116
"27927",4725,945,3780
"27928",4720,944,3776
"27929",5625,1125,4500
"27930",3580,716,2864
"27931",3650,730,2920
"27932",3695,739,2956
"27933",3745,749,2996
"27934",4070,814,3256
"27935",4235,847,3388
"27936",4270,854,3416
"27937",3590,718,2872
"27938",4690,938,3752
"27939",3955,791,3164
"27940",5160,1032,4128
"27941",4155,831,3324
"27942",4935,987,3948
"27943",3750,750,3000
"27944",6370,1274,5096
"27945",3825,765,3060
"27946",4565,913,3652
"27947",5310,1062,4248
"27948",4265,853,3412
"27949",4610,922,3688
"27950",4345,869,3476
"27951",4565,913,3652
"27952",5940,1188,4752
"27953",3765,753,3012
"27954",5430,1086,4344
"27955",4095,819,3276
"27956",3900,780,3120
"27957",3740,748,2992
"27958",5540,1108,4432
"27959",3470,694,2776
"27960",4705,941,3764
"27961",4715,943,3772
"27962",3340,668,2672
"27963",4535,907,3628
"27964",4365,873,3492
"27965",4385,877,3508
"27966",6270,1254,5016
"27967",3965,793,3172
"27968",3870,774,3096
"27969",3475,695,2780
"27970",3755,751,3004
"27971",4175,835,3340
"27972",4175,835,3340
"27973",3655,731,2924
"27974",3500,700,2800
"27975",3280,656,2624
"27976",3545,709,2836
"27977",5140,1028,4112
"27978",6165,1233,4932
"27979",3830,766,3064
"27980",4575,915,3660
"27981",4600,920,3680
"27982",4555,911,3644
"27983",4055,811,3244
"27984",6865,1373,5492
"27985",3805,761,3044
"27986",3600,720,2880
"27987",5290,1058,4232
"27988",3760,752,3008
"27989",4075,815,3260
"27990",4065,813,3252
"27991",3535,707,2828
"27992",4265,853,3412
"27993",4055,811,3244
"27994",4280,856,3424
"27995",3855,771,3084
"27996",4145,829,3316
"27997",4230,846,3384
"27998",5195,1039,4156
"27999",4910,982,3928
"28000",5040,1008,4032
"28001",4690,938,3752
"28002",3385,677,2708
"28003",4475,895,3580
"28004",4200,840,3360
"28005",4180,836,3344
"28006",4170,834,3336
"28007",5920,1184,4736
"28008",5960,1192,4768
"28009",4590,918,3672
"28010",4705,941,3764
"28011",3890,778,3112
"28012",5915,1183,4732
"28013",4080,816,3264
"28014",4025,805,3220
"28015",4755,951,3804
"28016",4650,930,3720
"28017",5230,1046,4184
"28018",4565,913,3652
"28019",5430,1086,4344
"28020",5285,1057,4228
"28021",3775,755,3020
"28022",3965,793,3172
"28023",4710,942,3768
"28024",5100,1020,4080
"28025",6500,1300,5200
"28026",4535,907,3628
"28027",4265,853,3412
"28028",4740,948,3792
"28029",4330,866,3464
"28030",4460,892,3568
"28031",4695,939,3756
"28032",3340,668,2672
"28033",3900,780,3120
"28034",4340,868,3472
"28035",3570,714,2856
"28036",6440,1288,5152
"28037",4055,811,3244
"28038",5135,1027,4108
"28039",6925,1385,5540
"28040",4960,992,3968
"28041",6830,1366,5464
"28042",4755,951,3804
"28043",3980,796,3184
"28044",3580,716,2864
"28045",5225,1045,4180
"28046",5330,1066,4264
"28047",4580,916,3664
"28048",6675,1335,5340
"28049",5540,1108,4432
"28050",3675,735,2940
"28051",4405,881,3524
"28052",5980,1196,4784
"28053",3645,729,2916
"28054",4450,890,3560
"28055",7675,1535,6140
"28056",4430,886,3544
"28057",4295,859,3436
"28058",3755,751,3004
"28059",5760,1152,4608
"28060",4365,873,3492
"28061",4145,829,3316
"28062",4735,947,3788
"28063",5660,1132,4528
"28064",4835,967,3868
"28065",5560,1112,4448
"28066",4350,870,3480
"28067",5070,1014,4056
"28068",4040,808,3232
"28069",4815,963,3852
"28070",4840,968,3872
"28071",4325,865,3460
"28072",5245,1049,4196
"28073",5625,1125,4500
"28074",4045,809,3236
"28075",3985,797,3188
"28076",5705,1141,4564
"28077",4900,980,3920
"28078",3550,710,2840
"28079",5315,1063,4252
"28080",3630,726,2904
"28081",4405,881,3524
"28082",4330,866,3464
"28083",5565,1113,4452
"28084",5235,1047,4188
"28085",4365,873,3492
"28086",4855,971,3884
"28087",5205,1041,4164
"28088",4420,884,3536
"28089",5075,1015,4060
"28090",4530,906,3624
"28091",6230,1246,4984
"28092",6420,1284,5136
"28093",4685,937,3748
"28094",4670,934,3736
"28095",3695,739,2956
"28096",4820,964,3856
"28097",4090,818,3272
"28098",6960,1392,5568
"28099",5620,1124,4496
"28100",4470,894,3576
"28101",5100,1020,4080
"28102",4605,921,3684
"28103",5570,1114,4456
"28104",4050,810,3240
"28105",7405,1481,5924
"28106",5540,1108,4432
"28107",4280,856,3424
"28108",5585,1117,4468
"28109",4405,881,3524
"28110",5210,1042,4168
"28111",3310,662,2648
"28112",3610,722,2888
"28113",4095,819,3276
"28114",4525,905,3620
"28115",4780,956,3824
"28116",4850,970,3880
"28117",4130,826,3304
"28118",4445,889,3556
"28119",5045,1009,4036
"28120",4360,872,3488
"28121",4405,881,3524
"28122",4505,901,3604
"28123",4005,801,3204
"28124",4755,951,3804
"28125",3915,783,3132
"28126",3735,747,2988
"28127",3260,652,2608
"28128",5215,1043,4172
"28129",5005,1001,4004
"28130",4050,810,3240
"28131",5015,1003,4012
"28132",4860,972,3888
"28133",5235,1047,4188
"28134",5235,1047,4188
"28135",5625,1125,4500
"28136",4995,999,3996
"28137",3300,660,2640
"28138",3950,790,3160
"28139",5180,1036,4144
"28140",3625,725,2900
"28141",4240,848,3392
"28142",4495,899,3596
"28143",4860,972,3888
"28144",6920,1384,5536
"28145",4480,896,3584
"28146",3435,687,2748
"28147",4575,915,3660
"28148",4260,852,3408
"28149",4400,880,3520
"28150",5640,1128,4512
"28151",4030,806,3224
"28152",4300,860,3440
"28153",4755,951,3804
"28154",5295,1059,4236
"28155",4795,959,3836
"28156",7160,1432,5728
"28157",4695,939,3756
"28158",5030,1006,4024
"28159",5535,1107,4428
"28160",3490,698,2792
"28161",3535,707,2828
"28162",5345,1069,4276
"28163",4915,983,3932
"28164",4695,939,3756
"28165",5005,1001,4004
"28166",4505,901,3604
"28167",4055,811,3244
"28168",4835,967,3868
"28169",4610,922,3688
"28170",4480,896,3584
"28171",4660,932,3728
"28172",4445,889,3556
"28173",4810,962,3848
"28174",7020,1404,5616
"28175",5270,1054,4216
"28176",4720,944,3776
"28177",4110,822,3288
"28178",4455,891,3564
"28179",3910,782,3128
"28180",4545,909,3636
"28181",4600,920,3680
"28182",5775,1155,4620
"28183",5170,1034,4136
"28184",5045,1009,4036
"28185",4225,845,3380
"28186",3520,704,2816
"28187",5575,1115,4460
"28188",6020,1204,4816
"28189",4500,900,3600
"28190",4925,985,3940
"28191",3790,758,3032
"28192",5490,1098,4392
"28193",4895,979,3916
"28194",4695,939,3756
"28195",5745,1149,4596
"28196",5180,1036,4144
"28197",3965,793,3172
"28198",6555,1311,5244
"28199",5670,1134,4536
"28200",4180,836,3344
"28201",5240,1048,4192
"28202",5375,1075,4300
"28203",4870,974,3896
"28204",3580,716,2864
"28205",6365,1273,5092
"28206",6330,1266,5064
"28207",4370,874,3496
"28208",4500,900,3600
"28209",4655,931,3724
"28210",4390,878,3512
"28211",4065,813,3252
"28212",3645,729,2916
"28213",5290,1058,4232
"28214",4545,909,3636
"28215",4705,941,3764
"28216",4410,882,3528
"28217",4915,983,3932
"28218",4585,917,3668
"28219",4940,988,3952
"28220",4285,857,3428
"28221",5885,1177,4708
"28222",3555,711,2844
"28223",5250,1050,4200
"28224",4700,940,3760
"28225",5195,1039,4156
"28226",4785,957,3828
"28227",4745,949,3796
"28228",3915,783,3132
"28229",3705,741,2964
"28230",4670,934,3736
"28231",5600,1120,4480
"28232",3875,775,3100
"28233",4890,978,3912
"28234",6425,1285,5140
"28235",6810,1362,5448
"28236",4105,821,3284
"28237",5210,1042,4168
"28238",5045,1009,4036
"28239",3310,662,2648
"28240",4475,895,3580
"28241",5425,1085,4340
"28242",3720,744,2976
"28243",3790,758,3032
"28244",4900,980,3920
"28245",3570,714,2856
"28246",4050,810,3240
"28247",5055,1011,4044
"28248",5560,1112,4448
"28249",4765,953,3812
"28250",5990,1198,4792
"28251",3815,763,3052
"28252",4410,882,3528
"28253",4715,943,3772
"28254",6590,1318,5272
"28255",3400,680,2720
"28256",4940,988,3952
"28257",5655,1131,4524
"28258",4715,943,3772
"28259",5190,1038,4152
"28260",4040,808,3232
"28261",4215,843,3372
"28262",3645,729,2916
"28263",3415,683,2732
"28264",4030,806,3224
"28265",3850,770,3080
"28266",3720,744,2976
"28267",5095,1019,4076
"28268",3650,730,2920
"28269",4825,965,3860
"28270",3985,797,3188
"28271",4095,819,3276
"28272",3945,789,3156
"28273",4835,967,3868
"28274",3630,726,2904
"28275",4965,993,3972
"28276",4720,944,3776
"28277",5210,1042,4168
"28278",6495,1299,5196
"28279",5865,1173,4692
"28280",4035,807,3228
"28281",6135,1227,4908
"28282",4270,854,3416
"28283",3575,715,2860
"28284",3900,780,3120
"28285",5400,1080,4320
"28286",3705,741,2964
"28287",4060,812,3248
"28288",4550,910,3640
"28289",4270,854,3416
"28290",5695,1139,4556
"28291",3225,645,2580
"28292",3585,717,2868
"28293",3555,711,2844
"28294",4415,883,3532
"28295",4020,804,3216
"28296",4470,894,3576
"28297",4850,970,3880
"28298",4055,811,3244
"28299",4780,956,3824
"28300",5045,1009,4036
"28301",3400,680,2720
"28302",4465,893,3572
"28303",4525,905,3620
"28304",5270,1054,4216
"28305",4835,967,3868
"28306",6190,1238,4952
"28307",3730,746,2984
"28308",4050,810,3240
"28309",5495,1099,4396
"28310",4325,865,3460
"28311",4050,810,3240
"28312",3995,799,3196
"28313",3455,691,2764
"28314",4800,960,3840
"28315",3695,739,2956
"28316",4010,802,3208
"28317",4065,813,3252
"28318",4360,872,3488
"28319",4585,917,3668
"28320",3605,721,2884
"28321",6555,1311,5244
"28322",4940,988,3952
"28323",5435,1087,4348
"28324",5385,1077,4308
"28325",4255,851,3404
"28326",4620,924,3696
"28327",4555,911,3644
"28328",5260,1052,4208
"28329",5755,1151,4604
"28330",4705,941,3764
"28331",4920,984,3936
"28332",3620,724,2896
"28333",4715,943,3772
"28334",4325,865,3460
"28335",4965,993,3972
"28336",4175,835,3340
"28337",3690,738,2952
"28338",3790,758,3032
"28339",3870,774,3096
"28340",4245,849,3396
"28341",4235,847,3388
"28342",3975,795,3180
"28343",5105,1021,4084
"28344",5195,1039,4156
"28345",5505,1101,4404
"28346",4525,905,3620
"28347",3825,765,3060
"28348",3665,733,2932
"28349",4955,991,3964
"28350",3955,791,3164
"28351",5325,1065,4260
"28352",3675,735,2940
"28353",5465,1093,4372
"28354",6640,1328,5312
"28355",3595,719,2876
"28356",5145,1029,4116
"28357",4525,905,3620
"28358",4870,974,3896
"28359",3655,731,2924
"28360",3235,647,2588
"28361",3680,736,2944
"28362",5935,1187,4748
"28363",5290,1058,4232
"28364",4230,846,3384
"28365",5010,1002,4008
"28366",4465,893,3572
"28367",4770,954,3816
"28368",4155,831,3324
"28369",5285,1057,4228
"28370",3360,672,2688
"28371",4355,871,3484
"28372",5205,1041,4164
"28373",4240,848,3392
"28374",4125,825,3300
"28375",3400,680,2720
"28376",4170,834,3336
"28377",4695,939,3756
"28378",4270,854,3416
"28379",3810,762,3048
"28380",4620,924,3696
"28381",4765,953,3812
"28382",4650,930,3720
"28383",4295,859,3436
"28384",4110,822,3288
"28385",6640,1328,5312
"28386",4950,990,3960
"28387",4820,964,3856
"28388",4700,940,3760
"28389",5405,1081,4324
"28390",4165,833,3332
"28391",5885,1177,4708
"28392",4415,883,3532
"28393",4670,934,3736
"28394",4170,834,3336
"28395",4955,991,3964
"28396",4785,957,3828
"28397",4195,839,3356
"28398",4255,851,3404
"28399",5110,1022,4088
"28400",3565,713,2852
"28401",4320,864,3456
"28402",4425,885,3540
"28403",4575,915,3660
"28404",5245,1049,4196
"28405",4695,939,3756
"28406",4310,862,3448
"28407",4915,983,3932
"28408",6075,1215,4860
"28409",5210,1042,4168
"28410",6395,1279,5116
"28411",3890,778,3112
"28412",3815,763,3052
"28413",3820,764,3056
"28414",4210,842,3368
"28415",5335,1067,4268
"28416",4500,900,3600
"28417",4575,915,3660
"28418",4180,836,3344
"28419",4540,908,3632
"28420",4910,982,3928
"28421",4500,900,3600
"28422",5985,1197,4788
"28423",4845,969,3876
"28424",4165,833,3332
"28425",4530,906,3624
"28426",5020,1004,4016
"28427",4030,806,3224
"28428",4920,984,3936
"28429",4300,860,3440
"28430",5040,1008,4032
"28431",3525,705,2820
"28432",3860,772,3088
"28433",4690,938,3752
"28434",6770,1354,5416
"28435",4105,821,3284
"28436",4885,977,3908
"28437",4080,816,3264
"28438",4445,889,3556
"28439",5150,1030,4120
"28440",3845,769,3076
"28441",5435,1087,4348
"28442",4605,921,3684
"28443",4220,844,3376
"28444",4305,861,3444
"28445",5000,1000,4000
"28446",3945,789,3156
"28447",4535,907,3628
"28448",7065,1413,5652
"28449",4040,808,3232
"28450",4685,937,3748
"28451",6455,1291,5164
"28452",4080,816,3264
"28453",3755,751,3004
"28454",4205,841,3364
"28455",3500,700,2800
"28456",6270,1254,5016
"28457",4200,840,3360
"28458",4500,900,3600
"28459",4195,839,3356
"28460",3955,791,3164
"28461",3945,789,3156
"28462",5715,1143,4572
"28463",6605,1321,5284
"28464",3915,783,3132
"28465",5065,1013,4052
"28466",6635,1327,5308
"28467",4540,908,3632
"28468",4425,885,3540
"28469",3860,772,3088
"28470",5765,1153,4612
"28471",4030,806,3224
"28472",4755,951,3804
"28473",5150,1030,4120
"28474",5300,1060,4240
"28475",4350,870,3480
"28476",4895,979,3916
"28477",4890,978,3912
"28478",3615,723,2892
"28479",3660,732,2928
"28480",5225,1045,4180
"28481",5470,1094,4376
"28482",3635,727,2908
"28483",4325,865,3460
"28484",4020,804,3216
"28485",4405,881,3524
"28486",4315,863,3452
"28487",6670,1334,5336
"28488",5200,1040,4160
"28489",4025,805,3220
"28490",5105,1021,4084
"28491",4705,941,3764
"28492",3925,785,3140
"28493",4515,903,3612
"28494",3765,753,3012
"28495",3600,720,2880
"28496",5350,1070,4280
"28497",5505,1101,4404
"28498",4110,822,3288
"28499",4640,928,3712
"28500",3855,771,3084
"28501",4955,991,3964
"28502",3890,778,3112
"28503",4290,858,3432
"28504",4450,890,3560
"28505",7510,1502,6008
"28506",3715,743,2972
"28507",4395,879,3516
"28508",5805,1161,4644
"28509",3585,717,2868
"28510",4900,980,3920
"28511",4735,947,3788
"28512",5080,1016,4064
"28513",5345,1069,4276
"28514",3960,792,3168
"28515",3935,787,3148
"28516",4270,854,3416
"28517",5165,1033,4132
"28518",7465,1493,5972
"28519",4235,847,3388
"28520",4370,874,3496
"28521",4110,822,3288
"28522",4700,940,3760
"28523",5140,1028,4112
"28524",5115,1023,4092
"28525",5315,1063,4252
"28526",4420,884,3536
"28527",5925,1185,4740
"28528",4020,804,3216
"28529",4960,992,3968
"28530",4050,810,3240
"28531",5220,1044,4176
"28532",3930,786,3144
"28533",4140,828,3312
"28534",4990,998,3992
"28535",5575,1115,4460
"28536",6010,1202,4808
"28537",4535,907,3628
"28538",4080,816,3264
"28539",6455,1291,5164
"28540",4725,945,3780
"28541",4890,978,3912
"28542",4415,883,3532
"28543",4285,857,3428
"28544",4310,862,3448
"28545",6520,1304,5216
"28546",6500,1300,5200
"28547",4685,937,3748
"28548",4820,964,3856
"28549",4475,895,3580
"28550",6065,1213,4852
"28551",5115,1023,4092
"28552",3895,779,3116
"28553",5455,1091,4364
"28554",5490,1098,4392
"28555",6215,1243,4972
"28556",4915,983,3932
"28557",4420,884,3536
"28558",5425,1085,4340
"28559",4610,922,3688
"28560",5440,1088,4352
"28561",4805,961,3844
"28562",4365,873,3492
"28563",4045,809,3236
"28564",3690,738,2952
"28565",4110,822,3288
"28566",4850,970,3880
"28567",5170,1034,4136
"28568",4270,854,3416
"28569",3950,790,3160
"28570",4885,977,3908
"28571",4600,920,3680
"28572",5115,1023,4092
"28573",4885,977,3908
"28574",4370,874,3496
"28575",7510,1502,6008
"28576",4985,997,3988
"28577",4845,969,3876
"28578",5610,1122,4488
"28579",4710,942,3768
"28580",4815,963,3852
"28581",4070,814,3256
"28582",4630,926,3704
"28583",4470,894,3576
"28584",6125,1225,4900
"28585",3515,703,2812
"28586",3855,771,3084
"28587",3875,775,3100
"28588",4315,863,3452
"28589",5000,1000,4000
"28590",4740,948,3792
"28591",5290,1058,4232
"28592",3585,717,2868
"28593",3770,754,3016
"28594",3695,739,2956
"28595",3865,773,3092
"28596",4275,855,3420
"28597",4460,892,3568
"28598",3545,709,2836
"28599",3710,742,2968
"28600",4370,874,3496
"28601",3585,717,2868
"28602",3895,779,3116
"28603",4160,832,3328
"28604",3945,789,3156
"28605",3835,767,3068
"28606",4100,820,3280
"28607",6075,1215,4860
"28608",4350,870,3480
"28609",3640,728,2912
"28610",5060,1012,4048
"28611",4950,990,3960
"28612",3955,791,3164
"28613",4860,972,3888
"28614",5125,1025,4100
"28615",4365,873,3492
"28616",5395,1079,4316
"28617",5010,1002,4008
"28618",4890,978,3912
"28619",6040,1208,4832
"28620",5550,1110,4440
"28621",4820,964,3856
"28622",3545,709,2836
"28623",3980,796,3184
"28624",5015,1003,4012
"28625",8235,1647,6588
"28626",4490,898,3592
"28627",4255,851,3404
"28628",4705,941,3764
"28629",4420,884,3536
"28630",5385,1077,4308
"28631",5055,1011,4044
"28632",3985,797,3188
"28633",6110,1222,4888
"28634",4500,900,3600
"28635",5640,1128,4512
"28636",4200,840,3360
"28637",3715,743,2972
"28638",4340,868,3472
"28639",6095,1219,4876
"28640",4270,854,3416
"28641",3430,686,2744
"28642",4735,947,3788
"28643",4015,803,3212
"28644",4420,884,3536
"28645",4435,887,3548
"28646",4190,838,3352
"28647",4185,837,3348
"28648",4045,809,3236
"28649",4995,999,3996
"28650",4525,905,3620
"28651",4520,904,3616
"28652",3330,666,2664
"28653",3745,749,2996
"28654",4950,990,3960
"28655",4195,839,3356
"28656",4950,990,3960
"28657",6250,1250,5000
"28658",4240,848,3392
"28659",5685,1137,4548
"28660",4680,936,3744
"28661",3700,740,2960
"28662",5200,1040,4160
"28663",4660,932,3728
"28664",4980,996,3984
"28665",4025,805,3220
"28666",5060,1012,4048
"28667",4280,856,3424
"28668",4285,857,3428
"28669",4510,902,3608
"28670",4285,857,3428
"28671",4885,977,3908
"28672",4140,828,3312
"28673",5655,1131,4524
"28674",3515,703,2812
"28675",4715,943,3772
"28676",5115,1023,4092
"28677",4645,929,3716
"28678",3740,748,2992
"28679",4560,912,3648
"28680",6980,1396,5584
"28681",4490,898,3592
"28682",4525,905,3620
"28683",4450,890,3560
"28684",7020,1404,5616
"28685",4405,881,3524
"28686",4800,960,3840
"28687",5340,1068,4272
"28688",4370,874,3496
"28689",4065,813,3252
"28690",4365,873,3492
"28691",4790,958,3832
"28692",4570,914,3656
"28693",4005,801,3204
"28694",4705,941,3764
"28695",5350,1070,4280
"28696",4400,880,3520
"28697",4890,978,3912
"28698",5555,1111,4444
"28699",3400,680,2720
"28700",4220,844,3376
"28701",4695,939,3756
"28702",4535,907,3628
"28703",5655,1131,4524
"28704",4400,880,3520
"28705",4330,866,3464
"28706",4655,931,3724
"28707",4660,932,3728
"28708",3715,743,2972
"28709",3765,753,3012
"28710",5285,1057,4228
"28711",4615,923,3692
"28712",4165,833,3332
"28713",4180,836,3344
"28714",4455,891,3564
"28715",5470,1094,4376
"28716",5280,1056,4224
"28717",4545,909,3636
"28718",4730,946,3784
"28719",4340,868,3472
"28720",4860,972,3888
"28721",4085,817,3268
"28722",4520,904,3616
"28723",4275,855,3420
"28724",4525,905,3620
"28725",4670,934,3736
"28726",3925,785,3140
"28727",4120,824,3296
"28728",4855,971,3884
"28729",5935,1187,4748
"28730",6440,1288,5152
"28731",4430,886,3544
"28732",3805,761,3044
"28733",3995,799,3196
"28734",4075,815,3260
"28735",3910,782,3128
"28736",4365,873,3492
"28737",6125,1225,4900
"28738",7140,1428,5712
"28739",4310,862,3448
"28740",5220,1044,4176
"28741",4555,911,3644
"28742",4165,833,3332
"28743",5545,1109,4436
"28744",4055,811,3244
"28745",4515,903,3612
"28746",6675,1335,5340
"28747",4470,894,3576
"28748",4560,912,3648
"28749",6965,1393,5572
"28750",5270,1054,4216
"28751",3690,738,2952
"28752",4380,876,3504
"28753",4405,881,3524
"28754",4150,830,3320
"28755",5530,1106,4424
"28756",4725,945,3780
"28757",4135,827,3308
"28758",4600,920,3680
"28759",3880,776,3104
"28760",4215,843,3372
"28761",4245,849,3396
"28762",5295,1059,4236
"28763",3370,674,2696
"28764",5365,1073,4292
"28765",3975,795,3180
"28766",3825,765,3060
"28767",4630,926,3704
"28768",5855,1171,4684
"28769",3965,793,3172
"28770",3960,792,3168
"28771",4425,885,3540
"28772",4430,886,3544
"28773",6815,1363,5452
"28774",4725,945,3780
"28775",4300,860,3440
"28776",3990,798,3192
"28777",7430,1486,5944
"28778",4030,806,3224
"28779",4390,878,3512
"28780",4085,817,3268
"28781",4705,941,3764
"28782",5270,1054,4216
"28783",4145,829,3316
"28784",4770,954,3816
"28785",4195,839,3356
"28786",6035,1207,4828
"28787",5390,1078,4312
"28788",4950,990,3960
"28789",4855,971,3884
"28790",6310,1262,5048
"28791",4365,873,3492
"28792",4475,895,3580
"28793",4265,853,3412
"28794",5000,1000,4000
"28795",4765,953,3812
"28796",3915,783,3132
"28797",4790,958,3832
"28798",6075,1215,4860
"28799",4000,800,3200
"28800",4330,866,3464
"28801",4500,900,3600
"28802",3875,775,3100
"28803",3820,764,3056
"28804",4890,978,3912
"28805",4700,940,3760
"28806",3305,661,2644
"28807",5175,1035,4140
"28808",4530,906,3624
"28809",3735,747,2988
"28810",5535,1107,4428
"28811",4385,877,3508
"28812",5515,1103,4412
"28813",5030,1006,4024
"28814",4925,985,3940
"28815",3810,762,3048
"28816",4785,957,3828
"28817",4015,803,3212
"28818",4145,829,3316
"28819",4420,884,3536
"28820",4070,814,3256
"28821",4805,961,3844
"28822",4535,907,3628
"28823",4465,893,3572
"28824",4290,858,3432
"28825",4030,806,3224
"28826",3970,794,3176
"28827",4645,929,3716
"28828",5465,1093,4372
"28829",6715,1343,5372
"28830",6260,1252,5008
"28831",4975,995,3980
"28832",4605,921,3684
"28833",4530,906,3624
"28834",4110,822,3288
"28835",4255,851,3404
"28836",3725,745,2980
"28837",6140,1228,4912
"28838",4630,926,3704
"28839",4670,934,3736
"28840",4225,845,3380
"28841",4075,815,3260
"28842",5100,1020,4080
"28843",5235,1047,4188
"28844",5045,1009,4036
"28845",4145,829,3316
"28846",6135,1227,4908
"28847",3925,785,3140
"28848",5050,1010,4040
"28849",6385,1277,5108
"28850",4520,904,3616
"28851",4645,929,3716
"28852",4120,824,3296
"28853",4020,804,3216
"28854",4075,815,3260
"28855",4005,801,3204
"28856",4395,879,3516
"28857",7265,1453,5812
"28858",5470,1094,4376
"28859",4715,943,3772
"28860",5840,1168,4672
"28861",4220,844,3376
"28862",3970,794,3176
"28863",4220,844,3376
"28864",4730,946,3784
"28865",4355,871,3484
"28866",5210,1042,4168
"28867",3400,680,2720
"28868",3160,632,2528
"28869",6215,1243,4972
"28870",5815,1163,4652
"28871",3310,662,2648
"28872",6270,1254,5016
"28873",4050,810,3240
"28874",5230,1046,4184
"28875",4695,939,3756
"28876",4400,880,3520
"28877",4415,883,3532
"28878",3365,673,2692
"28879",4880,976,3904
"28880",5520,1104,4416
"28881",5145,1029,4116
"28882",4990,998,3992
"28883",3880,776,3104
"28884",5040,1008,4032
"28885",5890,1178,4712
"28886",3390,678,2712
"28887",5240,1048,4192
"28888",3995,799,3196
"28889",4045,809,3236
"28890",4310,862,3448
"28891",5280,1056,4224
"28892",4210,842,3368
"28893",4920,984,3936
"28894",7200,1440,5760
"28895",4170,834,3336
"28896",5115,1023,4092
"28897",7855,1571,6284
"28898",3750,750,3000
"28899",6260,1252,5008
"28900",6410,1282,5128
"28901",5045,1009,4036
"28902",4915,983,3932
"28903",5035,1007,4028
"28904",5555,1111,4444
"28905",5335,1067,4268
"28906",4345,869,3476
"28907",3960,792,3168
"28908",4620,924,3696
"28909",4700,940,3760
"28910",3460,692,2768
"28911",4615,923,3692
"28912",4255,851,3404
"28913",5515,1103,4412
"28914",4440,888,3552
"28915",4150,830,3320
"28916",5205,1041,4164
"28917",4320,864,3456
"28918",3975,795,3180
"28919",3905,781,3124
"28920",3740,748,2992
"28921",4795,959,3836
"28922",5115,1023,4092
"28923",3940,788,3152
"28924",4420,884,3536
"28925",3975,795,3180
"28926",5570,1114,4456
"28927",8245,1649,6596
"28928",3835,767,3068
"28929",3930,786,3144
"28930",5640,1128,4512
"28931",5430,1086,4344
"28932",5665,1133,4532
"28933",4150,830,3320
"28934",5340,1068,4272
"28935",3835,767,3068
"28936",4535,907,3628
"28937",4975,995,3980
"28938",4075,815,3260
"28939",3785,757,3028
"28940",4010,802,3208
"28941",4690,938,3752
"28942",3715,743,2972
"28943",4735,947,3788
"28944",4565,913,3652
"28945",5195,1039,4156
"28946",3735,747,2988
"28947",3270,654,2616
"28948",5135,1027,4108
"28949",6125,1225,4900
"28950",4765,953,3812
"28951",4025,805,3220
"28952",4695,939,3756
"28953",4155,831,3324
"28954",4395,879,3516
"28955",4405,881,3524
"28956",4030,806,3224
"28957",4805,961,3844
"28958",3730,746,2984
"28959",4430,886,3544
"28960",4335,867,3468
"28961",4805,961,3844
"28962",3325,665,2660
"28963",4785,957,3828
"28964",4845,969,3876
"28965",4590,918,3672
"28966",3770,754,3016
"28967",5435,1087,4348
"28968",5125,1025,4100
"28969",4545,909,3636
"28970",4145,829,3316
"28971",6885,1377,5508
"28972",3805,761,3044
"28973",4055,811,3244
"28974",3830,766,3064
"28975",4915,983,3932
"28976",3755,751,3004
"28977",4935,987,3948
"28978",5810,1162,4648
"28979",4340,868,3472
"28980",4265,853,3412
"28981",3815,763,3052
"28982",4155,831,3324
"28983",6300,1260,5040
"28984",5975,1195,4780
"28985",4875,975,3900
"28986",3805,761,3044
"28987",3375,675,2700
"28988",4005,801,3204
"28989",5250,1050,4200
"28990",4200,840,3360
"28991",3560,712,2848
"28992",4655,931,3724
"28993",4035,807,3228
"28994",4235,847,3388
"28995",5045,1009,4036
"28996",5935,1187,4748
"28997",5060,1012,4048
"28998",3840,768,3072
"28999",3670,734,2936
"29000",4145,829,3316
"29001",4645,929,3716
"29002",5490,1098,4392
"29003",3240,648,2592
"29004",4000,800,3200
"29005",6410,1282,5128
"29006",3335,667,2668
"29007",4225,845,3380
"29008",7225,1445,5780
"29009",4445,889,3556
"29010",4230,846,3384
"29011",4320,864,3456
"29012",4845,969,3876
"29013",4095,819,3276
"29014",4715,943,3772
"29015",6590,1318,5272
"29016",4175,835,3340
"29017",4200,840,3360
"29018",5065,1013,4052
"29019",6155,1231,4924
"29020",4945,989,3956
"29021",4680,936,3744
"29022",5720,1144,4576
"29023",4295,859,3436
"29024",4260,852,3408
"29025",4495,899,3596
"29026",3390,678,2712
"29027",6720,1344,5376
"29028",4620,924,3696
"29029",5275,1055,4220
"29030",4385,877,3508
"29031",3580,716,2864
"29032",4645,929,3716
"29033",3865,773,3092
"29034",4000,800,3200
"29035",4015,803,3212
"29036",4785,957,3828
"29037",4585,917,3668
"29038",5210,1042,4168
"29039",3785,757,3028
"29040",4645,929,3716
"29041",5690,1138,4552
"29042",6925,1385,5540
"29043",4485,897,3588
"29044",6505,1301,5204
"29045",5170,1034,4136
"29046",3855,771,3084
"29047",4500,900,3600
"29048",4650,930,3720
"29049",3540,708,2832
"29050",4635,927,3708
"29051",3565,713,2852
"29052",4835,967,3868
"29053",4260,852,3408
"29054",3200,640,2560
"29055",4235,847,3388
"29056",6085,1217,4868
"29057",4095,819,3276
"29058",3900,780,3120
"29059",3900,780,3120
"29060",5505,1101,4404
"29061",4400,880,3520
"29062",4045,809,3236
"29063",4860,972,3888
"29064",5385,1077,4308
"29065",3525,705,2820
"29066",3605,721,2884
"29067",5635,1127,4508
"29068",4500,900,3600
"29069",4625,925,3700
"29070",5645,1129,4516
"29071",4615,923,3692
"29072",3620,724,2896
"29073",3860,772,3088
"29074",4235,847,3388
"29075",4040,808,3232
"29076",6725,1345,5380
"29077",4935,987,3948
"29078",4810,962,3848
"29079",5210,1042,4168
"29080",5985,1197,4788
"29081",5125,1025,4100
"29082",5560,1112,4448
"29083",4995,999,3996
"29084",4845,969,3876
"29085",4245,849,3396
"29086",3380,676,2704
"29087",4175,835,3340
"29088",4980,996,3984
"29089",6200,1240,4960
"29090",6425,1285,5140
"29091",4620,924,3696
"29092",4450,890,3560
"29093",5585,1117,4468
"29094",4930,986,3944
"29095",5460,1092,4368
"29096",5160,1032,4128
"29097",4765,953,3812
"29098",3725,745,2980
"29099",4315,863,3452
"29100",3830,766,3064
"29101",4845,969,3876
"29102",4910,982,3928
"29103",5375,1075,4300
"29104",4325,865,3460
"29105",4870,974,3896
"29106",5800,1160,4640
"29107",4410,882,3528
"29108",4965,993,3972
"29109",3920,784,3136
"29110",4720,944,3776
"29111",4355,871,3484
"29112",4220,844,3376
"29113",5105,1021,4084
"29114",4635,927,3708
"29115",4830,966,3864
"29116",4550,910,3640
"29117",4480,896,3584
"29118",6290,1258,5032
"29119",4125,825,3300
"29120",5030,1006,4024
"29121",3495,699,2796
"29122",3880,776,3104
"29123",4600,920,3680
"29124",4720,944,3776
"29125",4565,913,3652
"29126",6520,1304,5216
"29127",5280,1056,4224
"29128",6430,1286,5144
"29129",4355,871,3484
"29130",5140,1028,4112
"29131",7080,1416,5664
"29132",3850,770,3080
"29133",4635,927,3708
"29134",5165,1033,4132
"29135",4190,838,3352
"29136",3975,795,3180
"29137",5150,1030,4120
"29138",4225,845,3380
"29139",5845,1169,4676
"29140",4175,835,3340
"29141",4685,937,3748
"29142",4100,820,3280
"29143",5830,1166,4664
"29144",4785,957,3828
"29145",4255,851,3404
"29146",3435,687,2748
"29147",8260,1652,6608
"29148",3785,757,3028
"29149",4780,956,3824
"29150",7670,1534,6136
"29151",3895,779,3116
"29152",5800,1160,4640
"29153",5585,1117,4468
"29154",4405,881,3524
"29155",4435,887,3548
"29156",5160,1032,4128
"29157",5715,1143,4572
"29158",4435,887,3548
"29159",3495,699,2796
"29160",4475,895,3580
"29161",5385,1077,4308
"29162",4955,991,3964
"29163",3970,794,3176
"29164",4360,872,3488
"29165",4690,938,3752
"29166",4640,928,3712
"29167",4455,891,3564
"29168",3740,748,2992
"29169",4175,835,3340
"29170",5365,1073,4292
"29171",4505,901,3604
"29172",5505,1101,4404
"29173",4420,884,3536
"29174",5800,1160,4640
"29175",3865,773,3092
"29176",3760,752,3008
"29177",4900,980,3920
"29178",6325,1265,5060
"29179",4495,899,3596
"29180",4460,892,3568
"29181",3730,746,2984
"29182",5395,1079,4316
"29183",7935,1587,6348
"29184",5815,1163,4652
"29185",5065,1013,4052
"29186",5170,1034,4136
"29187",3730,746,2984
"29188",4850,970,3880
"29189",4970,994,3976
"29190",4130,826,3304
"29191",3960,792,3168
"29192",3795,759,3036
"29193",5460,1092,4368
"29194",3650,730,2920
"29195",4370,874,3496
"29196",3580,716,2864
"29197",4120,824,3296
"29198",4240,848,3392
"29199",5055,1011,4044
"29200",4255,851,3404
"29201",4820,964,3856
"29202",4085,817,3268
"29203",4360,872,3488
"29204",5465,1093,4372
"29205",4420,884,3536
"29206",4010,802,3208
"29207",5400,1080,4320
"29208",4580,916,3664
"29209",4310,862,3448
"29210",5525,1105,4420
"29211",3765,753,3012
"29212",4415,883,3532
"29213",4235,847,3388
"29214",5295,1059,4236
"29215",4590,918,3672
"29216",5250,1050,4200
"29217",4450,890,3560
"29218",4995,999,3996
"29219",7115,1423,5692
"29220",4605,921,3684
"29221",4570,914,3656
"29222",5420,1084,4336
"29223",5385,1077,4308
"29224",5695,1139,4556
"29225",4525,905,3620
"29226",4565,913,3652
"29227",5585,1117,4468
"29228",4140,828,3312
"29229",5630,1126,4504
"29230",3505,701,2804
"29231",5205,1041,4164
"29232",4650,930,3720
"29233",4890,978,3912
"29234",4565,913,3652
"29235",4950,990,3960
"29236",4625,925,3700
"29237",5375,1075,4300
"29238",5130,1026,4104
"29239",5905,1181,4724
"29240",3525,705,2820
"29241",5430,1086,4344
"29242",6095,1219,4876
"29243",4515,903,3612
"29244",7760,1552,6208
"29245",3795,759,3036
"29246",4495,899,3596
"29247",4560,912,3648
"29248",4545,909,3636
"29249",3745,749,2996
"29250",6015,1203,4812
"29251",5705,1141,4564
"29252",4030,806,3224
"29253",3375,675,2700
"29254",4145,829,3316
"29255",3770,754,3016
"29256",4140,828,3312
"29257",4870,974,3896
"29258",4290,858,3432
"29259",4195,839,3356
"29260",4420,884,3536
"29261",4745,949,3796
"29262",9095,1819,7276
"29263",5255,1051,4204
"29264",5250,1050,4200
"29265",5965,1193,4772
"29266",4905,981,3924
"29267",4935,987,3948
"29268",6385,1277,5108
"29269",5950,1190,4760
"29270",4390,878,3512
"29271",3695,739,2956
"29272",5750,1150,4600
"29273",3845,769,3076
"29274",4965,993,3972
"29275",4600,920,3680
"29276",5205,1041,4164
"29277",3445,689,2756
"29278",4515,903,3612
"29279",4180,836,3344
"29280",7130,1426,5704
"29281",3995,799,3196
"29282",5460,1092,4368
"29283",4770,954,3816
"29284",3920,784,3136
"29285",5355,1071,4284
"29286",5075,1015,4060
"29287",5065,1013,4052
"29288",5760,1152,4608
"29289",4025,805,3220
"29290",4520,904,3616
"29291",6375,1275,5100
"29292",4090,818,3272
"29293",4305,861,3444
"29294",3725,745,2980
"29295",7060,1412,5648
"29296",4125,825,3300
"29297",5390,1078,4312
"29298",4265,853,3412
"29299",4145,829,3316
"29300",5750,1150,4600
"29301",4985,997,3988
"29302",4765,953,3812
"29303",4180,836,3344
"29304",3930,786,3144
"29305",5790,1158,4632
"29306",4685,937,3748
"29307",4530,906,3624
"29308",5885,1177,4708
"29309",4430,886,3544
"29310",4390,878,3512
"29311",4845,969,3876
"29312",5790,1158,4632
"29313",3715,743,2972
"29314",5765,1153,4612
"29315",4405,881,3524
"29316",4675,935,3740
"29317",3970,794,3176
"29318",4720,944,3776
"29319",4525,905,3620
"29320",3550,710,2840
"29321",3585,717,2868
"29322",4940,988,3952
"29323",3605,721,2884
"29324",6870,1374,5496
"29325",5690,1138,4552
"29326",4930,986,3944
"29327",6445,1289,5156
"29328",7145,1429,5716
"29329",4295,859,3436
"29330",6605,1321,5284
"29331",4420,884,3536
"29332",3660,732,2928
"29333",4400,880,3520
"29334",4785,957,3828
"29335",5345,1069,4276
"29336",5130,1026,4104
"29337",4315,863,3452
"29338",6270,1254,5016
"29339",3900,780,3120
"29340",5055,1011,4044
"29341",4550,910,3640
"29342",4925,985,3940
"29343",4750,950,3800
"29344",4890,978,3912
"29345",4395,879,3516
"29346",4035,807,3228
"29347",3475,695,2780
"29348",5330,1066,4264
"29349",4780,956,3824
"29350",4155,831,3324
"29351",6425,1285,5140
"29352",5805,1161,4644
"29353",6335,1267,5068
"29354",4685,937,3748
"29355",3940,788,3152
"29356",5985,1197,4788
"29357",3700,740,2960
"29358",4515,903,3612
"29359",4920,984,3936
"29360",3700,740,2960
"29361",6850,1370,5480
"29362",4400,880,3520
"29363",4485,897,3588
"29364",4010,802,3208
"29365",5300,1060,4240
"29366",4540,908,3632
"29367",3500,700,2800
"29368",7410,1482,5928
"29369",4160,832,3328
"29370",4970,994,3976
"29371",4590,918,3672
"29372",4970,994,3976
"29373",3990,798,3192
"29374",5215,1043,4172
"29375",5535,1107,4428
"29376",5415,1083,4332
"29377",5285,1057,4228
"29378",4590,918,3672
"29379",4690,938,3752
"29380",4940,988,3952
"29381",4995,999,3996
"29382",4090,818,3272
"29383",4155,831,3324
"29384",4660,932,3728
"29385",5620,1124,4496
"29386",3970,794,3176
"29387",4075,815,3260
"29388",4920,984,3936
"29389",3730,746,2984
"29390",7460,1492,5968
"29391",3705,741,2964
"29392",4660,932,3728
"29393",4725,945,3780
"29394",4670,934,3736
"29395",5350,1070,4280
"29396",4110,822,3288
"29397",3835,767,3068
"29398",4965,993,3972
"29399",5090,1018,4072
"29400",5190,1038,4152
"29401",4165,833,3332
"29402",4575,915,3660
"29403",3585,717,2868
"29404",4945,989,3956
"29405",3920,784,3136
"29406",4815,963,3852
"29407",5785,1157,4628
"29408",5835,1167,4668
"29409",5025,1005,4020
"29410",4730,946,3784
"29411",3845,769,3076
"29412",3655,731,2924
"29413",5670,1134,4536
"29414",4960,992,3968
"29415",4025,805,3220
"29416",3480,696,2784
"29417",5925,1185,4740
"29418",4675,935,3740
"29419",4275,855,3420
"29420",4275,855,3420
"29421",5840,1168,4672
"29422",4445,889,3556
"29423",5915,1183,4732
"29424",7410,1482,5928
"29425",4900,980,3920
"29426",4875,975,3900
"29427",4615,923,3692
"29428",4435,887,3548
"29429",4505,901,3604
"29430",4565,913,3652
"29431",5130,1026,4104
"29432",3630,726,2904
"29433",4445,889,3556
"29434",5765,1153,4612
"29435",4330,866,3464
"29436",4325,865,3460
"29437",5745,1149,4596
"29438",4775,955,3820
"29439",5910,1182,4728
"29440",7065,1413,5652
"29441",5005,1001,4004
"29442",3950,790,3160
"29443",3830,766,3064
"29444",4790,958,3832
"29445",5060,1012,4048
"29446",3440,688,2752
"29447",4015,803,3212
"29448",3355,671,2684
"29449",4755,951,3804
"29450",4970,994,3976
"29451",3190,638,2552
"29452",5005,1001,4004
"29453",3530,706,2824
"29454",5415,1083,4332
"29455",4800,960,3840
"29456",4380,876,3504
"29457",4675,935,3740
"29458",4070,814,3256
"29459",4605,921,3684
"29460",6730,1346,5384
"29461",4945,989,3956
"29462",4205,841,3364
"29463",4605,921,3684
"29464",4845,969,3876
"29465",4410,882,3528
"29466",4135,827,3308
"29467",4625,925,3700
"29468",4430,886,3544
"29469",5270,1054,4216
"29470",5755,1151,4604
"29471",3495,699,2796
"29472",4440,888,3552
"29473",4375,875,3500
"29474",3240,648,2592
"29475",4580,916,3664
"29476",6095,1219,4876
"29477",3670,734,2936
"29478",4705,941,3764
"29479",4985,997,3988
"29480",5985,1197,4788
"29481",3990,798,3192
"29482",4115,823,3292
"29483",3935,787,3148
"29484",5445,1089,4356
"29485",3780,756,3024
"29486",4730,946,3784
"29487",3565,713,2852
"29488",4310,862,3448
"29489",3920,784,3136
"29490",4405,881,3524
"29491",3520,704,2816
"29492",3280,656,2624
"29493",4080,816,3264
"29494",4295,859,3436
"29495",4710,942,3768
"29496",3665,733,2932
"29497",4150,830,3320
"29498",4875,975,3900
"29499",4785,957,3828
"29500",3990,798,3192
"29501",4505,901,3604
"29502",4190,838,3352
"29503",5030,1006,4024
"29504",4580,916,3664
"29505",3770,754,3016
"29506",6440,1288,5152
"29507",3935,787,3148
"29508",3980,796,3184
"29509",4325,865,3460
"29510",7235,1447,5788
"29511",5665,1133,4532
"29512",5135,1027,4108
"29513",5305,1061,4244
"29514",3995,799,3196
"29515",3880,776,3104
"29516",4895,979,3916
"29517",4625,925,3700
"29518",4855,971,3884
"29519",5215,1043,4172
"29520",3560,712,2848
"29521",5595,1119,4476
"29522",4095,819,3276
"29523",5030,1006,4024
"29524",6430,1286,5144
"29525",4235,847,3388
"29526",4395,879,3516
"29527",4115,823,3292
"29528",6240,1248,4992
"29529",4710,942,3768
"29530",5645,1129,4516
"29531",4470,894,3576
"29532",4155,831,3324
"29533",4905,981,3924
"29534",3925,785,3140
"29535",5970,1194,4776
"29536",4925,985,3940
"29537",5250,1050,4200
"29538",4550,910,3640
"29539",3735,747,2988
"29540",4435,887,3548
"29541",4020,804,3216
"29542",3670,734,2936
"29543",4840,968,3872
"29544",4355,871,3484
"29545",4405,881,3524
"29546",4030,806,3224
"29547",5215,1043,4172
"29548",3670,734,2936
"29549",5745,1149,4596
"29550",4145,829,3316
"29551",5270,1054,4216
"29552",5555,1111,4444
"29553",4535,907,3628
"29554",3620,724,2896
"29555",4440,888,3552
"29556",4125,825,3300
"29557",4370,874,3496
"29558",4340,868,3472
"29559",4170,834,3336
"29560",3355,671,2684
"29561",5165,1033,4132
"29562",4140,828,3312
"29563",3480,696,2784
"29564",5255,1051,4204
"29565",4510,902,3608
"29566",5190,1038,4152
"29567",5610,1122,4488
"29568",4935,987,3948
"29569",4095,819,3276
"29570",11140,2228,8912
"29571",4060,812,3248
"29572",5575,1115,4460
"29573",5090,1018,4072
"29574",4160,832,3328
"29575",4835,967,3868
"29576",4460,892,3568
"29577",4005,801,3204
"29578",5610,1122,4488
"29579",3985,797,3188
"29580",4685,937,3748
"29581",4580,916,3664
"29582",3610,722,2888
"29583",5450,1090,4360
"29584",3660,732,2928
"29585",4435,887,3548
"29586",6675,1335,5340
"29587",4455,891,3564
"29588",3755,751,3004
"29589",4735,947,3788
"29590",4325,865,3460
"29591",4120,824,3296
"29592",4070,814,3256
"29593",4190,838,3352
"29594",4355,871,3484
"29595",6970,1394,5576
"29596",3810,762,3048
"29597",5205,1041,4164
"29598",5810,1162,4648
"29599",5310,1062,4248
"29600",5135,1027,4108
"29601",3820,764,3056
"29602",5745,1149,4596
"29603",5430,1086,4344
"29604",5120,1024,4096
"29605",4050,810,3240
"29606",5575,1115,4460
"29607",5210,1042,4168
"29608",3710,742,2968
"29609",5070,1014,4056
"29610",5565,1113,4452
"29611",4245,849,3396
"29612",5385,1077,4308
"29613",5070,1014,4056
"29614",4745,949,3796
"29615",4815,963,3852
"29616",5815,1163,4652
"29617",4415,883,3532
"29618",4890,978,3912
"29619",4070,814,3256
"29620",6230,1246,4984
"29621",5970,1194,4776
"29622",5550,1110,4440
"29623",5080,1016,4064
"29624",6440,1288,5152
"29625",4370,874,3496
"29626",5015,1003,4012
"29627",4560,912,3648
"29628",4870,974,3896
"29629",3515,703,2812
"29630",4105,821,3284
"29631",4375,875,3500
"29632",3930,786,3144
"29633",4850,970,3880
"29634",4345,869,3476
"29635",4360,872,3488
"29636",4650,930,3720
"29637",4450,890,3560
"29638",4650,930,3720
"29639",5145,1029,4116
"29640",4300,860,3440
"29641",5120,1024,4096
"29642",4420,884,3536
"29643",4980,996,3984
"29644",5775,1155,4620
"29645",3765,753,3012
"29646",5010,1002,4008
"29647",4050,810,3240
"29648",4105,821,3284
"29649",4580,916,3664
"29650",4345,869,3476
"29651",4635,927,3708
"29652",4670,934,3736
"29653",4640,928,3712
"29654",5410,1082,4328
"29655",4400,880,3520
"29656",5070,1014,4056
"29657",7970,1594,6376
"29658",5030,1006,4024
"29659",5240,1048,4192
"29660",4455,891,3564
"29661",4390,878,3512
"29662",3610,722,2888
"29663",3800,760,3040
"29664",4730,946,3784
"29665",4005,801,3204
"29666",5735,1147,4588
"29667",3755,751,3004
"29668",4670,934,3736
"29669",4690,938,3752
"29670",3970,794,3176
"29671",5240,1048,4192
"29672",6375,1275,5100
"29673",4960,992,3968
"29674",4730,946,3784
"29675",3690,738,2952
"29676",3555,711,2844
"29677",4285,857,3428
"29678",5410,1082,4328
"29679",6645,1329,5316
"29680",5640,1128,4512
"29681",6405,1281,5124
"29682",4055,811,3244
"29683",4490,898,3592
"29684",3595,719,2876
"29685",4205,841,3364
"29686",5025,1005,4020
"29687",4490,898,3592
"29688",4535,907,3628
"29689",4700,940,3760
"29690",4105,821,3284
"29691",6035,1207,4828
"29692",6060,1212,4848
"29693",4875,975,3900
"29694",4285,857,3428
"29695",4645,929,3716
"29696",4150,830,3320
"29697",6765,1353,5412
"29698",4695,939,3756
"29699",4835,967,3868
"29700",3725,745,2980
"29701",4225,845,3380
"29702",4770,954,3816
"29703",5300,1060,4240
"29704",5350,1070,4280
"29705",3575,715,2860
"29706",4255,851,3404
"29707",4990,998,3992
"29708",4430,886,3544
"29709",5585,1117,4468
"29710",4420,884,3536
"29711",4995,999,3996
"29712",4765,953,3812
"29713",5025,1005,4020
"29714",4690,938,3752
"29715",5400,1080,4320
"29716",3955,791,3164
"29717",4770,954,3816
"29718",4275,855,3420
"29719",4980,996,3984
"29720",4530,906,3624
"29721",6020,1204,4816
"29722",5705,1141,4564
"29723",5860,1172,4688
"29724",3340,668,2672
"29725",6865,1373,5492
"29726",4860,972,3888
"29727",4690,938,3752
"29728",3860,772,3088
"29729",5410,1082,4328
"29730",4200,840,3360
"29731",4415,883,3532
"29732",3740,748,2992
"29733",4875,975,3900
"29734",3685,737,2948
"29735",6545,1309,5236
"29736",6310,1262,5048
"29737",3880,776,3104
"29738",4935,987,3948
"29739",4850,970,3880
"29740",4225,845,3380
"29741",4330,866,3464
"29742",5110,1022,4088
"29743",4605,921,3684
"29744",5260,1052,4208
"29745",3900,780,3120
"29746",4290,858,3432
"29747",3735,747,2988
"29748",4350,870,3480
"29749",4305,861,3444
"29750",6730,1346,5384
"29751",5550,1110,4440
"29752",5215,1043,4172
"29753",4705,941,3764
"29754",4535,907,3628
"29755",4810,962,3848
"29756",6215,1243,4972
"29757",5500,1100,4400
"29758",4525,905,3620
"29759",5150,1030,4120
"29760",4790,958,3832
"29761",5180,1036,4144
"29762",4710,942,3768
"29763",3985,797,3188
"29764",4040,808,3232
"29765",4345,869,3476
"29766",5285,1057,4228
"29767",5535,1107,4428
"29768",4300,860,3440
"29769",5400,1080,4320
"29770",4530,906,3624
"29771",4430,886,3544
"29772",5170,1034,4136
"29773",4205,841,3364
"29774",4800,960,3840
"29775",3970,794,3176
"29776",4155,831,3324
"29777",4880,976,3904
"29778",5600,1120,4480
"29779",3210,642,2568
"29780",4460,892,3568
"29781",4545,909,3636
"29782",4825,965,3860
"29783",5080,1016,4064
"29784",4450,890,3560
"29785",4385,877,3508
"29786",3360,672,2688
"29787",7605,1521,6084
"29788",4190,838,3352
"29789",4595,919,3676
"29790",5505,1101,4404
"29791",4785,957,3828
"29792",4410,882,3528
"29793",3265,653,2612
"29794",3810,762,3048
"29795",4615,923,3692
"29796",4950,990,3960
"29797",3455,691,2764
"29798",4095,819,3276
"29799",4565,913,3652
"29800",4555,911,3644
"29801",4145,829,3316
"29802",5190,1038,4152
"29803",4950,990,3960
"29804",4270,854,3416
"29805",4185,837,3348
"29806",5095,1019,4076
"29807",6290,1258,5032
"29808",4765,953,3812
"29809",4455,891,3564
"29810",4690,938,3752
"29811",4500,900,3600
"29812",4600,920,3680
"29813",5055,1011,4044
"29814",6075,1215,4860
"29815",4370,874,3496
"29816",4020,804,3216
"29817",4835,967,3868
"29818",6020,1204,4816
"29819",4440,888,3552
"29820",3750,750,3000
"29821",4470,894,3576
"29822",4870,974,3896
"29823",3790,758,3032
"29824",5315,1063,4252
"29825",5695,1139,4556
"29826",5640,1128,4512
"29827",4975,995,3980
"29828",4465,893,3572
"29829",4520,904,3616
"29830",3715,743,2972
"29831",5685,1137,4548
"29832",4615,923,3692
"29833",4995,999,3996
"29834",5475,1095,4380
"29835",3765,753,3012
"29836",4740,948,3792
"29837",4915,983,3932
"29838",4120,824,3296
"29839",3685,737,2948
"29840",4545,909,3636
"29841",3885,777,3108
"29842",4375,875,3500
"29843",4550,910,3640
"29844",3350,670,2680
"29845",4715,943,3772
"29846",5930,1186,4744
"29847",4725,945,3780
"29848",3705,741,2964
"29849",5070,1014,4056
"29850",4135,827,3308
"29851",3885,777,3108
"29852",4750,950,3800
"29853",4580,916,3664
"29854",3855,771,3084
"29855",5255,1051,4204
"29856",6690,1338,5352
"29857",7380,1476,5904
"29858",3600,720,2880
"29859",3620,724,2896
"29860",4535,907,3628
"29861",4590,918,3672
"29862",5420,1084,4336
"29863",4480,896,3584
"29864",4335,867,3468
"29865",4535,907,3628
"29866",4425,885,3540
"29867",5685,1137,4548
"29868",5070,1014,4056
"29869",5510,1102,4408
"29870",6455,1291,5164
"29871",4160,832,3328
"29872",5065,1013,4052
"29873",4800,960,3840
"29874",4685,937,3748
"29875",5130,1026,4104
"29876",4400,880,3520
"29877",4730,946,3784
"29878",5425,1085,4340
"29879",3835,767,3068
"29880",3965,793,3172
"29881",3555,711,2844
"29882",4740,948,3792
"29883",4715,943,3772
"29884",7020,1404,5616
"29885",5560,1112,4448
"29886",3730,746,2984
"29887",7985,1597,6388
"29888",3890,778,3112
"29889",4455,891,3564
"29890",4095,819,3276
"29891",3845,769,3076
"29892",3460,692,2768
"29893",3570,714,2856
"29894",5665,1133,4532
"29895",4875,975,3900
"29896",5690,1138,4552
"29897",4640,928,3712
"29898",5705,1141,4564
"29899",6015,1203,4812
"29900",4535,907,3628
"29901",5340,1068,4272
"29902",4890,978,3912
"29903",3690,738,2952
"29904",5230,1046,4184
"29905",3540,708,2832
"29906",3655,731,2924
"29907",4200,840,3360
"29908",4875,975,3900
"29909",5530,1106,4424
"29910",4455,891,3564
"29911",5065,1013,4052
"29912",5250,1050,4200
"29913",3770,754,3016
"29914",5390,1078,4312
"29915",3705,741,2964
"29916",6275,1255,5020
"29917",5435,1087,4348
"29918",5245,1049,4196
"29919",3345,669,2676
"29920",4330,866,3464
"29921",4295,859,3436
"29922",3845,769,3076
"29923",5115,1023,4092
"29924",4565,913,3652
"29925",5895,1179,4716
"29926",4630,926,3704
"29927",3920,784,3136
"29928",3650,730,2920
"29929",4295,859,3436
"29930",4790,958,3832
"29931",5395,1079,4316
"29932",4050,810,3240
"29933",4995,999,3996
"29934",4940,988,3952
"29935",4430,886,3544
"29936",5425,1085,4340
"29937",4530,906,3624
"29938",4785,957,3828
"29939",5845,1169,4676
"29940",4775,955,3820
"29941",7290,1458,5832
"29942",4405,881,3524
"29943",3315,663,2652
"29944",4570,914,3656
"29945",6395,1279,5116
"29946",3940,788,3152
"29947",4350,870,3480
"29948",3215,643,2572
"29949",4180,836,3344
"29950",4110,822,3288
"29951",3665,733,2932
"29952",4500,900,3600
"29953",3385,677,2708
"29954",6800,1360,5440
"29955",4440,888,3552
"29956",5130,1026,4104
"29957",5645,1129,4516
"29958",3735,747,2988
"29959",4095,819,3276
"29960",4875,975,3900
"29961",3940,788,3152
"29962",5140,1028,4112
"29963",4860,972,3888
"29964",4250,850,3400
"29965",4085,817,3268
"29966",3945,789,3156
"29967",4500,900,3600
"29968",5555,1111,4444
"29969",5260,1052,4208
"29970",5905,1181,4724
"29971",4265,853,3412
"29972",3950,790,3160
"29973",3690,738,2952
"29974",4560,912,3648
"29975",3905,781,3124
"29976",4410,882,3528
"29977",4910,982,3928
"29978",4400,880,3520
"29979",5065,1013,4052
"29980",5745,1149,4596
"29981",5785,1157,4628
"29982",3870,774,3096
"29983",4195,839,3356
"29984",6195,1239,4956
"29985",4440,888,3552
"29986",4560,912,3648
"29987",5595,1119,4476
"29988",4700,940,3760
"29989",5065,1013,4052
"29990",4685,937,3748
"29991",4400,880,3520
"29992",5110,1022,4088
"29993",4310,862,3448
"29994",4410,882,3528
"29995",4350,870,3480
"29996",4575,915,3660
"29997",5460,1092,4368
"29998",4250,850,3400
"29999",6600,1320,5280
"30000",5370,1074,4296
"30001",6975,1395,5580
"30002",4945,989,3956
"30003",5790,1158,4632
"30004",6195,1239,4956
"30005",4060,812,3248
"30006",5090,1018,4072
"30007",3415,683,2732
"30008",4875,975,3900
"30009",3925,785,3140
"30010",5400,1080,4320
"30011",4100,820,3280
"30012",4025,805,3220
"30013",3655,731,2924
"30014",6865,1373,5492
"30015",5100,1020,4080
"30016",5125,1025,4100
"30017",3560,712,2848
"30018",4285,857,3428
"30019",4505,901,3604
"30020",4405,881,3524
"30021",5000,1000,4000
"30022",4200,840,3360
"30023",4375,875,3500
"30024",4155,831,3324
"30025",4485,897,3588
"30026",6050,1210,4840
"30027",4790,958,3832
"30028",4970,994,3976
"30029",3685,737,2948
"30030",3715,743,2972
"30031",4270,854,3416
"30032",4070,814,3256
"30033",4125,825,3300
"30034",3635,727,2908
"30035",3810,762,3048
"30036",5075,1015,4060
"30037",5445,1089,4356
"30038",5490,1098,4392
"30039",5625,1125,4500
"30040",4755,951,3804
"30041",4900,980,3920
"30042",4245,849,3396
"30043",4430,886,3544
"30044",4830,966,3864
"30045",4420,884,3536
"30046",4450,890,3560
"30047",5205,1041,4164
"30048",4920,984,3936
"30049",4260,852,3408
"30050",4965,993,3972
"30051",4115,823,3292
"30052",4630,926,3704
"30053",5695,1139,4556
"30054",5045,1009,4036
"30055",4590,918,3672
"30056",3360,672,2688
"30057",4720,944,3776
"30058",4485,897,3588
"30059",3970,794,3176
"30060",4060,812,3248
"30061",4520,904,3616
"30062",4435,887,3548
"30063",4445,889,3556
"30064",5495,1099,4396
"30065",4650,930,3720
"30066",3865,773,3092
"30067",4020,804,3216
"30068",4445,889,3556
"30069",3390,678,2712
"30070",4500,900,3600
"30071",4615,923,3692
"30072",4465,893,3572
"30073",5620,1124,4496
"30074",4760,952,3808
"30075",5460,1092,4368
"30076",4515,903,3612
"30077",6130,1226,4904
"30078",3815,763,3052
"30079",5955,1191,4764
"30080",8140,1628,6512
"30081",4470,894,3576
"30082",4365,873,3492
"30083",4740,948,3792
"30084",3970,794,3176
"30085",4200,840,3360
"30086",5300,1060,4240
"30087",5430,1086,4344
"30088",5295,1059,4236
"30089",3930,786,3144
"30090",3760,752,3008
"30091",3710,742,2968
"30092",4830,966,3864
"30093",4980,996,3984
"30094",5910,1182,4728
"30095",4715,943,3772
"30096",4220,844,3376
"30097",4385,877,3508
"30098",4410,882,3528
"30099",5395,1079,4316
"30100",3515,703,2812
"30101",4295,859,3436
"30102",3155,631,2524
"30103",4925,985,3940
"30104",6070,1214,4856
"30105",3930,786,3144
"30106",3865,773,3092
"30107",4620,924,3696
"30108",3950,790,3160
"30109",6445,1289,5156
"30110",4050,810,3240
"30111",4180,836,3344
"30112",4405,881,3524
"30113",6415,1283,5132
"30114",5565,1113,4452
"30115",5950,1190,4760
"30116",4245,849,3396
"30117",4655,931,3724
"30118",4970,994,3976
"30119",4770,954,3816
"30120",5405,1081,4324
"30121",5330,1066,4264
"30122",4720,944,3776
"30123",6265,1253,5012
"30124",5985,1197,4788
"30125",6380,1276,5104
"30126",4915,983,3932
"30127",3810,762,3048
"30128",4455,891,3564
"30129",4395,879,3516
"30130",4685,937,3748
"30131",4670,934,3736
"30132",4830,966,3864
"30133",5055,1011,4044
"30134",4655,931,3724
"30135",4880,976,3904
"30136",4490,898,3592
"30137",3805,761,3044
"30138",4545,909,3636
"30139",4365,873,3492
"30140",4200,840,3360
"30141",4635,927,3708
"30142",5375,1075,4300
"30143",4975,995,3980
"30144",7010,1402,5608
"30145",6245,1249,4996
"30146",4205,841,3364
"30147",4460,892,3568
"30148",5605,1121,4484
"30149",4230,846,3384
"30150",4915,983,3932
"30151",5565,1113,4452
"30152",4730,946,3784
"30153",4755,951,3804
"30154",5330,1066,4264
"30155",4385,877,3508
"30156",5325,1065,4260
"30157",4505,901,3604
"30158",4135,827,3308
"30159",3845,769,3076
"30160",6300,1260,5040
"30161",4525,905,3620
"30162",4030,806,3224
"30163",3935,787,3148
"30164",4700,940,3760
"30165",4100,820,3280
"30166",3630,726,2904
"30167",4505,901,3604
"30168",5025,1005,4020
"30169",6985,1397,5588
"30170",5480,1096,4384
"30171",6240,1248,4992
"30172",4650,930,3720
"30173",4205,841,3364
"30174",4180,836,3344
"30175",5890,1178,4712
"30176",4415,883,3532
"30177",6895,1379,5516
"30178",4600,920,3680
"30179",3575,715,2860
"30180",5295,1059,4236
"30181",5135,1027,4108
"30182",5225,1045,4180
"30183",4035,807,3228
"30184",3885,777,3108
"30185",5070,1014,4056
"30186",4680,936,3744
"30187",5315,1063,4252
"30188",4575,915,3660
"30189",4640,928,3712
"30190",3970,794,3176
"30191",4505,901,3604
"30192",4685,937,3748
"30193",4495,899,3596
"30194",4350,870,3480
"30195",5525,1105,4420
"30196",5610,1122,4488
"30197",4080,816,3264
"30198",4770,954,3816
"30199",3915,783,3132
"30200",4035,807,3228
"30201",3795,759,3036
"30202",4010,802,3208
"30203",4725,945,3780
"30204",4435,887,3548
"30205",5695,1139,4556
"30206",4350,870,3480
"30207",4545,909,3636
"30208",4160,832,3328
"30209",4220,844,3376
"30210",5160,1032,4128
"30211",4025,805,3220
"30212",5340,1068,4272
"30213",4965,993,3972
"30214",3395,679,2716
"30215",3860,772,3088
"30216",5685,1137,4548
"30217",4660,932,3728
"30218",4285,857,3428
"30219",4225,845,3380
"30220",4370,874,3496
"30221",5005,1001,4004
"30222",3475,695,2780
"30223",4455,891,3564
"30224",3385,677,2708
"30225",4590,918,3672
"30226",3680,736,2944
"30227",3600,720,2880
"30228",5890,1178,4712
"30229",4860,972,3888
"30230",4230,846,3384
"30231",7925,1585,6340
"30232",3565,713,2852
"30233",3765,753,3012
"30234",4045,809,3236
"30235",4175,835,3340
"30236",5225,1045,4180
"30237",3895,779,3116
"30238",4905,981,3924
"30239",4520,904,3616
"30240",6580,1316,5264
"30241",4360,872,3488
"30242",4365,873,3492
"30243",3320,664,2656
"30244",6430,1286,5144
"30245",4825,965,3860
"30246",4480,896,3584
"30247",5160,1032,4128
"30248",6020,1204,4816
"30249",4370,874,3496
"30250",3590,718,2872
"30251",4415,883,3532
"30252",5235,1047,4188
"30253",5275,1055,4220
"30254",6735,1347,5388
"30255",4180,836,3344
"30256",5415,1083,4332
"30257",4550,910,3640
"30258",6845,1369,5476
"30259",3735,747,2988
"30260",3940,788,3152
"30261",4400,880,3520
"30262",3470,694,2776
"30263",5755,1151,4604
"30264",3820,764,3056
"30265",4030,806,3224
"30266",4560,912,3648
"30267",5265,1053,4212
"30268",4755,951,3804
"30269",5530,1106,4424
"30270",4005,801,3204
"30271",4190,838,3352
"30272",6260,1252,5008
"30273",3865,773,3092
"30274",7075,1415,5660
"30275",4300,860,3440
"30276",6865,1373,5492
"30277",4625,925,3700
"30278",4215,843,3372
"30279",5035,1007,4028
"30280",4640,928,3712
"30281",4935,987,3948
"30282",4130,826,3304
"30283",4550,910,3640
"30284",3795,759,3036
"30285",4805,961,3844
"30286",5005,1001,4004
"30287",5390,1078,4312
"30288",4930,986,3944
"30289",4290,858,3432
"30290",3965,793,3172
"30291",6160,1232,4928
"30292",6595,1319,5276
"30293",4970,994,3976
"30294",4090,818,3272
"30295",6565,1313,5252
"30296",3985,797,3188
"30297",4265,853,3412
"30298",2970,594,2376
"30299",5645,1129,4516
"30300",4000,800,3200
"30301",5845,1169,4676
"30302",4750,950,3800
"30303",3870,774,3096
"30304",6230,1246,4984
"30305",4245,849,3396
"30306",4505,901,3604
"30307",3905,781,3124
"30308",4595,919,3676
"30309",4670,934,3736
"30310",5555,1111,4444
"30311",5455,1091,4364
"30312",5095,1019,4076
"30313",6460,1292,5168
"30314",5165,1033,4132
"30315",5790,1158,4632
"30316",4745,949,3796
"30317",4570,914,3656
"30318",5380,1076,4304
"30319",5265,1053,4212
"30320",6400,1280,5120
"30321",4145,829,3316
"30322",4245,849,3396
"30323",4390,878,3512
"30324",5755,1151,4604
"30325",4190,838,3352
"30326",5805,1161,4644
"30327",4425,885,3540
"30328",4885,977,3908
"30329",4855,971,3884
"30330",4960,992,3968
"30331",4065,813,3252
"30332",4385,877,3508
"30333",5355,1071,4284
"30334",4090,818,3272
"30335",5965,1193,4772
"30336",4405,881,3524
"30337",4530,906,3624
"30338",6340,1268,5072
"30339",4990,998,3992
"30340",3685,737,2948
"30341",3540,708,2832
"30342",4780,956,3824
"30343",3985,797,3188
"30344",4920,984,3936
"30345",6180,1236,4944
"30346",3485,697,2788
"30347",4705,941,3764
"30348",4200,840,3360
"30349",5395,1079,4316
"30350",4440,888,3552
"30351",5110,1022,4088
"30352",3915,783,3132
"30353",6255,1251,5004
"30354",5490,1098,4392
"30355",5955,1191,4764
"30356",4470,894,3576
"30357",3980,796,3184
"30358",4040,808,3232
"30359",5955,1191,4764
"30360",3895,779,3116
"30361",3970,794,3176
"30362",4180,836,3344
"30363",5605,1121,4484
"30364",4845,969,3876
"30365",4165,833,3332
"30366",4780,956,3824
"30367",4150,830,3320
"30368",4265,853,3412
"30369",5650,1130,4520
"30370",5935,1187,4748
"30371",5640,1128,4512
"30372",3905,781,3124
"30373",3815,763,3052
"30374",3560,712,2848
"30375",4975,995,3980
"30376",4285,857,3428
"30377",4080,816,3264
"30378",4655,931,3724
"30379",5265,1053,4212
"30380",3700,740,2960
"30381",5695,1139,4556
"30382",7170,1434,5736
"30383",4615,923,3692
"30384",4565,913,3652
"30385",5690,1138,4552
"30386",8105,1621,6484
"30387",5165,1033,4132
"30388",5830,1166,4664
"30389",4475,895,3580
"30390",7390,1478,5912
"30391",4935,987,3948
"30392",3775,755,3020
"30393",5300,1060,4240
"30394",4660,932,3728
"30395",4680,936,3744
"30396",4175,835,3340
"30397",3610,722,2888
"30398",4955,991,3964
"30399",5370,1074,4296
"30400",3855,771,3084
"30401",5420,1084,4336
"30402",6225,1245,4980
"30403",4000,800,3200
"30404",4450,890,3560
"30405",4140,828,3312
"30406",6815,1363,5452
"30407",4005,801,3204
"30408",3960,792,3168
"30409",3875,775,3100
"30410",4470,894,3576
"30411",4125,825,3300
"30412",4125,825,3300
"30413",4930,986,3944
"30414",3955,791,3164
"30415",5260,1052,4208
"30416",3710,742,2968
"30417",5675,1135,4540
"30418",4460,892,3568
"30419",5580,1116,4464
"30420",3730,746,2984
"30421",4760,952,3808
"30422",4190,838,3352
"30423",4555,911,3644
"30424",5380,1076,4304
"30425",4455,891,3564
"30426",4460,892,3568
"30427",4385,877,3508
"30428",4355,871,3484
"30429",4040,808,3232
"30430",5320,1064,4256
"30431",3575,715,2860
"30432",5685,1137,4548
"30433",4080,816,3264
"30434",6835,1367,5468
"30435",5175,1035,4140
"30436",4180,836,3344
"30437",4000,800,3200
"30438",4320,864,3456
"30439",3590,718,2872
"30440",4145,829,3316
"30441",5010,1002,4008
"30442",4175,835,3340
"30443",4620,924,3696
"30444",4040,808,3232
"30445",4075,815,3260
"30446",3835,767,3068
"30447",6620,1324,5296
"30448",4840,968,3872
"30449",5655,1131,4524
"30450",4770,954,3816
"30451",7045,1409,5636
"30452",4140,828,3312
"30453",4830,966,3864
"30454",4675,935,3740
"30455",6500,1300,5200
"30456",5150,1030,4120
"30457",4930,986,3944
"30458",4880,976,3904
"30459",3910,782,3128
"30460",4185,837,3348
"30461",5165,1033,4132
"30462",4120,824,3296
"30463",4465,893,3572
"30464",5720,1144,4576
"30465",3905,781,3124
"30466",4055,811,3244
"30467",4025,805,3220
"30468",5515,1103,4412
"30469",4335,867,3468
"30470",4410,882,3528
"30471",4375,875,3500
"30472",4285,857,3428
"30473",4675,935,3740
"30474",4530,906,3624
"30475",4330,866,3464
"30476",3860,772,3088
"30477",5405,1081,4324
"30478",4405,881,3524
"30479",4460,892,3568
"30480",5130,1026,4104
"30481",4110,822,3288
"30482",4300,860,3440
"30483",4240,848,3392
"30484",5315,1063,4252
"30485",5250,1050,4200
"30486",6120,1224,4896
"30487",4175,835,3340
"30488",4485,897,3588
"30489",4030,806,3224
"30490",6590,1318,5272
"30491",4475,895,3580
"30492",4645,929,3716
"30493",5800,1160,4640
"30494",3995,799,3196
"30495",7295,1459,5836
"30496",4540,908,3632
"30497",6415,1283,5132
"30498",3740,748,2992
"30499",3890,778,3112
"30500",4075,815,3260
"30501",6030,1206,4824
"30502",3460,692,2768
"30503",6680,1336,5344
"30504",5190,1038,4152
"30505",6295,1259,5036
"30506",5550,1110,4440
"30507",4905,981,3924
"30508",5700,1140,4560
"30509",4200,840,3360
"30510",4290,858,3432
"30511",5655,1131,4524
"30512",4825,965,3860
"30513",4615,923,3692
"30514",4915,983,3932
"30515",4535,907,3628
"30516",4925,985,3940
"30517",6460,1292,5168
"30518",4650,930,3720
"30519",4440,888,3552
"30520",4440,888,3552
"30521",4270,854,3416
"30522",3905,781,3124
"30523",3575,715,2860
"30524",5100,1020,4080
"30525",3905,781,3124
"30526",6955,1391,5564
"30527",4825,965,3860
"30528",4915,983,3932
"30529",4935,987,3948
"30530",4345,869,3476
"30531",5045,1009,4036
"30532",5560,1112,4448
"30533",4960,992,3968
"30534",4670,934,3736
"30535",7015,1403,5612
"30536",6810,1362,5448
"30537",4110,822,3288
"30538",4435,887,3548
"30539",3645,729,2916
"30540",3910,782,3128
"30541",4330,866,3464
"30542",3855,771,3084
"30543",4310,862,3448
"30544",4330,866,3464
"30545",3440,688,2752
"30546",4020,804,3216
"30547",4630,926,3704
"30548",3460,692,2768
"30549",6455,1291,5164
"30550",4100,820,3280
"30551",4345,869,3476
"30552",3395,679,2716
"30553",7000,1400,5600
"30554",4170,834,3336
"30555",4375,875,3500
"30556",6870,1374,5496
"30557",3435,687,2748
"30558",4465,893,3572
"30559",4110,822,3288
"30560",5230,1046,4184
"30561",6020,1204,4816
"30562",5085,1017,4068
"30563",4815,963,3852
"30564",4060,812,3248
"30565",5655,1131,4524
"30566",4290,858,3432
"30567",4745,949,3796
"30568",5975,1195,4780
"30569",4130,826,3304
"30570",4960,992,3968
"30571",4180,836,3344
"30572",4580,916,3664
"30573",4720,944,3776
"30574",4635,927,3708
"30575",6470,1294,5176
"30576",4315,863,3452
"30577",4680,936,3744
"30578",5735,1147,4588
"30579",4000,800,3200
"30580",4620,924,3696
"30581",5085,1017,4068
"30582",4570,914,3656
"30583",5095,1019,4076
"30584",3685,737,2948
"30585",3905,781,3124
"30586",3785,757,3028
"30587",3750,750,3000
"30588",5205,1041,4164
"30589",3470,694,2776
"30590",3590,718,2872
"30591",4785,957,3828
"30592",5485,1097,4388
"30593",5410,1082,4328
"30594",4910,982,3928
"30595",4435,887,3548
"30596",4640,928,3712
"30597",5880,1176,4704
"30598",4810,962,3848
"30599",3990,798,3192
"30600",4140,828,3312
"30601",4135,827,3308
"30602",3965,793,3172
"30603",5155,1031,4124
"30604",4200,840,3360
"30605",3795,759,3036
"30606",4635,927,3708
"30607",4245,849,3396
"30608",4375,875,3500
"30609",4865,973,3892
"30610",3815,763,3052
"30611",4825,965,3860
"30612",4590,918,3672
"30613",6050,1210,4840
"30614",4715,943,3772
"30615",4240,848,3392
"30616",4505,901,3604
"30617",4345,869,3476
"30618",4500,900,3600
"30619",5035,1007,4028
"30620",4340,868,3472
"30621",3785,757,3028
"30622",5335,1067,4268
"30623",4345,869,3476
"30624",4845,969,3876
"30625",4615,923,3692
"30626",4725,945,3780
"30627",6295,1259,5036
"30628",5210,1042,4168
"30629",3700,740,2960
"30630",4125,825,3300
"30631",4740,948,3792
"30632",6450,1290,5160
"30633",4710,942,3768
"30634",4590,918,3672
"30635",5400,1080,4320
"30636",5375,1075,4300
"30637",4185,837,3348
"30638",4670,934,3736
"30639",4660,932,3728
"30640",5610,1122,4488
"30641",4670,934,3736
"30642",3825,765,3060
"30643",3795,759,3036
"30644",4455,891,3564
"30645",3990,798,3192
"30646",4880,976,3904
"30647",5445,1089,4356
"30648",4180,836,3344
"30649",5305,1061,4244
"30650",3585,717,2868
"30651",5125,1025,4100
"30652",5205,1041,4164
"30653",4960,992,3968
"30654",6845,1369,5476
"30655",5655,1131,4524
"30656",6785,1357,5428
"30657",5300,1060,4240
"30658",5005,1001,4004
"30659",3965,793,3172
"30660",4735,947,3788
"30661",4325,865,3460
"30662",3605,721,2884
"30663",6020,1204,4816
"30664",3700,740,2960
"30665",3720,744,2976
"30666",4080,816,3264
"30667",3650,730,2920
"30668",6175,1235,4940
"30669",5370,1074,4296
"30670",4050,810,3240
"30671",5490,1098,4392
"30672",5285,1057,4228
"30673",7415,1483,5932
"30674",7665,1533,6132
"30675",3740,748,2992
"30676",4640,928,3712
"30677",5940,1188,4752
"30678",3860,772,3088
"30679",5490,1098,4392
"30680",4145,829,3316
"30681",6200,1240,4960
"30682",5255,1051,4204
"30683",4205,841,3364
"30684",4665,933,3732
"30685",4320,864,3456
"30686",4380,876,3504
"30687",4855,971,3884
"30688",5275,1055,4220
"30689",6790,1358,5432
"30690",5085,1017,4068
"30691",4010,802,3208
"30692",4700,940,3760
"30693",4335,867,3468
"30694",4080,816,3264
"30695",4840,968,3872
"30696",3930,786,3144
"30697",4015,803,3212
"30698",5760,1152,4608
"30699",5775,1155,4620
"30700",4000,800,3200
"30701",3380,676,2704
"30702",4685,937,3748
"30703",4625,925,3700
"30704",5045,1009,4036
"30705",3800,760,3040
"30706",4725,945,3780
"30707",6275,1255,5020
"30708",5190,1038,4152
"30709",3965,793,3172
"30710",3580,716,2864
"30711",3755,751,3004
"30712",3635,727,2908
"30713",4175,835,3340
"30714",4595,919,3676
"30715",3855,771,3084
"30716",3890,778,3112
"30717",5870,1174,4696
"30718",4570,914,3656
"30719",5580,1116,4464
"30720",4465,893,3572
"30721",4060,812,3248
"30722",4255,851,3404
"30723",4565,913,3652
"30724",4710,942,3768
"30725",5730,1146,4584
"30726",4975,995,3980
"30727",3575,715,2860
"30728",6110,1222,4888
"30729",4005,801,3204
"30730",4990,998,3992
"30731",3960,792,3168
"30732",4330,866,3464
"30733",5670,1134,4536
"30734",4110,822,3288
"30735",4405,881,3524
"30736",4445,889,3556
"30737",4490,898,3592
"30738",3600,720,2880
"30739",7040,1408,5632
"30740",5075,1015,4060
"30741",4410,882,3528
"30742",4115,823,3292
"30743",3745,749,2996
"30744",4175,835,3340
"30745",4970,994,3976
"30746",4280,856,3424
"30747",4380,876,3504
"30748",3635,727,2908
"30749",4550,910,3640
"30750",3990,798,3192
"30751",4485,897,3588
"30752",4815,963,3852
"30753",5195,1039,4156
"30754",5030,1006,4024
"30755",4405,881,3524
"30756",4785,957,3828
"30757",4360,872,3488
"30758",4620,924,3696
"30759",7110,1422,5688
"30760",6665,1333,5332
"30761",6015,1203,4812
"30762",3555,711,2844
"30763",4585,917,3668
"30764",4140,828,3312
"30765",5840,1168,4672
"30766",4455,891,3564
"30767",4130,826,3304
"30768",4955,991,3964
"30769",3775,755,3020
"30770",7470,1494,5976
"30771",5650,1130,4520
"30772",3715,743,2972
"30773",6620,1324,5296
"30774",4355,871,3484
"30775",4090,818,3272
"30776",5805,1161,4644
"30777",6390,1278,5112
"30778",4635,927,3708
"30779",4250,850,3400
"30780",4960,992,3968
"30781",3845,769,3076
"30782",4040,808,3232
"30783",3970,794,3176
"30784",4510,902,3608
"30785",3900,780,3120
"30786",3970,794,3176
"30787",5135,1027,4108
"30788",4505,901,3604
"30789",4040,808,3232
"30790",5150,1030,4120
"30791",3785,757,3028
"30792",4190,838,3352
"30793",6065,1213,4852
"30794",4650,930,3720
"30795",4210,842,3368
"30796",4420,884,3536
"30797",3960,792,3168
"30798",4880,976,3904
"30799",4150,830,3320
"30800",5715,1143,4572
"30801",5220,1044,4176
"30802",4750,950,3800
"30803",5985,1197,4788
"30804",4370,874,3496
"30805",5470,1094,4376
"30806",4560,912,3648
"30807",4175,835,3340
"30808",5090,1018,4072
"30809",4380,876,3504
"30810",4600,920,3680
"30811",4245,849,3396
"30812",6715,1343,5372
"30813",4740,948,3792
"30814",4415,883,3532
"30815",4355,871,3484
"30816",5410,1082,4328
"30817",4185,837,3348
"30818",4360,872,3488
"30819",4010,802,3208
"30820",4865,973,3892
"30821",4160,832,3328
"30822",5110,1022,4088
"30823",5630,1126,4504
"30824",4470,894,3576
"30825",5410,1082,4328
"30826",7335,1467,5868
"30827",6050,1210,4840
"30828",3480,696,2784
"30829",4750,950,3800
"30830",5390,1078,4312
"30831",4100,820,3280
"30832",4955,991,3964
"30833",3895,779,3116
"30834",5215,1043,4172
"30835",4010,802,3208
"30836",5265,1053,4212
"30837",4275,855,3420
"30838",5465,1093,4372
"30839",3585,717,2868
"30840",4070,814,3256
"30841",4520,904,3616
"30842",4305,861,3444
"30843",4430,886,3544
"30844",4385,877,3508
"30845",5940,1188,4752
"30846",5090,1018,4072
"30847",5410,1082,4328
"30848",7730,1546,6184
"30849",4635,927,3708
"30850",4360,872,3488
"30851",4695,939,3756
"30852",4090,818,3272
"30853",3210,642,2568
"30854",5650,1130,4520
"30855",3760,752,3008
"30856",5615,1123,4492
"30857",4860,972,3888
"30858",4495,899,3596
"30859",4660,932,3728
"30860",4760,952,3808
"30861",4785,957,3828
"30862",5145,1029,4116
"30863",4470,894,3576
"30864",5330,1066,4264
"30865",5625,1125,4500
"30866",4400,880,3520
"30867",4750,950,3800
"30868",5105,1021,4084
"30869",3450,690,2760
"30870",4650,930,3720
"30871",4195,839,3356
"30872",3410,682,2728
"30873",5690,1138,4552
"30874",4140,828,3312
"30875",4465,893,3572
"30876",4545,909,3636
"30877",5460,1092,4368
"30878",4030,806,3224
"30879",3640,728,2912
"30880",3275,655,2620
"30881",6900,1380,5520
"30882",5070,1014,4056
"30883",5735,1147,4588
"30884",4460,892,3568
"30885",4920,984,3936
"30886",4425,885,3540
"30887",6570,1314,5256
"30888",6725,1345,5380
"30889",5490,1098,4392
"30890",5395,1079,4316
"30891",5620,1124,4496
"30892",4935,987,3948
"30893",6145,1229,4916
"30894",7580,1516,6064
"30895",4595,919,3676
"30896",4455,891,3564
"30897",4460,892,3568
"30898",4230,846,3384
"30899",3765,753,3012
"30900",4810,962,3848
"30901",5450,1090,4360
"30902",4400,880,3520
"30903",3515,703,2812
"30904",4375,875,3500
"30905",5315,1063,4252
"30906",5430,1086,4344
"30907",4360,872,3488
"30908",3880,776,3104
"30909",4695,939,3756
"30910",4645,929,3716
"30911",6315,1263,5052
"30912",5355,1071,4284
"30913",5305,1061,4244
"30914",4265,853,3412
"30915",4550,910,3640
"30916",5675,1135,4540
"30917",4360,872,3488
"30918",4740,948,3792
"30919",3485,697,2788
"30920",5710,1142,4568
"30921",4885,977,3908
"30922",4205,841,3364
"30923",4055,811,3244
"30924",5400,1080,4320
"30925",5020,1004,4016
"30926",4000,800,3200
"30927",4260,852,3408
"30928",4305,861,3444
"30929",3405,681,2724
"30930",6575,1315,5260
"30931",4150,830,3320
"30932",5450,1090,4360
"30933",4320,864,3456
"30934",3960,792,3168
"30935",5320,1064,4256
"30936",5790,1158,4632
"30937",3690,738,2952
"30938",6325,1265,5060
"30939",4920,984,3936
"30940",6010,1202,4808
"30941",3940,788,3152
"30942",3775,755,3020
"30943",5275,1055,4220
"30944",4245,849,3396
"30945",6110,1222,4888
"30946",5940,1188,4752
"30947",4970,994,3976
"30948",4200,840,3360
"30949",5115,1023,4092
"30950",3885,777,3108
"30951",3830,766,3064
"30952",4415,883,3532
"30953",4605,921,3684
"30954",5300,1060,4240
"30955",3970,794,3176
"30956",7385,1477,5908
"30957",3555,711,2844
"30958",5535,1107,4428
"30959",4980,996,3984
"30960",4235,847,3388
"30961",5315,1063,4252
"30962",4280,856,3424
"30963",4705,941,3764
"30964",4325,865,3460
"30965",4310,862,3448
"30966",3650,730,2920
"30967",6310,1262,5048
"30968",4360,872,3488
"30969",4830,966,3864
"30970",5200,1040,4160
"30971",4095,819,3276
"30972",7170,1434,5736
"30973",4300,860,3440
"30974",5175,1035,4140
"30975",5225,1045,4180
"30976",4130,826,3304
"30977",5220,1044,4176
"30978",4485,897,3588
"30979",5195,1039,4156
"30980",4085,817,3268
"30981",5345,1069,4276
"30982",4590,918,3672
"30983",4245,849,3396
"30984",3790,758,3032
"30985",4840,968,3872
"30986",4595,919,3676
"30987",5840,1168,4672
"30988",4275,855,3420
"30989",4770,954,3816
"30990",4350,870,3480
"30991",3840,768,3072
"30992",4110,822,3288
"30993",5805,1161,4644
"30994",4405,881,3524
"30995",3700,740,2960
"30996",5610,1122,4488
"30997",5350,1070,4280
"30998",4015,803,3212
"30999",4925,985,3940
"31000",5095,1019,4076
"31001",4480,896,3584
"31002",4540,908,3632
"31003",4860,972,3888
"31004",5190,1038,4152
"31005",3835,767,3068
"31006",4870,974,3896
"31007",5780,1156,4624
"31008",3985,797,3188
"31009",5930,1186,4744
"31010",4945,989,3956
"31011",3860,772,3088
"31012",4115,823,3292
"31013",3430,686,2744
"31014",3090,618,2472
"31015",4210,842,3368
"31016",4005,801,3204
"31017",4575,915,3660
"31018",5100,1020,4080
"31019",3800,760,3040
"31020",5010,1002,4008
"31021",4910,982,3928
"31022",5005,1001,4004
"31023",4630,926,3704
"31024",4360,872,3488
"31025",7325,1465,5860
"31026",6590,1318,5272
"31027",4290,858,3432
"31028",4990,998,3992
"31029",4615,923,3692
"31030",4895,979,3916
"31031",4855,971,3884
"31032",4640,928,3712
"31033",5910,1182,4728
"31034",5225,1045,4180
"31035",5355,1071,4284
"31036",5270,1054,4216
"31037",6000,1200,4800
"31038",4640,928,3712
"31039",3910,782,3128
"31040",4315,863,3452
"31041",4310,862,3448
"31042",4410,882,3528
"31043",4230,846,3384
"31044",4585,917,3668
"31045",3975,795,3180
"31046",5410,1082,4328
"31047",4875,975,3900
"31048",4365,873,3492
"31049",3365,673,2692
"31050",4380,876,3504
"31051",4600,920,3680
"31052",3545,709,2836
"31053",7505,1501,6004
"31054",3955,791,3164
"31055",4265,853,3412
"31056",4460,892,3568
"31057",5125,1025,4100
"31058",5100,1020,4080
"31059",6215,1243,4972
"31060",4190,838,3352
"31061",4565,913,3652
"31062",6120,1224,4896
"31063",5395,1079,4316
"31064",4185,837,3348
"31065",4330,866,3464
"31066",6130,1226,4904
"31067",4840,968,3872
"31068",4660,932,3728
"31069",4960,992,3968
"31070",4200,840,3360
"31071",4090,818,3272
"31072",4790,958,3832
"31073",4705,941,3764
"31074",4025,805,3220
"31075",3850,770,3080
"31076",4615,923,3692
"31077",4155,831,3324
"31078",4735,947,3788
"31079",3235,647,2588
"31080",6325,1265,5060
"31081",4290,858,3432
"31082",6245,1249,4996
"31083",4940,988,3952
"31084",4670,934,3736
"31085",5140,1028,4112
"31086",4115,823,3292
"31087",4260,852,3408
"31088",4525,905,3620
"31089",6195,1239,4956
"31090",5305,1061,4244
"31091",4935,987,3948
"31092",4000,800,3200
"31093",5275,1055,4220
"31094",4355,871,3484
"31095",4825,965,3860
"31096",5315,1063,4252
"31097",4430,886,3544
"31098",4810,962,3848
"31099",5155,1031,4124
"31100",5235,1047,4188
"31101",4260,852,3408
"31102",3655,731,2924
"31103",4000,800,3200
"31104",5045,1009,4036
"31105",5220,1044,4176
"31106",5575,1115,4460
"31107",3550,710,2840
"31108",6935,1387,5548
"31109",3460,692,2768
"31110",5125,1025,4100
"31111",4420,884,3536
"31112",3535,707,2828
"31113",3880,776,3104
"31114",4295,859,3436
"31115",4410,882,3528
"31116",5310,1062,4248
"31117",5480,1096,4384
"31118",3935,787,3148
"31119",6235,1247,4988
"31120",4250,850,3400
"31121",4095,819,3276
"31122",4160,832,3328
"31123",5075,1015,4060
"31124",3430,686,2744
"31125",3910,782,3128
"31126",4215,843,3372
"31127",6245,1249,4996
"31128",4955,991,3964
"31129",4080,816,3264
"31130",3890,778,3112
"31131",4430,886,3544
"31132",4795,959,3836
"31133",5125,1025,4100
"31134",5015,1003,4012
"31135",5310,1062,4248
"31136",3775,755,3020
"31137",5215,1043,4172
"31138",5330,1066,4264
"31139",4495,899,3596
"31140",3850,770,3080
"31141",3570,714,2856
"31142",5325,1065,4260
"31143",4630,926,3704
"31144",3630,726,2904
"31145",5080,1016,4064
"31146",4280,856,3424
"31147",4025,805,3220
"31148",5710,1142,4568
"31149",5260,1052,4208
"31150",7010,1402,5608
"31151",4810,962,3848
"31152",3920,784,3136
"31153",5705,1141,4564
"31154",3540,708,2832
"31155",4275,855,3420
"31156",6820,1364,5456
"31157",3860,772,3088
"31158",5200,1040,4160
"31159",3980,796,3184
"31160",5300,1060,4240
"31161",7045,1409,5636
"31162",4430,886,3544
"31163",4155,831,3324
"31164",6320,1264,5056
"31165",3410,682,2728
"31166",5475,1095,4380
"31167",6505,1301,5204
"31168",4915,983,3932
"31169",5225,1045,4180
"31170",4705,941,3764
"31171",4035,807,3228
"31172",5730,1146,4584
"31173",4135,827,3308
"31174",5265,1053,4212
"31175",4360,872,3488
"31176",3760,752,3008
"31177",5605,1121,4484
"31178",6075,1215,4860
"31179",4510,902,3608
"31180",4005,801,3204
"31181",4020,804,3216
"31182",4875,975,3900
"31183",4305,861,3444
"31184",5285,1057,4228
"31185",4540,908,3632
"31186",7060,1412,5648
"31187",7300,1460,5840
"31188",4695,939,3756
"31189",4500,900,3600
"31190",5050,1010,4040
"31191",4410,882,3528
"31192",5075,1015,4060
"31193",4980,996,3984
"31194",6820,1364,5456
"31195",4260,852,3408
"31196",3975,795,3180
"31197",5215,1043,4172
"31198",5200,1040,4160
"31199",3300,660,2640
"31200",4765,953,3812
"31201",4435,887,3548
"31202",4495,899,3596
"31203",4270,854,3416
"31204",5035,1007,4028
"31205",6530,1306,5224
"31206",4180,836,3344
"31207",5125,1025,4100
"31208",3885,777,3108
"31209",5990,1198,4792
"31210",4585,917,3668
"31211",5550,1110,4440
"31212",5880,1176,4704
"31213",4010,802,3208
"31214",5310,1062,4248
"31215",5795,1159,4636
"31216",4090,818,3272
"31217",4775,955,3820
"31218",4580,916,3664
"31219",4810,962,3848
"31220",4785,957,3828
"31221",5035,1007,4028
"31222",6170,1234,4936
"31223",4360,872,3488
"31224",5170,1034,4136
"31225",5445,1089,4356
"31226",4355,871,3484
"31227",5135,1027,4108
"31228",4615,923,3692
"31229",5155,1031,4124
"31230",4750,950,3800
"31231",3490,698,2792
"31232",5485,1097,4388
"31233",5470,1094,4376
"31234",3820,764,3056
"31235",5530,1106,4424
"31236",3975,795,3180
"31237",4120,824,3296
"31238",5375,1075,4300
"31239",3770,754,3016
"31240",3540,708,2832
"31241",3910,782,3128
"31242",4020,804,3216
"31243",4250,850,3400
"31244",5585,1117,4468
"31245",5295,1059,4236
"31246",4135,827,3308
"31247",4790,958,3832
"31248",5745,1149,4596
"31249",5590,1118,4472
"31250",4875,975,3900
"31251",5330,1066,4264
"31252",3930,786,3144
"31253",4250,850,3400
"31254",4305,861,3444
"31255",4685,937,3748
"31256",5260,1052,4208
"31257",4290,858,3432
"31258",4730,946,3784
"31259",4160,832,3328
"31260",4655,931,3724
"31261",6790,1358,5432
"31262",5335,1067,4268
"31263",6385,1277,5108
"31264",4165,833,3332
"31265",4690,938,3752
"31266",3735,747,2988
"31267",5845,1169,4676
"31268",3710,742,2968
"31269",3545,709,2836
"31270",4180,836,3344
"31271",4970,994,3976
"31272",3670,734,2936
"31273",4080,816,3264
"31274",5805,1161,4644
"31275",4660,932,3728
"31276",6025,1205,4820
"31277",4105,821,3284
"31278",4370,874,3496
"31279",4775,955,3820
"31280",3900,780,3120
"31281",5160,1032,4128
"31282",4980,996,3984
"31283",5535,1107,4428
"31284",4325,865,3460
"31285",5345,1069,4276
"31286",4930,986,3944
"31287",4705,941,3764
"31288",6100,1220,4880
"31289",4685,937,3748
"31290",4370,874,3496
"31291",3620,724,2896
"31292",3795,759,3036
"31293",4250,850,3400
"31294",4300,860,3440
"31295",4045,809,3236
"31296",5720,1144,4576
"31297",5525,1105,4420
"31298",4455,891,3564
"31299",4660,932,3728
"31300",7525,1505,6020
"31301",6825,1365,5460
"31302",4575,915,3660
"31303",3670,734,2936
"31304",4105,821,3284
"31305",4790,958,3832
"31306",6285,1257,5028
"31307",4710,942,3768
"31308",3750,750,3000
"31309",4895,979,3916
"31310",6565,1313,5252
"31311",5450,1090,4360
"31312",4290,858,3432
"31313",3630,726,2904
"31314",4990,998,3992
"31315",3310,662,2648
"31316",5005,1001,4004
"31317",6050,1210,4840
"31318",4255,851,3404
"31319",4855,971,3884
"31320",4160,832,3328
"31321",4280,856,3424
"31322",4025,805,3220
"31323",4930,986,3944
"31324",4860,972,3888
"31325",3925,785,3140
"31326",4330,866,3464
"31327",4810,962,3848
"31328",4070,814,3256
"31329",5170,1034,4136
"31330",3970,794,3176
"31331",5325,1065,4260
"31332",4380,876,3504
"31333",4050,810,3240
"31334",5075,1015,4060
"31335",4690,938,3752
"31336",4510,902,3608
"31337",4915,983,3932
"31338",4670,934,3736
"31339",4350,870,3480
"31340",4960,992,3968
"31341",4455,891,3564
"31342",6395,1279,5116
"31343",4070,814,3256
"31344",5745,1149,4596
"31345",4785,957,3828
"31346",5275,1055,4220
"31347",4655,931,3724
"31348",3690,738,2952
"31349",3575,715,2860
"31350",5960,1192,4768
"31351",4320,864,3456
"31352",5550,1110,4440
"31353",5100,1020,4080
"31354",3520,704,2816
"31355",5075,1015,4060
"31356",4375,875,3500
"31357",5120,1024,4096
"31358",5240,1048,4192
"31359",3765,753,3012
"31360",4100,820,3280
"31361",5035,1007,4028
"31362",3900,780,3120
"31363",5115,1023,4092
"31364",4485,897,3588
"31365",6800,1360,5440
"31366",4310,862,3448
"31367",4945,989,3956
"31368",6145,1229,4916
"31369",4215,843,3372
"31370",5660,1132,4528
"31371",5945,1189,4756
"31372",5190,1038,4152
"31373",5520,1104,4416
"31374",6485,1297,5188
"31375",4960,992,3968
"31376",3945,789,3156
"31377",5755,1151,4604
"31378",4685,937,3748
"31379",4375,875,3500
"31380",4245,849,3396
"31381",3785,757,3028
"31382",4235,847,3388
"31383",4230,846,3384
"31384",4525,905,3620
"31385",4460,892,3568
"31386",4020,804,3216
"31387",4985,997,3988
"31388",5445,1089,4356
"31389",5580,1116,4464
"31390",6170,1234,4936
"31391",5900,1180,4720
"31392",5065,1013,4052
"31393",4200,840,3360
"31394",3785,757,3028
"31395",3945,789,3156
"31396",4570,914,3656
"31397",4625,925,3700
"31398",4720,944,3776
"31399",5005,1001,4004
"31400",3815,763,3052
"31401",4850,970,3880
"31402",5045,1009,4036
"31403",6195,1239,4956
"31404",4090,818,3272
"31405",3725,745,2980
"31406",4305,861,3444
"31407",4215,843,3372
"31408",4170,834,3336
"31409",4840,968,3872
"31410",5600,1120,4480
"31411",4140,828,3312
"31412",4300,860,3440
"31413",4210,842,3368
"31414",3755,751,3004
"31415",4285,857,3428
"31416",4905,981,3924
"31417",4275,855,3420
"31418",5025,1005,4020
"31419",5230,1046,4184
"31420",4740,948,3792
"31421",5895,1179,4716
"31422",4210,842,3368
"31423",3735,747,2988
"31424",5370,1074,4296
"31425",4770,954,3816
"31426",5480,1096,4384
"31427",4210,842,3368
"31428",8000,1600,6400
"31429",5075,1015,4060
"31430",5560,1112,4448
"31431",5305,1061,4244
"31432",4490,898,3592
"31433",5370,1074,4296
"31434",5060,1012,4048
"31435",5275,1055,4220
"31436",4530,906,3624
"31437",5185,1037,4148
"31438",4070,814,3256
"31439",4650,930,3720
"31440",5445,1089,4356
"31441",4930,986,3944
"31442",3840,768,3072
"31443",4800,960,3840
"31444",4175,835,3340
"31445",4570,914,3656
"31446",4865,973,3892
"31447",4550,910,3640
"31448",5070,1014,4056
"31449",4050,810,3240
"31450",4885,977,3908
"31451",4475,895,3580
"31452",5260,1052,4208
"31453",5505,1101,4404
"31454",4680,936,3744
"31455",4380,876,3504
"31456",4180,836,3344
"31457",4250,850,3400
"31458",4765,953,3812
"31459",4545,909,3636
"31460",3645,729,2916
"31461",3985,797,3188
"31462",4905,981,3924
"31463",4430,886,3544
"31464",5535,1107,4428
"31465",4740,948,3792
"31466",4340,868,3472
"31467",5755,1151,4604
"31468",4500,900,3600
"31469",7110,1422,5688
"31470",5190,1038,4152
"31471",5790,1158,4632
"31472",4860,972,3888
"31473",5975,1195,4780
"31474",6990,1398,5592
"31475",4845,969,3876
"31476",3890,778,3112
"31477",4965,993,3972
"31478",4755,951,3804
"31479",5315,1063,4252
"31480",4630,926,3704
"31481",4730,946,3784
"31482",5215,1043,4172
"31483",5705,1141,4564
"31484",5920,1184,4736
"31485",4665,933,3732
"31486",4655,931,3724
"31487",3935,787,3148
"31488",4625,925,3700
"31489",4250,850,3400
"31490",5520,1104,4416
"31491",5180,1036,4144
"31492",4175,835,3340
"31493",3925,785,3140
"31494",5320,1064,4256
"31495",5850,1170,4680
"31496",4755,951,3804
"31497",4660,932,3728
"31498",3500,700,2800
"31499",5515,1103,4412
"31500",4675,935,3740
"31501",5470,1094,4376
"31502",4760,952,3808
"31503",3930,786,3144
"31504",4345,869,3476
"31505",3675,735,2940
"31506",6070,1214,4856
"31507",3875,775,3100
"31508",4495,899,3596
"31509",4380,876,3504
"31510",3825,765,3060
"31511",4575,915,3660
"31512",5445,1089,4356
"31513",4785,957,3828
"31514",6605,1321,5284
"31515",3670,734,2936
"31516",4135,827,3308
"31517",3775,755,3020
"31518",6310,1262,5048
"31519",3905,781,3124
"31520",4235,847,3388
"31521",4055,811,3244
"31522",6940,1388,5552
"31523",5215,1043,4172
"31524",4420,884,3536
"31525",4500,900,3600
"31526",5335,1067,4268
"31527",4535,907,3628
"31528",4155,831,3324
"31529",5485,1097,4388
"31530",4085,817,3268
"31531",4735,947,3788
"31532",5080,1016,4064
"31533",5005,1001,4004
"31534",4400,880,3520
"31535",3425,685,2740
"31536",4840,968,3872
"31537",4910,982,3928
"31538",5195,1039,4156
"31539",5240,1048,4192
"31540",4470,894,3576
"31541",4705,941,3764
"31542",4690,938,3752
"31543",4970,994,3976
"31544",4510,902,3608
"31545",4310,862,3448
"31546",4130,826,3304
"31547",4000,800,3200
"31548",3375,675,2700
"31549",4585,917,3668
"31550",4605,921,3684
"31551",4500,900,3600
"31552",5915,1183,4732
"31553",4780,956,3824
"31554",5635,1127,4508
"31555",4480,896,3584
"31556",3960,792,3168
"31557",6350,1270,5080
"31558",5765,1153,4612
"31559",3525,705,2820
"31560",5710,1142,4568
"31561",4135,827,3308
"31562",4995,999,3996
"31563",6510,1302,5208
"31564",5125,1025,4100
"31565",6090,1218,4872
"31566",3515,703,2812
"31567",5215,1043,4172
"31568",5240,1048,4192
"31569",4130,826,3304
"31570",5060,1012,4048
"31571",4110,822,3288
"31572",3815,763,3052
"31573",4595,919,3676
"31574",4035,807,3228
"31575",4315,863,3452
"31576",5305,1061,4244
"31577",4155,831,3324
"31578",4800,960,3840
"31579",6480,1296,5184
"31580",5665,1133,4532
"31581",6150,1230,4920
"31582",5815,1163,4652
"31583",4775,955,3820
"31584",4595,919,3676
"31585",4025,805,3220
"31586",4755,951,3804
"31587",3680,736,2944
"31588",5110,1022,4088
"31589",5720,1144,4576
"31590",4890,978,3912
"31591",5445,1089,4356
"31592",3715,743,2972
"31593",4945,989,3956
"31594",4470,894,3576
"31595",5025,1005,4020
"31596",5670,1134,4536
"31597",4255,851,3404
"31598",4350,870,3480
"31599",4035,807,3228
"31600",4560,912,3648
"31601",5365,1073,4292
"31602",3710,742,2968
"31603",4210,842,3368
"31604",4185,837,3348
"31605",5780,1156,4624
"31606",3980,796,3184
"31607",5325,1065,4260
"31608",5445,1089,4356
"31609",4750,950,3800
"31610",5660,1132,4528
"31611",4005,801,3204
"31612",5225,1045,4180
"31613",5660,1132,4528
"31614",4245,849,3396
"31615",3825,765,3060
"31616",5395,1079,4316
"31617",5080,1016,4064
"31618",4330,866,3464
"31619",4925,985,3940
"31620",4370,874,3496
"31621",3880,776,3104
"31622",4495,899,3596
"31623",6005,1201,4804
"31624",4010,802,3208
"31625",6795,1359,5436
"31626",4640,928,3712
"31627",5140,1028,4112
"31628",5735,1147,4588
"31629",4240,848,3392
"31630",4735,947,3788
"31631",3940,788,3152
"31632",4755,951,3804
"31633",3855,771,3084
"31634",4050,810,3240
"31635",5710,1142,4568
"31636",4500,900,3600
"31637",4755,951,3804
"31638",3775,755,3020
"31639",4450,890,3560
"31640",3725,745,2980
"31641",4325,865,3460
"31642",4295,859,3436
"31643",3885,777,3108
"31644",3825,765,3060
"31645",3795,759,3036
"31646",4395,879,3516
"31647",3855,771,3084
"31648",5135,1027,4108
"31649",5070,1014,4056
"31650",4045,809,3236
"31651",5955,1191,4764
"31652",5705,1141,4564
"31653",4450,890,3560
"31654",4710,942,3768
"31655",4490,898,3592
"31656",3720,744,2976
"31657",5125,1025,4100
"31658",5190,1038,4152
"31659",6595,1319,5276
"31660",4390,878,3512
"31661",4855,971,3884
"31662",4385,877,3508
"31663",4660,932,3728
"31664",4905,981,3924
"31665",3680,736,2944
"31666",3925,785,3140
"31667",4295,859,3436
"31668",4640,928,3712
"31669",3700,740,2960
"31670",4285,857,3428
"31671",4415,883,3532
"31672",4675,935,3740
"31673",5685,1137,4548
"31674",5500,1100,4400
"31675",3890,778,3112
"31676",8135,1627,6508
"31677",4200,840,3360
"31678",4575,915,3660
"31679",4025,805,3220
"31680",5800,1160,4640
"31681",4145,829,3316
"31682",4500,900,3600
"31683",4640,928,3712
"31684",5095,1019,4076
"31685",4935,987,3948
"31686",3770,754,3016
"31687",4360,872,3488
"31688",5250,1050,4200
"31689",4425,885,3540
"31690",3910,782,3128
"31691",4990,998,3992
"31692",3860,772,3088
"31693",5140,1028,4112
"31694",4310,862,3448
"31695",4035,807,3228
"31696",5160,1032,4128
"31697",5500,1100,4400
"31698",5120,1024,4096
"31699",4520,904,3616
"31700",4600,920,3680
"31701",6810,1362,5448
"31702",4525,905,3620
"31703",3615,723,2892
"31704",4575,915,3660
"31705",4860,972,3888
"31706",4695,939,3756
"31707",3555,711,2844
"31708",5210,1042,4168
"31709",4230,846,3384
"31710",4475,895,3580
"31711",5605,1121,4484
"31712",5575,1115,4460
"31713",5055,1011,4044
"31714",4315,863,3452
"31715",6275,1255,5020
"31716",4260,852,3408
"31717",5200,1040,4160
"31718",5250,1050,4200
"31719",6055,1211,4844
"31720",4665,933,3732
"31721",4860,972,3888
"31722",3625,725,2900
"31723",4420,884,3536
"31724",5650,1130,4520
"31725",5330,1066,4264
"31726",3540,708,2832
"31727",4010,802,3208
"31728",4830,966,3864
"31729",5360,1072,4288
"31730",4250,850,3400
"31731",4910,982,3928
"31732",4900,980,3920
"31733",4305,861,3444
"31734",5040,1008,4032
"31735",4560,912,3648
"31736",4665,933,3732
"31737",5235,1047,4188
"31738",4230,846,3384
"31739",5675,1135,4540
"31740",3895,779,3116
"31741",4500,900,3600
"31742",4080,816,3264
"31743",5420,1084,4336
"31744",5645,1129,4516
"31745",5655,1131,4524
"31746",4740,948,3792
"31747",5485,1097,4388
"31748",4010,802,3208
"31749",4050,810,3240
"31750",4190,838,3352
"31751",4280,856,3424
"31752",5280,1056,4224
"31753",3400,680,2720
"31754",3735,747,2988
"31755",4705,941,3764
"31756",5290,1058,4232
"31757",5425,1085,4340
"31758",4740,948,3792
"31759",5465,1093,4372
"31760",6955,1391,5564
"31761",4290,858,3432
"31762",5060,1012,4048
"31763",3610,722,2888
"31764",4845,969,3876
"31765",5025,1005,4020
"31766",4445,889,3556
"31767",7195,1439,5756
"31768",4350,870,3480
"31769",3530,706,2824
"31770",4910,982,3928
"31771",4350,870,3480
"31772",4415,883,3532
"31773",5490,1098,4392
"31774",3500,700,2800
"31775",6955,1391,5564
"31776",4125,825,3300
"31777",3930,786,3144
"31778",4225,845,3380
"31779",4560,912,3648
"31780",5490,1098,4392
"31781",4830,966,3864
"31782",3805,761,3044
"31783",4545,909,3636
"31784",5310,1062,4248
"31785",4415,883,3532
"31786",3875,775,3100
"31787",6010,1202,4808
"31788",4930,986,3944
"31789",3805,761,3044
"31790",3665,733,2932
"31791",4755,951,3804
"31792",4380,876,3504
"31793",5465,1093,4372
"31794",4210,842,3368
"31795",4695,939,3756
"31796",3905,781,3124
"31797",3925,785,3140
"31798",4530,906,3624
"31799",5025,1005,4020
"31800",4285,857,3428
"31801",3865,773,3092
"31802",4660,932,3728
"31803",4720,944,3776
"31804",5225,1045,4180
"31805",4945,989,3956
"31806",4970,994,3976
"31807",3795,759,3036
"31808",5990,1198,4792
"31809",5085,1017,4068
"31810",4850,970,3880
"31811",3780,756,3024
"31812",3645,729,2916
"31813",4445,889,3556
"31814",5130,1026,4104
"31815",6375,1275,5100
"31816",5035,1007,4028
"31817",4230,846,3384
"31818",4455,891,3564
"31819",4070,814,3256
"31820",5080,1016,4064
"31821",4395,879,3516
"31822",4610,922,3688
"31823",4195,839,3356
"31824",3890,778,3112
"31825",4640,928,3712
"31826",4425,885,3540
"31827",3620,724,2896
"31828",3915,783,3132
"31829",5500,1100,4400
"31830",6235,1247,4988
"31831",3820,764,3056
"31832",4720,944,3776
"31833",4870,974,3896
"31834",4555,911,3644
"31835",4545,909,3636
"31836",4070,814,3256
"31837",5320,1064,4256
"31838",4665,933,3732
"31839",3490,698,2792
"31840",4345,869,3476
"31841",4805,961,3844
"31842",4585,917,3668
"31843",4090,818,3272
"31844",4700,940,3760
"31845",4905,981,3924
"31846",5285,1057,4228
"31847",6170,1234,4936
"31848",4490,898,3592
"31849",4835,967,3868
"31850",5555,1111,4444
"31851",4210,842,3368
"31852",4595,919,3676
"31853",5540,1108,4432
"31854",4510,902,3608
"31855",4630,926,3704
"31856",4390,878,3512
"31857",4555,911,3644
"31858",4005,801,3204
"31859",4970,994,3976
"31860",4270,854,3416
"31861",4840,968,3872
"31862",4370,874,3496
"31863",4515,903,3612
"31864",4585,917,3668
"31865",3920,784,3136
"31866",4275,855,3420
"31867",5320,1064,4256
"31868",4710,942,3768
"31869",4560,912,3648
"31870",4480,896,3584
"31871",3970,794,3176
"31872",4415,883,3532
"31873",4970,994,3976
"31874",6115,1223,4892
"31875",4765,953,3812
"31876",5325,1065,4260
"31877",4490,898,3592
"31878",4445,889,3556
"31879",4230,846,3384
"31880",5155,1031,4124
"31881",3825,765,3060
"31882",4115,823,3292
"31883",4435,887,3548
"31884",3540,708,2832
"31885",3915,783,3132
"31886",4070,814,3256
"31887",4765,953,3812
"31888",4135,827,3308
"31889",4555,911,3644
"31890",3785,757,3028
"31891",4635,927,3708
"31892",3865,773,3092
"31893",4210,842,3368
"31894",6505,1301,5204
"31895",3990,798,3192
"31896",4885,977,3908
"31897",3735,747,2988
"31898",4665,933,3732
"31899",5385,1077,4308
"31900",4175,835,3340
"31901",6350,1270,5080
"31902",4025,805,3220
"31903",3190,638,2552
"31904",4930,986,3944
"31905",5610,1122,4488
"31906",3880,776,3104
"31907",3630,726,2904
"31908",5865,1173,4692
"31909",4620,924,3696
"31910",4060,812,3248
"31911",4315,863,3452
"31912",4915,983,3932
"31913",4810,962,3848
"31914",4500,900,3600
"31915",4625,925,3700
"31916",6400,1280,5120
"31917",4100,820,3280
"31918",4055,811,3244
"31919",4855,971,3884
"31920",4690,938,3752
"31921",4800,960,3840
"31922",5420,1084,4336
"31923",5240,1048,4192
"31924",4340,868,3472
"31925",4550,910,3640
"31926",5865,1173,4692
"31927",3535,707,2828
"31928",4670,934,3736
"31929",6170,1234,4936
"31930",4105,821,3284
"31931",4380,876,3504
"31932",9445,1889,7556
"31933",4570,914,3656
"31934",4325,865,3460
"31935",3890,778,3112
"31936",5195,1039,4156
"31937",4045,809,3236
"31938",4465,893,3572
"31939",6070,1214,4856
"31940",4700,940,3760
"31941",6300,1260,5040
"31942",4230,846,3384
"31943",3150,630,2520
"31944",6305,1261,5044
"31945",3930,786,3144
"31946",4570,914,3656
"31947",4860,972,3888
"31948",4690,938,3752
"31949",5015,1003,4012
"31950",5335,1067,4268
"31951",4460,892,3568
"31952",4415,883,3532
"31953",4880,976,3904
"31954",6250,1250,5000
"31955",3590,718,2872
"31956",4810,962,3848
"31957",5160,1032,4128
"31958",6135,1227,4908
"31959",4645,929,3716
"31960",3740,748,2992
"31961",5330,1066,4264
"31962",5240,1048,4192
"31963",5375,1075,4300
"31964",4670,934,3736
"31965",4300,860,3440
"31966",4875,975,3900
"31967",4355,871,3484
"31968",4575,915,3660
"31969",4880,976,3904
"31970",5435,1087,4348
"31971",4785,957,3828
"31972",4080,816,3264
"31973",5775,1155,4620
"31974",4410,882,3528
"31975",3970,794,3176
"31976",4365,873,3492
"31977",3825,765,3060
"31978",5280,1056,4224
"31979",4340,868,3472
"31980",7005,1401,5604
"31981",4070,814,3256
"31982",4295,859,3436
"31983",5580,1116,4464
"31984",4910,982,3928
"31985",4645,929,3716
"31986",5290,1058,4232
"31987",5020,1004,4016
"31988",4120,824,3296
"31989",3945,789,3156
"31990",4690,938,3752
"31991",3995,799,3196
"31992",4015,803,3212
"31993",5565,1113,4452
"31994",4510,902,3608
"31995",5050,1010,4040
"31996",5110,1022,4088
"31997",4905,981,3924
"31998",4215,843,3372
"31999",4820,964,3856
"32000",5475,1095,4380
"32001",4765,953,3812
"32002",4245,849,3396
"32003",4890,978,3912
"32004",4910,982,3928
"32005",5945,1189,4756
"32006",4225,845,3380
"32007",5185,1037,4148
"32008",4470,894,3576
"32009",4105,821,3284
"32010",4635,927,3708
"32011",5780,1156,4624
"32012",4645,929,3716
"32013",5850,1170,4680
"32014",4405,881,3524
"32015",5400,1080,4320
"32016",4100,820,3280
"32017",5525,1105,4420
"32018",5325,1065,4260
"32019",4645,929,3716
"32020",4730,946,3784
"32021",4710,942,3768
"32022",5635,1127,4508
"32023",5680,1136,4544
"32024",4380,876,3504
"32025",4185,837,3348
"32026",3360,672,2688
"32027",3950,790,3160
"32028",4230,846,3384
"32029",4400,880,3520
"32030",4335,867,3468
"32031",4610,922,3688
"32032",4200,840,3360
"32033",4820,964,3856
"32034",5580,1116,4464
"32035",4350,870,3480
"32036",6155,1231,4924
"32037",3690,738,2952
"32038",4295,859,3436
"32039",5825,1165,4660
"32040",3605,721,2884
"32041",5065,1013,4052
"32042",3635,727,2908
"32043",5215,1043,4172
"32044",4575,915,3660
"32045",4340,868,3472
"32046",4515,903,3612
"32047",4405,881,3524
"32048",3520,704,2816
"32049",5045,1009,4036
"32050",4560,912,3648
"32051",3795,759,3036
"32052",3945,789,3156
"32053",3530,706,2824
"32054",6065,1213,4852
"32055",4035,807,3228
"32056",3890,778,3112
"32057",4950,990,3960
"32058",4575,915,3660
"32059",4180,836,3344
"32060",7155,1431,5724
"32061",4775,955,3820
"32062",4585,917,3668
"32063",3600,720,2880
"32064",4125,825,3300
"32065",4635,927,3708
"32066",3870,774,3096
"32067",4650,930,3720
"32068",5370,1074,4296
"32069",3850,770,3080
"32070",6435,1287,5148
"32071",6750,1350,5400
"32072",3955,791,3164
"32073",4740,948,3792
"32074",5890,1178,4712
"32075",5110,1022,4088
"32076",3620,724,2896
"32077",4240,848,3392
"32078",4295,859,3436
"32079",5495,1099,4396
"32080",3985,797,3188
"32081",4750,950,3800
"32082",6035,1207,4828
"32083",3755,751,3004
"32084",4265,853,3412
"32085",7105,1421,5684
"32086",5870,1174,4696
"32087",4365,873,3492
"32088",3655,731,2924
"32089",4780,956,3824
"32090",4165,833,3332
"32091",6935,1387,5548
"32092",3955,791,3164
"32093",4085,817,3268
"32094",4590,918,3672
"32095",4475,895,3580
"32096",3550,710,2840
"32097",4530,906,3624
"32098",4865,973,3892
"32099",5665,1133,4532
"32100",4410,882,3528
"32101",3880,776,3104
"32102",5190,1038,4152
"32103",4100,820,3280
"32104",4550,910,3640
"32105",7180,1436,5744
"32106",4320,864,3456
"32107",5480,1096,4384
"32108",4310,862,3448
"32109",4385,877,3508
"32110",4885,977,3908
"32111",4000,800,3200
"32112",4670,934,3736
"32113",4255,851,3404
"32114",4290,858,3432
"32115",5065,1013,4052
"32116",5435,1087,4348
"32117",4990,998,3992
"32118",4630,926,3704
"32119",4660,932,3728
"32120",5335,1067,4268
"32121",3815,763,3052
"32122",6420,1284,5136
"32123",4680,936,3744
"32124",5310,1062,4248
"32125",6720,1344,5376
"32126",4450,890,3560
"32127",6185,1237,4948
"32128",4585,917,3668
"32129",4205,841,3364
"32130",4855,971,3884
"32131",6380,1276,5104
"32132",5220,1044,4176
"32133",3925,785,3140
"32134",4875,975,3900
"32135",5505,1101,4404
"32136",4885,977,3908
"32137",4005,801,3204
"32138",4510,902,3608
"32139",4130,826,3304
"32140",5175,1035,4140
"32141",5905,1181,4724
"32142",6230,1246,4984
"32143",4280,856,3424
"32144",5210,1042,4168
"32145",4115,823,3292
"32146",3725,745,2980
"32147",5045,1009,4036
"32148",5085,1017,4068
"32149",4445,889,3556
"32150",4415,883,3532
"32151",4300,860,3440
"32152",4165,833,3332
"32153",4880,976,3904
"32154",5725,1145,4580
"32155",4850,970,3880
"32156",3805,761,3044
"32157",4090,818,3272
"32158",5100,1020,4080
"32159",7940,1588,6352
"32160",7035,1407,5628
"32161",4570,914,3656
"32162",4170,834,3336
"32163",4055,811,3244
"32164",5920,1184,4736
"32165",3415,683,2732
"32166",4720,944,3776
"32167",4520,904,3616
"32168",3830,766,3064
"32169",4685,937,3748
"32170",5350,1070,4280
"32171",5395,1079,4316
"32172",4365,873,3492
"32173",4655,931,3724
"32174",4380,876,3504
"32175",4590,918,3672
"32176",5360,1072,4288
"32177",4780,956,3824
"32178",6530,1306,5224
"32179",4965,993,3972
"32180",3765,753,3012
"32181",5040,1008,4032
"32182",5360,1072,4288
"32183",6065,1213,4852
"32184",6255,1251,5004
"32185",4660,932,3728
"32186",3850,770,3080
"32187",7510,1502,6008
"32188",5360,1072,4288
"32189",3470,694,2776
"32190",6545,1309,5236
"32191",4510,902,3608
"32192",4410,882,3528
"32193",4925,985,3940
"32194",3805,761,3044
"32195",4315,863,3452
"32196",5520,1104,4416
"32197",4745,949,3796
"32198",4700,940,3760
"32199",4625,925,3700
"32200",5255,1051,4204
"32201",4100,820,3280
"32202",4685,937,3748
"32203",4060,812,3248
"32204",6860,1372,5488
"32205",8250,1650,6600
"32206",4750,950,3800
"32207",3660,732,2928
"32208",3505,701,2804
"32209",7265,1453,5812
"32210",4470,894,3576
"32211",4945,989,3956
"32212",5020,1004,4016
"32213",4630,926,3704
"32214",5615,1123,4492
"32215",4800,960,3840
"32216",4320,864,3456
"32217",4345,869,3476
"32218",4145,829,3316
"32219",3895,779,3116
"32220",4360,872,3488
"32221",3760,752,3008
"32222",4535,907,3628
"32223",6345,1269,5076
"32224",4550,910,3640
"32225",5190,1038,4152
"32226",4310,862,3448
"32227",3785,757,3028
"32228",6665,1333,5332
"32229",5465,1093,4372
"32230",4635,927,3708
"32231",4675,935,3740
"32232",3580,716,2864
"32233",4565,913,3652
"32234",5015,1003,4012
"32235",4390,878,3512
"32236",4680,936,3744
"32237",4340,868,3472
"32238",4310,862,3448
"32239",3650,730,2920
"32240",6435,1287,5148
"32241",5085,1017,4068
"32242",3995,799,3196
"32243",5125,1025,4100
"32244",3645,729,2916
"32245",5530,1106,4424
"32246",5450,1090,4360
"32247",4415,883,3532
"32248",4630,926,3704
"32249",5770,1154,4616
"32250",5725,1145,4580
"32251",5395,1079,4316
"32252",3900,780,3120
"32253",4645,929,3716
"32254",6425,1285,5140
"32255",4425,885,3540
"32256",5185,1037,4148
"32257",4605,921,3684
"32258",4455,891,3564
"32259",5215,1043,4172
"32260",4055,811,3244
"32261",4045,809,3236
"32262",3950,790,3160
"32263",4815,963,3852
"32264",4215,843,3372
"32265",5560,1112,4448
"32266",4475,895,3580
"32267",3705,741,2964
"32268",4775,955,3820
"32269",4425,885,3540
"32270",3675,735,2940
"32271",4775,955,3820
"32272",3945,789,3156
"32273",3940,788,3152
"32274",4220,844,3376
"32275",4195,839,3356
"32276",3985,797,3188
"32277",4340,868,3472
"32278",4970,994,3976
"32279",6225,1245,4980
"32280",4625,925,3700
"32281",5735,1147,4588
"32282",6565,1313,5252
"32283",4495,899,3596
"32284",4450,890,3560
"32285",4115,823,3292
"32286",5565,1113,4452
"32287",5460,1092,4368
"32288",5075,1015,4060
"32289",3985,797,3188
"32290",3905,781,3124
"32291",5420,1084,4336
"32292",4525,905,3620
"32293",4160,832,3328
"32294",4045,809,3236
"32295",5115,1023,4092
"32296",4715,943,3772
"32297",4950,990,3960
"32298",5115,1023,4092
"32299",4295,859,3436
"32300",4445,889,3556
"32301",5210,1042,4168
"32302",4445,889,3556
"32303",5265,1053,4212
"32304",4735,947,3788
"32305",5820,1164,4656
"32306",3925,785,3140
"32307",3765,753,3012
"32308",5045,1009,4036
"32309",4000,800,3200
"32310",4320,864,3456
"32311",4360,872,3488
"32312",5240,1048,4192
"32313",5400,1080,4320
"32314",4810,962,3848
"32315",5390,1078,4312
"32316",5505,1101,4404
"32317",4540,908,3632
"32318",4435,887,3548
"32319",5855,1171,4684
"32320",4055,811,3244
"32321",3950,790,3160
"32322",5075,1015,4060
"32323",5030,1006,4024
"32324",4060,812,3248
"32325",4175,835,3340
"32326",4550,910,3640
"32327",4995,999,3996
"32328",4115,823,3292
"32329",4850,970,3880
"32330",5240,1048,4192
"32331",4255,851,3404
"32332",5455,1091,4364
"32333",4450,890,3560
"32334",3900,780,3120
"32335",4520,904,3616
"32336",4805,961,3844
"32337",4500,900,3600
"32338",4460,892,3568
"32339",4010,802,3208
"32340",3920,784,3136
"32341",4305,861,3444
"32342",5330,1066,4264
"32343",4085,817,3268
"32344",3310,662,2648
"32345",3975,795,3180
"32346",4650,930,3720
"32347",4005,801,3204
"32348",8585,1717,6868
"32349",3840,768,3072
"32350",5165,1033,4132
"32351",4605,921,3684
"32352",4755,951,3804
"32353",6450,1290,5160
"32354",4245,849,3396
"32355",4375,875,3500
"32356",5425,1085,4340
"32357",4385,877,3508
"32358",4035,807,3228
"32359",4795,959,3836
"32360",5200,1040,4160
"32361",5260,1052,4208
"32362",5325,1065,4260
"32363",4265,853,3412
"32364",4560,912,3648
"32365",5545,1109,4436
"32366",5760,1152,4608
"32367",5725,1145,4580
"32368",6560,1312,5248
"32369",5145,1029,4116
"32370",4425,885,3540
"32371",6890,1378,5512
"32372",4340,868,3472
"32373",5085,1017,4068
"32374",3795,759,3036
"32375",5375,1075,4300
"32376",5585,1117,4468
"32377",4795,959,3836
"32378",4640,928,3712
"32379",4750,950,3800
"32380",4425,885,3540
"32381",4775,955,3820
"32382",3730,746,2984
"32383",5500,1100,4400
"32384",6320,1264,5056
"32385",3885,777,3108
"32386",4490,898,3592
"32387",4620,924,3696
"32388",5090,1018,4072
"32389",4960,992,3968
"32390",4600,920,3680
"32391",6175,1235,4940
"32392",6970,1394,5576
"32393",3565,713,2852
"32394",4435,887,3548
"32395",4080,816,3264
"32396",4130,826,3304
"32397",4925,985,3940
"32398",5400,1080,4320
"32399",4495,899,3596
"32400",5500,1100,4400
"32401",3845,769,3076
"32402",3735,747,2988
"32403",5495,1099,4396
"32404",4580,916,3664
"32405",5220,1044,4176
"32406",3900,780,3120
"32407",3675,735,2940
"32408",4535,907,3628
"32409",4935,987,3948
"32410",5650,1130,4520
"32411",4225,845,3380
"32412",3860,772,3088
"32413",5160,1032,4128
"32414",4285,857,3428
"32415",4200,840,3360
"32416",3895,779,3116
"32417",4265,853,3412
"32418",5000,1000,4000
"32419",4345,869,3476
"32420",4315,863,3452
"32421",4420,884,3536
"32422",3495,699,2796
"32423",4815,963,3852
"32424",4005,801,3204
"32425",4175,835,3340
"32426",4275,855,3420
"32427",4365,873,3492
"32428",5430,1086,4344
"32429",4115,823,3292
"32430",4085,817,3268
"32431",4210,842,3368
"32432",3725,745,2980
"32433",5470,1094,4376
"32434",5185,1037,4148
"32435",4875,975,3900
"32436",5960,1192,4768
"32437",4050,810,3240
"32438",5345,1069,4276
"32439",3750,750,3000
"32440",4555,911,3644
"32441",3655,731,2924
"32442",4995,999,3996
"32443",4015,803,3212
"32444",3975,795,3180
"32445",4340,868,3472
"32446",5930,1186,4744
"32447",4430,886,3544
"32448",4630,926,3704
"32449",3795,759,3036
"32450",3715,743,2972
"32451",4440,888,3552
"32452",6400,1280,5120
"32453",4075,815,3260
"32454",4815,963,3852
"32455",5340,1068,4272
"32456",6280,1256,5024
"32457",5330,1066,4264
"32458",5630,1126,4504
"32459",6635,1327,5308
"32460",4475,895,3580
"32461",4620,924,3696
"32462",4420,884,3536
"32463",4975,995,3980
"32464",5110,1022,4088
"32465",3720,744,2976
"32466",5615,1123,4492
"32467",5490,1098,4392
"32468",6760,1352,5408
"32469",4015,803,3212
"32470",3810,762,3048
"32471",5365,1073,4292
"32472",8015,1603,6412
"32473",7930,1586,6344
"32474",4250,850,3400
"32475",4620,924,3696
"32476",4720,944,3776
"32477",5255,1051,4204
"32478",4565,913,3652
"32479",5575,1115,4460
"32480",5215,1043,4172
"32481",4560,912,3648
"32482",5260,1052,4208
"32483",4810,962,3848
"32484",4990,998,3992
"32485",3910,782,3128
"32486",3570,714,2856
"32487",4905,981,3924
"32488",3580,716,2864
"32489",3690,738,2952
"32490",5045,1009,4036
"32491",3955,791,3164
"32492",4220,844,3376
"32493",3595,719,2876
"32494",4925,985,3940
"32495",5575,1115,4460
"32496",3695,739,2956
"32497",4100,820,3280
"32498",4720,944,3776
"32499",4530,906,3624
"32500",4165,833,3332
"32501",3775,755,3020
"32502",6190,1238,4952
"32503",4250,850,3400
"32504",4395,879,3516
"32505",5285,1057,4228
"32506",3525,705,2820
"32507",4475,895,3580
"32508",4570,914,3656
"32509",5925,1185,4740
"32510",4340,868,3472
"32511",4085,817,3268
"32512",4080,816,3264
"32513",4390,878,3512
"32514",6150,1230,4920
"32515",3935,787,3148
"32516",5025,1005,4020
"32517",4950,990,3960
"32518",5140,1028,4112
"32519",3925,785,3140
"32520",4495,899,3596
"32521",4290,858,3432
"32522",5700,1140,4560
"32523",3995,799,3196
"32524",4015,803,3212
"32525",5675,1135,4540
"32526",4740,948,3792
"32527",7545,1509,6036
"32528",5850,1170,4680
"32529",5940,1188,4752
"32530",4155,831,3324
"32531",5390,1078,4312
"32532",4950,990,3960
"32533",4065,813,3252
"32534",4510,902,3608
"32535",3560,712,2848
"32536",3850,770,3080
"32537",5755,1151,4604
"32538",5475,1095,4380
"32539",5595,1119,4476
"32540",5575,1115,4460
"32541",4205,841,3364
"32542",7525,1505,6020
"32543",4030,806,3224
"32544",4180,836,3344
"32545",4235,847,3388
"32546",5385,1077,4308
"32547",5610,1122,4488
"32548",4600,920,3680
"32549",3990,798,3192
"32550",4055,811,3244
"32551",4185,837,3348
"32552",7325,1465,5860
"32553",4290,858,3432
"32554",4945,989,3956
"32555",3300,660,2640
"32556",5010,1002,4008
"32557",6090,1218,4872
"32558",4250,850,3400
"32559",3350,670,2680
"32560",4015,803,3212
"32561",3890,778,3112
"32562",3980,796,3184
"32563",7430,1486,5944
"32564",4500,900,3600
"32565",4380,876,3504
"32566",4740,948,3792
"32567",4915,983,3932
"32568",4125,825,3300
"32569",3960,792,3168
"32570",7500,1500,6000
"32571",3865,773,3092
"32572",4525,905,3620
"32573",4075,815,3260
"32574",4385,877,3508
"32575",3300,660,2640
"32576",4385,877,3508
"32577",3620,724,2896
"32578",4560,912,3648
"32579",4110,822,3288
"32580",6285,1257,5028
"32581",4935,987,3948
"32582",3820,764,3056
"32583",4835,967,3868
"32584",4835,967,3868
"32585",4170,834,3336
"32586",5690,1138,4552
"32587",4485,897,3588
"32588",4980,996,3984
"32589",4815,963,3852
"32590",4595,919,3676
"32591",3985,797,3188
"32592",4085,817,3268
"32593",4795,959,3836
"32594",5735,1147,4588
"32595",3725,745,2980
"32596",3995,799,3196
"32597",4905,981,3924
"32598",5940,1188,4752
"32599",7200,1440,5760
"32600",4370,874,3496
"32601",4735,947,3788
"32602",5030,1006,4024
"32603",4220,844,3376
"32604",4990,998,3992
"32605",5205,1041,4164
"32606",4745,949,3796
"32607",5975,1195,4780
"32608",4855,971,3884
"32609",3600,720,2880
"32610",4690,938,3752
"32611",5115,1023,4092
"32612",5550,1110,4440
"32613",3910,782,3128
"32614",5625,1125,4500
"32615",4075,815,3260
"32616",4430,886,3544
"32617",3935,787,3148
"32618",4565,913,3652
"32619",4935,987,3948
"32620",3915,783,3132
"32621",3950,790,3160
"32622",4840,968,3872
"32623",3615,723,2892
"32624",3665,733,2932
"32625",4510,902,3608
"32626",6505,1301,5204
"32627",5345,1069,4276
"32628",5890,1178,4712
"32629",4515,903,3612
"32630",4275,855,3420
"32631",5170,1034,4136
"32632",4470,894,3576
"32633",5085,1017,4068
"32634",6705,1341,5364
"32635",3730,746,2984
"32636",5005,1001,4004
"32637",4040,808,3232
"32638",4740,948,3792
"32639",4220,844,3376
"32640",3525,705,2820
"32641",5025,1005,4020
"32642",7040,1408,5632
"32643",3500,700,2800
"32644",5940,1188,4752
"32645",4625,925,3700
"32646",5435,1087,4348
"32647",5525,1105,4420
"32648",5865,1173,4692
"32649",5450,1090,4360
"32650",3785,757,3028
"32651",5675,1135,4540
"32652",4335,867,3468
"32653",5465,1093,4372
"32654",5285,1057,4228
"32655",4015,803,3212
"32656",5350,1070,4280
"32657",3755,751,3004
"32658",6020,1204,4816
"32659",6425,1285,5140
"32660",3970,794,3176
"32661",3965,793,3172
"32662",3700,740,2960
"32663",3755,751,3004
"32664",5020,1004,4016
"32665",5450,1090,4360
"32666",4345,869,3476
"32667",4585,917,3668
"32668",4900,980,3920
"32669",3745,749,2996
"32670",4455,891,3564
"32671",4725,945,3780
"32672",4810,962,3848
"32673",6110,1222,4888
"32674",4230,846,3384
"32675",4225,845,3380
"32676",4900,980,3920
"32677",4060,812,3248
"32678",4650,930,3720
"32679",5395,1079,4316
"32680",3715,743,2972
"32681",4445,889,3556
"32682",4190,838,3352
"32683",3500,700,2800
"32684",4470,894,3576
"32685",5115,1023,4092
"32686",5705,1141,4564
"32687",5555,1111,4444
"32688",7320,1464,5856
"32689",4790,958,3832
"32690",6005,1201,4804
"32691",4890,978,3912
"32692",6000,1200,4800
"32693",4875,975,3900
"32694",4520,904,3616
"32695",3900,780,3120
"32696",5455,1091,4364
"32697",4400,880,3520
"32698",4770,954,3816
"32699",4830,966,3864
"32700",5140,1028,4112
"32701",7520,1504,6016
"32702",4200,840,3360
"32703",4910,982,3928
"32704",3685,737,2948
"32705",4760,952,3808
"32706",5490,1098,4392
"32707",4925,985,3940
"32708",3455,691,2764
"32709",3850,770,3080
"32710",3530,706,2824
"32711",4080,816,3264
"32712",4740,948,3792
"32713",4670,934,3736
"32714",3680,736,2944
"32715",5005,1001,4004
"32716",5040,1008,4032
"32717",3490,698,2792
"32718",4250,850,3400
"32719",5570,1114,4456
"32720",4375,875,3500
"32721",5835,1167,4668
"32722",4485,897,3588
"32723",4320,864,3456
"32724",4895,979,3916
"32725",7030,1406,5624
"32726",4140,828,3312
"32727",4010,802,3208
"32728",4055,811,3244
"32729",4020,804,3216
"32730",4355,871,3484
"32731",4635,927,3708
"32732",4315,863,3452
"32733",3560,712,2848
"32734",3615,723,2892
"32735",3780,756,3024
"32736",4475,895,3580
"32737",4245,849,3396
"32738",4490,898,3592
"32739",4290,858,3432
"32740",6155,1231,4924
"32741",4270,854,3416
"32742",6635,1327,5308
"32743",4310,862,3448
"32744",5115,1023,4092
"32745",4995,999,3996
"32746",4520,904,3616
"32747",4485,897,3588
"32748",5055,1011,4044
"32749",3705,741,2964
"32750",5345,1069,4276
"32751",5340,1068,4272
"32752",4430,886,3544
"32753",4685,937,3748
"32754",4330,866,3464
"32755",4515,903,3612
"32756",4285,857,3428
"32757",3895,779,3116
"32758",4875,975,3900
"32759",6450,1290,5160
"32760",4225,845,3380
"32761",4750,950,3800
"32762",3620,724,2896
"32763",4145,829,3316
"32764",3740,748,2992
"32765",4525,905,3620
"32766",4765,953,3812
"32767",3910,782,3128
"32768",6080,1216,4864
"32769",4090,818,3272
"32770",4385,877,3508
"32771",3665,733,2932
"32772",4530,906,3624
"32773",5110,1022,4088
"32774",4795,959,3836
"32775",3880,776,3104
"32776",4190,838,3352
"32777",4290,858,3432
"32778",4700,940,3760
"32779",3450,690,2760
"32780",5175,1035,4140
"32781",5140,1028,4112
"32782",4565,913,3652
"32783",5575,1115,4460
"32784",4770,954,3816
"32785",5410,1082,4328
"32786",4315,863,3452
"32787",5635,1127,4508
"32788",6720,1344,5376
"32789",3945,789,3156
"32790",5125,1025,4100
"32791",5230,1046,4184
"32792",4300,860,3440
"32793",4885,977,3908
"32794",4365,873,3492
"32795",5395,1079,4316
"32796",4895,979,3916
"32797",4730,946,3784
"32798",4005,801,3204
"32799",4885,977,3908
"32800",4435,887,3548
"32801",4545,909,3636
"32802",5685,1137,4548
"32803",4095,819,3276
"32804",4355,871,3484
"32805",4720,944,3776
"32806",4275,855,3420
"32807",4145,829,3316
"32808",4385,877,3508
"32809",6115,1223,4892
"32810",4105,821,3284
"32811",4320,864,3456
"32812",4060,812,3248
"32813",4715,943,3772
"32814",4925,985,3940
"32815",4015,803,3212
"32816",5665,1133,4532
"32817",3590,718,2872
"32818",4120,824,3296
"32819",4810,962,3848
"32820",4505,901,3604
"32821",4855,971,3884
"32822",6040,1208,4832
"32823",5230,1046,4184
"32824",4110,822,3288
"32825",4280,856,3424
"32826",4855,971,3884
"32827",5105,1021,4084
"32828",4595,919,3676
"32829",5655,1131,4524
"32830",4805,961,3844
"32831",4270,854,3416
"32832",3605,721,2884
"32833",4515,903,3612
"32834",3620,724,2896
"32835",3795,759,3036
"32836",4695,939,3756
"32837",4825,965,3860
"32838",4665,933,3732
"32839",4015,803,3212
"32840",4070,814,3256
"32841",5465,1093,4372
"32842",4980,996,3984
"32843",3740,748,2992
"32844",3670,734,2936
"32845",4575,915,3660
"32846",4160,832,3328
"32847",3880,776,3104
"32848",6095,1219,4876
"32849",4175,835,3340
"32850",5960,1192,4768
"32851",5865,1173,4692
"32852",5510,1102,4408
"32853",3775,755,3020
"32854",4540,908,3632
"32855",3950,790,3160
"32856",5630,1126,4504
"32857",6370,1274,5096
"32858",4945,989,3956
"32859",5230,1046,4184
"32860",4200,840,3360
"32861",4210,842,3368
"32862",3525,705,2820
"32863",5185,1037,4148
"32864",3570,714,2856
"32865",6585,1317,5268
"32866",5005,1001,4004
"32867",3595,719,2876
"32868",5805,1161,4644
"32869",6655,1331,5324
"32870",5715,1143,4572
"32871",4140,828,3312
"32872",4340,868,3472
"32873",4600,920,3680
"32874",5360,1072,4288
"32875",4975,995,3980
"32876",9140,1828,7312
"32877",4450,890,3560
"32878",4435,887,3548
"32879",4595,919,3676
"32880",4330,866,3464
"32881",3745,749,2996
"32882",5140,1028,4112
"32883",7810,1562,6248
"32884",5475,1095,4380
"32885",4225,845,3380
"32886",4290,858,3432
"32887",4780,956,3824
"32888",4490,898,3592
"32889",5005,1001,4004
"32890",6480,1296,5184
"32891",4460,892,3568
"32892",5050,1010,4040
"32893",4500,900,3600
"32894",4915,983,3932
"32895",5370,1074,4296
"32896",6200,1240,4960
"32897",4320,864,3456
"32898",5405,1081,4324
"32899",4655,931,3724
"32900",4355,871,3484
"32901",5060,1012,4048
"32902",3590,718,2872
"32903",4450,890,3560
"32904",4065,813,3252
"32905",5465,1093,4372
"32906",3220,644,2576
"32907",4135,827,3308
"32908",4625,925,3700
"32909",4185,837,3348
"32910",4650,930,3720
"32911",4035,807,3228
"32912",5325,1065,4260
"32913",5480,1096,4384
"32914",4405,881,3524
"32915",7695,1539,6156
"32916",5055,1011,4044
"32917",4155,831,3324
"32918",6410,1282,5128
"32919",5050,1010,4040
"32920",5285,1057,4228
"32921",4565,913,3652
"32922",4220,844,3376
"32923",5615,1123,4492
"32924",4355,871,3484
"32925",6285,1257,5028
"32926",4675,935,3740
"32927",5095,1019,4076
"32928",4970,994,3976
"32929",4195,839,3356
"32930",3985,797,3188
"32931",4270,854,3416
"32932",4275,855,3420
"32933",4800,960,3840
"32934",4005,801,3204
"32935",4300,860,3440
"32936",4625,925,3700
"32937",4290,858,3432
"32938",5320,1064,4256
"32939",4160,832,3328
"32940",4075,815,3260
"32941",4600,920,3680
"32942",7545,1509,6036
"32943",4475,895,3580
"32944",6305,1261,5044
"32945",4250,850,3400
"32946",4630,926,3704
"32947",4005,801,3204
"32948",3890,778,3112
"32949",4710,942,3768
"32950",5870,1174,4696
"32951",4900,980,3920
"32952",3710,742,2968
"32953",5465,1093,4372
"32954",4920,984,3936
"32955",4330,866,3464
"32956",3235,647,2588
"32957",4990,998,3992
"32958",3385,677,2708
"32959",4205,841,3364
"32960",4495,899,3596
"32961",4100,820,3280
"32962",5790,1158,4632
"32963",4100,820,3280
"32964",4270,854,3416
"32965",6655,1331,5324
"32966",4360,872,3488
"32967",4555,911,3644
"32968",4360,872,3488
"32969",5165,1033,4132
"32970",4890,978,3912
"32971",4455,891,3564
"32972",6290,1258,5032
"32973",4680,936,3744
"32974",4305,861,3444
"32975",4760,952,3808
"32976",4575,915,3660
"32977",3930,786,3144
"32978",4145,829,3316
"32979",5025,1005,4020
"32980",4250,850,3400
"32981",4090,818,3272
"32982",4505,901,3604
"32983",4220,844,3376
"32984",5840,1168,4672
"32985",5260,1052,4208
"32986",3970,794,3176
"32987",4015,803,3212
"32988",5180,1036,4144
"32989",3665,733,2932
"32990",4215,843,3372
"32991",3800,760,3040
"32992",4210,842,3368
"32993",3660,732,2928
"32994",4350,870,3480
"32995",4960,992,3968
"32996",3740,748,2992
"32997",3950,790,3160
"32998",3650,730,2920
"32999",5405,1081,4324
"33000",4660,932,3728
"33001",4135,827,3308
"33002",5080,1016,4064
"33003",4370,874,3496
"33004",4520,904,3616
"33005",4870,974,3896
"33006",4810,962,3848
"33007",5720,1144,4576
"33008",4655,931,3724
"33009",6965,1393,5572
"33010",4980,996,3984
"33011",3825,765,3060
"33012",4025,805,3220
"33013",4300,860,3440
"33014",5895,1179,4716
"33015",5165,1033,4132
"33016",4785,957,3828
"33017",6390,1278,5112
"33018",3890,778,3112
"33019",4405,881,3524
"33020",4095,819,3276
"33021",6275,1255,5020
"33022",4715,943,3772
"33023",2975,595,2380
"33024",5715,1143,4572
"33025",4540,908,3632
"33026",7965,1593,6372
"33027",5260,1052,4208
"33028",4685,937,3748
"33029",3840,768,3072
"33030",4930,986,3944
"33031",5245,1049,4196
"33032",4570,914,3656
"33033",4985,997,3988
"33034",4715,943,3772
"33035",4450,890,3560
"33036",4585,917,3668
"33037",4870,974,3896
"33038",4120,824,3296
"33039",5335,1067,4268
"33040",4500,900,3600
"33041",4405,881,3524
"33042",3785,757,3028
"33043",4855,971,3884
"33044",4420,884,3536
"33045",4335,867,3468
"33046",3315,663,2652
"33047",7455,1491,5964
"33048",4140,828,3312
"33049",3765,753,3012
"33050",4275,855,3420
"33051",5380,1076,4304
"33052",4715,943,3772
"33053",5325,1065,4260
"33054",4565,913,3652
"33055",6665,1333,5332
"33056",4380,876,3504
"33057",4870,974,3896
"33058",5315,1063,4252
"33059",4170,834,3336
"33060",3555,711,2844
"33061",3695,739,2956
"33062",4960,992,3968
"33063",5460,1092,4368
"33064",4580,916,3664
"33065",5115,1023,4092
"33066",4855,971,3884
"33067",5720,1144,4576
"33068",5565,1113,4452
"33069",4225,845,3380
"33070",4815,963,3852
"33071",4460,892,3568
"33072",4655,931,3724
"33073",3710,742,2968
"33074",5240,1048,4192
"33075",4340,868,3472
"33076",5050,1010,4040
"33077",4775,955,3820
"33078",4520,904,3616
"33079",3930,786,3144
"33080",6120,1224,4896
"33081",5605,1121,4484
"33082",3815,763,3052
"33083",4780,956,3824
"33084",4115,823,3292
"33085",4915,983,3932
"33086",4215,843,3372
"33087",3720,744,2976
"33088",4195,839,3356
"33089",6040,1208,4832
"33090",4220,844,3376
"33091",5705,1141,4564
"33092",4165,833,3332
"33093",3705,741,2964
"33094",6195,1239,4956
"33095",4500,900,3600
"33096",4520,904,3616
"33097",3990,798,3192
"33098",4590,918,3672
"33099",4060,812,3248
"33100",3910,782,3128
"33101",4815,963,3852
"33102",4275,855,3420
"33103",3785,757,3028
"33104",4555,911,3644
"33105",5425,1085,4340
"33106",3810,762,3048
"33107",4685,937,3748
"33108",5500,1100,4400
"33109",4225,845,3380
"33110",4325,865,3460
"33111",3545,709,2836
"33112",4655,931,3724
"33113",4340,868,3472
"33114",5125,1025,4100
"33115",3985,797,3188
"33116",4450,890,3560
"33117",5130,1026,4104
"33118",4360,872,3488
"33119",3920,784,3136
"33120",4025,805,3220
"33121",4440,888,3552
"33122",4270,854,3416
"33123",5430,1086,4344
"33124",5525,1105,4420
"33125",4000,800,3200
"33126",4165,833,3332
"33127",3820,764,3056
"33128",4180,836,3344
"33129",5305,1061,4244
"33130",4420,884,3536
"33131",4945,989,3956
"33132",4385,877,3508
"33133",4445,889,3556
"33134",4525,905,3620
"33135",4860,972,3888
"33136",5285,1057,4228
"33137",3765,753,3012
"33138",8115,1623,6492
"33139",3725,745,2980
"33140",5805,1161,4644
"33141",3955,791,3164
"33142",4690,938,3752
"33143",3470,694,2776
"33144",3970,794,3176
"33145",7245,1449,5796
"33146",4865,973,3892
"33147",5225,1045,4180
"33148",4200,840,3360
"33149",4765,953,3812
"33150",3605,721,2884
"33151",4315,863,3452
"33152",5020,1004,4016
"33153",5020,1004,4016
"33154",4305,861,3444
"33155",5100,1020,4080
"33156",5025,1005,4020
"33157",5130,1026,4104
"33158",4700,940,3760
"33159",4050,810,3240
"33160",4180,836,3344
"33161",5560,1112,4448
"33162",3705,741,2964
"33163",4310,862,3448
"33164",4095,819,3276
"33165",4105,821,3284
"33166",3520,704,2816
"33167",4690,938,3752
"33168",5090,1018,4072
"33169",5145,1029,4116
"33170",4250,850,3400
"33171",4180,836,3344
"33172",5065,1013,4052
"33173",4075,815,3260
"33174",4235,847,3388
"33175",4365,873,3492
"33176",6465,1293,5172
"33177",5760,1152,4608
"33178",5485,1097,4388
"33179",4400,880,3520
"33180",3785,757,3028
"33181",4415,883,3532
"33182",4410,882,3528
"33183",5350,1070,4280
"33184",5295,1059,4236
"33185",4180,836,3344
"33186",5110,1022,4088
"33187",6700,1340,5360
"33188",4795,959,3836
"33189",3805,761,3044
"33190",4005,801,3204
"33191",5220,1044,4176
"33192",3855,771,3084
"33193",3960,792,3168
"33194",5000,1000,4000
"33195",4470,894,3576
"33196",5965,1193,4772
"33197",5780,1156,4624
"33198",5630,1126,4504
"33199",4250,850,3400
"33200",4740,948,3792
"33201",4165,833,3332
"33202",3535,707,2828
"33203",5775,1155,4620
"33204",4775,955,3820
"33205",4480,896,3584
"33206",4035,807,3228
"33207",5255,1051,4204
"33208",5115,1023,4092
"33209",5295,1059,4236
"33210",4345,869,3476
"33211",5250,1050,4200
"33212",4020,804,3216
"33213",4545,909,3636
"33214",4745,949,3796
"33215",4820,964,3856
"33216",3645,729,2916
"33217",5205,1041,4164
"33218",4775,955,3820
"33219",5545,1109,4436
"33220",3775,755,3020
"33221",3865,773,3092
"33222",4700,940,3760
"33223",5190,1038,4152
"33224",5820,1164,4656
"33225",4150,830,3320
"33226",4610,922,3688
"33227",5230,1046,4184
"33228",5355,1071,4284
"33229",5360,1072,4288
"33230",8595,1719,6876
"33231",3890,778,3112
"33232",4675,935,3740
"33233",5500,1100,4400
"33234",4595,919,3676
"33235",5880,1176,4704
"33236",3805,761,3044
"33237",4485,897,3588
"33238",4285,857,3428
"33239",7795,1559,6236
"33240",4505,901,3604
"33241",4325,865,3460
"33242",4600,920,3680
"33243",5775,1155,4620
"33244",3480,696,2784
"33245",5590,1118,4472
"33246",3955,791,3164
"33247",5580,1116,4464
"33248",3925,785,3140
"33249",4950,990,3960
"33250",5640,1128,4512
"33251",4740,948,3792
"33252",5740,1148,4592
"33253",3725,745,2980
"33254",4420,884,3536
"33255",4195,839,3356
"33256",5030,1006,4024
"33257",8325,1665,6660
"33258",4130,826,3304
"33259",5695,1139,4556
"33260",3700,740,2960
"33261",4155,831,3324
"33262",4515,903,3612
"33263",5185,1037,4148
"33264",3915,783,3132
"33265",4905,981,3924
"33266",6160,1232,4928
"33267",4795,959,3836
"33268",4090,818,3272
"33269",5075,1015,4060
"33270",4730,946,3784
"33271",3700,740,2960
"33272",4485,897,3588
"33273",4575,915,3660
"33274",6580,1316,5264
"33275",4675,935,3740
"33276",4395,879,3516
"33277",4570,914,3656
"33278",5085,1017,4068
"33279",7620,1524,6096
"33280",4500,900,3600
"33281",6015,1203,4812
"33282",4285,857,3428
"33283",4270,854,3416
"33284",4385,877,3508
"33285",3790,758,3032
"33286",5505,1101,4404
"33287",5250,1050,4200
"33288",4570,914,3656
"33289",5820,1164,4656
"33290",5125,1025,4100
"33291",5230,1046,4184
"33292",3465,693,2772
"33293",6470,1294,5176
"33294",4640,928,3712
"33295",4835,967,3868
"33296",3365,673,2692
"33297",4965,993,3972
"33298",4410,882,3528
"33299",4015,803,3212
"33300",4450,890,3560
"33301",4790,958,3832
"33302",3510,702,2808
"33303",3980,796,3184
"33304",5020,1004,4016
"33305",4750,950,3800
"33306",4195,839,3356
"33307",5195,1039,4156
"33308",4185,837,3348
"33309",4005,801,3204
"33310",4515,903,3612
"33311",6075,1215,4860
"33312",4460,892,3568
"33313",3985,797,3188
"33314",5845,1169,4676
"33315",4885,977,3908
"33316",3485,697,2788
"33317",5250,1050,4200
"33318",5680,1136,4544
"33319",4435,887,3548
"33320",4140,828,3312
"33321",4055,811,3244
"33322",5185,1037,4148
"33323",4350,870,3480
"33324",4940,988,3952
"33325",3735,747,2988
"33326",4690,938,3752
"33327",4245,849,3396
"33328",4555,911,3644
"33329",5385,1077,4308
"33330",5705,1141,4564
"33331",4045,809,3236
"33332",5180,1036,4144
"33333",4225,845,3380
"33334",4315,863,3452
"33335",3855,771,3084
"33336",3670,734,2936
"33337",3745,749,2996
"33338",5280,1056,4224
"33339",4065,813,3252
"33340",4460,892,3568
"33341",4610,922,3688
"33342",6745,1349,5396
"33343",4965,993,3972
"33344",5310,1062,4248
"33345",3775,755,3020
"33346",3705,741,2964
"33347",4270,854,3416
"33348",4330,866,3464
"33349",4155,831,3324
"33350",4065,813,3252
"33351",5350,1070,4280
"33352",5235,1047,4188
"33353",3860,772,3088
"33354",4820,964,3856
"33355",4630,926,3704
"33356",4180,836,3344
"33357",3855,771,3084
"33358",4820,964,3856
"33359",5620,1124,4496
"33360",4945,989,3956
"33361",5455,1091,4364
"33362",3925,785,3140
"33363",3475,695,2780
"33364",5475,1095,4380
"33365",4470,894,3576
"33366",4250,850,3400
"33367",5525,1105,4420
"33368",3375,675,2700
"33369",5700,1140,4560
"33370",5410,1082,4328
"33371",5370,1074,4296
"33372",4485,897,3588
"33373",5270,1054,4216
"33374",4730,946,3784
"33375",4300,860,3440
"33376",4325,865,3460
"33377",3935,787,3148
"33378",3995,799,3196
"33379",5270,1054,4216
"33380",3890,778,3112
"33381",7185,1437,5748
"33382",3715,743,2972
"33383",5580,1116,4464
"33384",3650,730,2920
"33385",4815,963,3852
"33386",4890,978,3912
"33387",3850,770,3080
"33388",3285,657,2628
"33389",5090,1018,4072
"33390",3655,731,2924
"33391",4415,883,3532
"33392",3390,678,2712
"33393",6020,1204,4816
"33394",5485,1097,4388
"33395",5740,1148,4592
"33396",4900,980,3920
"33397",5045,1009,4036
"33398",5340,1068,4272
"33399",4050,810,3240
"33400",4710,942,3768
"33401",3490,698,2792
"33402",4255,851,3404
"33403",6325,1265,5060
"33404",6000,1200,4800
"33405",4925,985,3940
"33406",4375,875,3500
"33407",5990,1198,4792
"33408",5890,1178,4712
"33409",5075,1015,4060
"33410",4860,972,3888
"33411",4580,916,3664
"33412",5035,1007,4028
"33413",4685,937,3748
"33414",4620,924,3696
"33415",3870,774,3096
"33416",6285,1257,5028
"33417",5365,1073,4292
"33418",5040,1008,4032
"33419",4580,916,3664
"33420",4875,975,3900
"33421",3445,689,2756
"33422",4550,910,3640
"33423",5655,1131,4524
"33424",4410,882,3528
"33425",5320,1064,4256
"33426",4395,879,3516
"33427",3910,782,3128
"33428",4895,979,3916
"33429",5500,1100,4400
"33430",4095,819,3276
"33431",4810,962,3848
"33432",5020,1004,4016
"33433",6360,1272,5088
"33434",3875,775,3100
"33435",5050,1010,4040
"33436",4795,959,3836
"33437",5355,1071,4284
"33438",4470,894,3576
"33439",4130,826,3304
"33440",4390,878,3512
"33441",3660,732,2928
"33442",4365,873,3492
"33443",4265,853,3412
"33444",3890,778,3112
"33445",4185,837,3348
"33446",4710,942,3768
"33447",2945,589,2356
"33448",4235,847,3388
"33449",5105,1021,4084
"33450",3950,790,3160
"33451",5845,1169,4676
"33452",4475,895,3580
"33453",4455,891,3564
"33454",5815,1163,4652
"33455",3790,758,3032
"33456",8110,1622,6488
"33457",8245,1649,6596
"33458",4415,883,3532
"33459",4460,892,3568
"33460",4160,832,3328
"33461",5080,1016,4064
"33462",3980,796,3184
"33463",4115,823,3292
"33464",3680,736,2944
"33465",4975,995,3980
"33466",5850,1170,4680
"33467",3590,718,2872
"33468",4520,904,3616
"33469",3875,775,3100
"33470",5805,1161,4644
"33471",4195,839,3356
"33472",4230,846,3384
"33473",5875,1175,4700
"33474",4855,971,3884
"33475",3675,735,2940
"33476",4295,859,3436
"33477",4345,869,3476
"33478",4630,926,3704
"33479",3665,733,2932
"33480",6660,1332,5328
"33481",3900,780,3120
"33482",4365,873,3492
"33483",7880,1576,6304
"33484",6455,1291,5164
"33485",4610,922,3688
"33486",4605,921,3684
"33487",4410,882,3528
"33488",3910,782,3128
"33489",5450,1090,4360
"33490",4845,969,3876
"33491",6170,1234,4936
"33492",3405,681,2724
"33493",4055,811,3244
"33494",5330,1066,4264
"33495",6195,1239,4956
"33496",4370,874,3496
"33497",6300,1260,5040
"33498",4125,825,3300
"33499",4670,934,3736
"33500",6110,1222,4888
"33501",5505,1101,4404
"33502",5240,1048,4192
"33503",4420,884,3536
"33504",5245,1049,4196
"33505",4720,944,3776
"33506",4470,894,3576
"33507",3975,795,3180
"33508",4935,987,3948
"33509",3985,797,3188
"33510",6335,1267,5068
"33511",5860,1172,4688
"33512",5170,1034,4136
"33513",4430,886,3544
"33514",3625,725,2900
"33515",3970,794,3176
"33516",4345,869,3476
"33517",4190,838,3352
"33518",6105,1221,4884
"33519",3430,686,2744
"33520",4480,896,3584
"33521",3755,751,3004
"33522",5075,1015,4060
"33523",4395,879,3516
"33524",3985,797,3188
"33525",4430,886,3544
"33526",6040,1208,4832
"33527",4370,874,3496
"33528",4895,979,3916
"33529",4355,871,3484
"33530",4120,824,3296
"33531",4310,862,3448
"33532",6180,1236,4944
"33533",4600,920,3680
"33534",5880,1176,4704
"33535",3835,767,3068
"33536",4335,867,3468
"33537",4745,949,3796
"33538",4220,844,3376
"33539",4255,851,3404
"33540",5430,1086,4344
"33541",4650,930,3720
"33542",5825,1165,4660
"33543",5235,1047,4188
"33544",3835,767,3068
"33545",4670,934,3736
"33546",3795,759,3036
"33547",5005,1001,4004
"33548",4630,926,3704
"33549",5270,1054,4216
"33550",5365,1073,4292
"33551",5725,1145,4580
"33552",5780,1156,4624
"33553",5265,1053,4212
"33554",9150,1830,7320
"33555",4055,811,3244
"33556",4155,831,3324
"33557",4650,930,3720
"33558",4390,878,3512
"33559",5500,1100,4400
"33560",4950,990,3960
"33561",3475,695,2780
"33562",3700,740,2960
"33563",4190,838,3352
"33564",5010,1002,4008
"33565",4200,840,3360
"33566",6180,1236,4944
"33567",4860,972,3888
"33568",4360,872,3488
"33569",4300,860,3440
"33570",5100,1020,4080
"33571",4470,894,3576
"33572",4375,875,3500
"33573",6350,1270,5080
"33574",4875,975,3900
"33575",3745,749,2996
"33576",4370,874,3496
"33577",4300,860,3440
"33578",4870,974,3896
"33579",4500,900,3600
"33580",3905,781,3124
"33581",5015,1003,4012
"33582",4680,936,3744
"33583",4655,931,3724
"33584",4850,970,3880
"33585",4605,921,3684
"33586",5175,1035,4140
"33587",3515,703,2812
"33588",6150,1230,4920
"33589",5140,1028,4112
"33590",4140,828,3312
"33591",4550,910,3640
"33592",4740,948,3792
"33593",4390,878,3512
"33594",4430,886,3544
"33595",4685,937,3748
"33596",4130,826,3304
"33597",4410,882,3528
"33598",4155,831,3324
"33599",5295,1059,4236
"33600",3685,737,2948
"33601",10155,2031,8124
"33602",5230,1046,4184
"33603",3825,765,3060
"33604",4910,982,3928
"33605",4595,919,3676
"33606",4970,994,3976
"33607",4720,944,3776
"33608",3625,725,2900
"33609",4175,835,3340
"33610",6000,1200,4800
"33611",3720,744,2976
"33612",5275,1055,4220
"33613",4400,880,3520
"33614",4845,969,3876
"33615",4035,807,3228
"33616",4945,989,3956
"33617",4840,968,3872
"33618",4490,898,3592
"33619",5325,1065,4260
"33620",5075,1015,4060
"33621",4135,827,3308
"33622",5770,1154,4616
"33623",5780,1156,4624
"33624",3845,769,3076
"33625",4705,941,3764
"33626",4515,903,3612
"33627",4695,939,3756
"33628",4315,863,3452
"33629",4450,890,3560
"33630",5060,1012,4048
"33631",4355,871,3484
"33632",7350,1470,5880
"33633",4305,861,3444
"33634",4340,868,3472
"33635",4625,925,3700
"33636",3740,748,2992
"33637",4535,907,3628
"33638",3860,772,3088
"33639",4490,898,3592
"33640",4305,861,3444
"33641",6085,1217,4868
"33642",4045,809,3236
"33643",5435,1087,4348
"33644",4325,865,3460
"33645",4080,816,3264
"33646",5255,1051,4204
"33647",4365,873,3492
"33648",4070,814,3256
"33649",5065,1013,4052
"33650",4235,847,3388
"33651",6125,1225,4900
"33652",5330,1066,4264
"33653",5375,1075,4300
"33654",4210,842,3368
"33655",4520,904,3616
"33656",5110,1022,4088
"33657",4050,810,3240
"33658",6235,1247,4988
"33659",5075,1015,4060
"33660",5165,1033,4132
"33661",4825,965,3860
"33662",3645,729,2916
"33663",4795,959,3836
"33664",4295,859,3436
"33665",3790,758,3032
"33666",4095,819,3276
"33667",4435,887,3548
"33668",3895,779,3116
"33669",4695,939,3756
"33670",3950,790,3160
"33671",4975,995,3980
"33672",3405,681,2724
"33673",6230,1246,4984
"33674",4760,952,3808
"33675",5145,1029,4116
"33676",3900,780,3120
"33677",5190,1038,4152
"33678",5675,1135,4540
"33679",5835,1167,4668
"33680",5485,1097,4388
"33681",5980,1196,4784
"33682",5245,1049,4196
"33683",4340,868,3472
"33684",4645,929,3716
"33685",4330,866,3464
"33686",4875,975,3900
"33687",4270,854,3416
"33688",4575,915,3660
"33689",4025,805,3220
"33690",4010,802,3208
"33691",3900,780,3120
"33692",4010,802,3208
"33693",3880,776,3104
"33694",3500,700,2800
"33695",4630,926,3704
"33696",4920,984,3936
"33697",4035,807,3228
"33698",6460,1292,5168
"33699",4925,985,3940
"33700",5120,1024,4096
"33701",6395,1279,5116
"33702",5145,1029,4116
"33703",3860,772,3088
"33704",5780,1156,4624
"33705",4230,846,3384
"33706",5995,1199,4796
"33707",4940,988,3952
"33708",4330,866,3464
"33709",4075,815,3260
"33710",5170,1034,4136
"33711",4730,946,3784
"33712",5820,1164,4656
"33713",5710,1142,4568
"33714",3505,701,2804
"33715",4650,930,3720
"33716",4155,831,3324
"33717",5230,1046,4184
"33718",5585,1117,4468
"33719",3900,780,3120
"33720",3605,721,2884
"33721",3780,756,3024
"33722",5985,1197,4788
"33723",4480,896,3584
"33724",3870,774,3096
"33725",5040,1008,4032
"33726",3860,772,3088
"33727",5470,1094,4376
"33728",4325,865,3460
"33729",5270,1054,4216
"33730",7060,1412,5648
"33731",3640,728,2912
"33732",3955,791,3164
"33733",3590,718,2872
"33734",3950,790,3160
"33735",3810,762,3048
"33736",4190,838,3352
"33737",4390,878,3512
"33738",5415,1083,4332
"33739",3225,645,2580
"33740",3510,702,2808
"33741",4285,857,3428
"33742",3765,753,3012
"33743",4520,904,3616
"33744",4590,918,3672
"33745",5020,1004,4016
"33746",5795,1159,4636
"33747",4500,900,3600
"33748",4720,944,3776
"33749",4830,966,3864
"33750",4550,910,3640
"33751",4640,928,3712
"33752",3955,791,3164
"33753",3925,785,3140
"33754",4895,979,3916
"33755",4710,942,3768
"33756",4385,877,3508
"33757",4380,876,3504
"33758",3935,787,3148
"33759",4635,927,3708
"33760",4170,834,3336
"33761",5075,1015,4060
"33762",5100,1020,4080
"33763",4390,878,3512
"33764",4490,898,3592
"33765",4610,922,3688
"33766",4585,917,3668
"33767",4475,895,3580
"33768",4550,910,3640
"33769",5865,1173,4692
"33770",4175,835,3340
"33771",4340,868,3472
"33772",4265,853,3412
"33773",5055,1011,4044
"33774",4525,905,3620
"33775",4535,907,3628
"33776",4915,983,3932
"33777",5330,1066,4264
"33778",4490,898,3592
"33779",4730,946,3784
"33780",5790,1158,4632
"33781",5170,1034,4136
"33782",3405,681,2724
"33783",3780,756,3024
"33784",4660,932,3728
"33785",6885,1377,5508
"33786",3905,781,3124
"33787",4915,983,3932
"33788",5030,1006,4024
"33789",4885,977,3908
"33790",4610,922,3688
"33791",4295,859,3436
"33792",4570,914,3656
"33793",4520,904,3616
"33794",5580,1116,4464
"33795",3850,770,3080
"33796",4880,976,3904
"33797",4510,902,3608
"33798",5080,1016,4064
"33799",4145,829,3316
"33800",8415,1683,6732
"33801",4735,947,3788
"33802",6025,1205,4820
"33803",4910,982,3928
"33804",3565,713,2852
"33805",4550,910,3640
"33806",4460,892,3568
"33807",4790,958,3832
"33808",6185,1237,4948
"33809",3780,756,3024
"33810",4480,896,3584
"33811",4550,910,3640
"33812",5065,1013,4052
"33813",5470,1094,4376
"33814",4560,912,3648
"33815",4640,928,3712
"33816",3860,772,3088
"33817",7325,1465,5860
"33818",4715,943,3772
"33819",5120,1024,4096
"33820",4865,973,3892
"33821",5530,1106,4424
"33822",4050,810,3240
"33823",4265,853,3412
"33824",5610,1122,4488
"33825",4675,935,3740
"33826",5365,1073,4292
"33827",5195,1039,4156
"33828",4580,916,3664
"33829",4765,953,3812
"33830",4840,968,3872
"33831",4845,969,3876
"33832",3730,746,2984
"33833",3740,748,2992
"33834",6770,1354,5416
"33835",9000,1800,7200
"33836",4915,983,3932
"33837",4975,995,3980
"33838",5145,1029,4116
"33839",4635,927,3708
"33840",3780,756,3024
"33841",4575,915,3660
"33842",5905,1181,4724
"33843",4320,864,3456
"33844",4530,906,3624
"33845",5870,1174,4696
"33846",4740,948,3792
"33847",4200,840,3360
"33848",4375,875,3500
"33849",5160,1032,4128
"33850",5735,1147,4588
"33851",5830,1166,4664
"33852",4890,978,3912
"33853",6030,1206,4824
"33854",4850,970,3880
"33855",3680,736,2944
"33856",4540,908,3632
"33857",5805,1161,4644
"33858",5315,1063,4252
"33859",4400,880,3520
"33860",3855,771,3084
"33861",7175,1435,5740
"33862",4270,854,3416
"33863",3955,791,3164
"33864",5585,1117,4468
"33865",4200,840,3360
"33866",3850,770,3080
"33867",4375,875,3500
"33868",4450,890,3560
"33869",4295,859,3436
"33870",4500,900,3600
"33871",3885,777,3108
"33872",5695,1139,4556
"33873",6325,1265,5060
"33874",3910,782,3128
"33875",4525,905,3620
"33876",4385,877,3508
"33877",3350,670,2680
"33878",4205,841,3364
"33879",5220,1044,4176
"33880",4480,896,3584
"33881",4435,887,3548
"33882",4570,914,3656
"33883",4410,882,3528
"33884",4125,825,3300
"33885",7350,1470,5880
"33886",4900,980,3920
"33887",4790,958,3832
"33888",4390,878,3512
"33889",3610,722,2888
"33890",3485,697,2788
"33891",4810,962,3848
"33892",4300,860,3440
"33893",5615,1123,4492
"33894",3625,725,2900
"33895",5155,1031,4124
"33896",5530,1106,4424
"33897",6990,1398,5592
"33898",4855,971,3884
"33899",5110,1022,4088
"33900",4755,951,3804
"33901",4405,881,3524
"33902",3825,765,3060
"33903",5905,1181,4724
"33904",4005,801,3204
"33905",4835,967,3868
"33906",4260,852,3408
"33907",4785,957,3828
"33908",5450,1090,4360
"33909",3430,686,2744
"33910",4015,803,3212
"33911",4525,905,3620
"33912",4245,849,3396
"33913",4725,945,3780
"33914",5675,1135,4540
"33915",5420,1084,4336
"33916",5095,1019,4076
"33917",4270,854,3416
"33918",4555,911,3644
"33919",5680,1136,4544
"33920",4195,839,3356
"33921",4085,817,3268
"33922",4780,956,3824
"33923",4490,898,3592
"33924",5075,1015,4060
"33925",4870,974,3896
"33926",4465,893,3572
"33927",4120,824,3296
"33928",4460,892,3568
"33929",4380,876,3504
"33930",4030,806,3224
"33931",3315,663,2652
"33932",5185,1037,4148
"33933",4815,963,3852
"33934",5805,1161,4644
"33935",4655,931,3724
"33936",5740,1148,4592
"33937",3655,731,2924
"33938",4680,936,3744
"33939",4830,966,3864
"33940",5045,1009,4036
"33941",4775,955,3820
"33942",4580,916,3664
"33943",4745,949,3796
"33944",6320,1264,5056
"33945",4595,919,3676
"33946",5375,1075,4300
"33947",4470,894,3576
"33948",5580,1116,4464
"33949",4570,914,3656
"33950",4380,876,3504
"33951",3380,676,2704
"33952",4305,861,3444
"33953",4770,954,3816
"33954",5745,1149,4596
"33955",4385,877,3508
"33956",5245,1049,4196
"33957",5515,1103,4412
"33958",3780,756,3024
"33959",3460,692,2768
"33960",4370,874,3496
"33961",3840,768,3072
"33962",3990,798,3192
"33963",4375,875,3500
"33964",5160,1032,4128
"33965",4025,805,3220
"33966",4020,804,3216
"33967",4805,961,3844
"33968",3940,788,3152
"33969",5295,1059,4236
"33970",5690,1138,4552
"33971",3960,792,3168
"33972",5010,1002,4008
"33973",6880,1376,5504
"33974",4745,949,3796
"33975",4430,886,3544
"33976",5160,1032,4128
"33977",4625,925,3700
"33978",3135,627,2508
"33979",4215,843,3372
"33980",4165,833,3332
"33981",4865,973,3892
"33982",4715,943,3772
"33983",4295,859,3436
"33984",4410,882,3528
"33985",5730,1146,4584
"33986",3440,688,2752
"33987",6200,1240,4960
"33988",4770,954,3816
"33989",4220,844,3376
"33990",4540,908,3632
"33991",3940,788,3152
"33992",6625,1325,5300
"33993",5665,1133,4532
"33994",4365,873,3492
"33995",5125,1025,4100
"33996",4185,837,3348
"33997",3995,799,3196
"33998",4775,955,3820
"33999",4375,875,3500
"34000",4910,982,3928
"34001",5235,1047,4188
"34002",8025,1605,6420
"34003",4155,831,3324
"34004",4835,967,3868
"34005",4420,884,3536
"34006",4870,974,3896
"34007",4680,936,3744
"34008",4365,873,3492
"34009",5670,1134,4536
"34010",4050,810,3240
"34011",4495,899,3596
"34012",4655,931,3724
"34013",5905,1181,4724
"34014",3830,766,3064
"34015",5055,1011,4044
"34016",4425,885,3540
"34017",5185,1037,4148
"34018",4975,995,3980
"34019",3935,787,3148
"34020",5110,1022,4088
"34021",3735,747,2988
"34022",5765,1153,4612
"34023",5340,1068,4272
"34024",5740,1148,4592
"34025",3710,742,2968
"34026",5225,1045,4180
"34027",4700,940,3760
"34028",5185,1037,4148
"34029",5330,1066,4264
"34030",4255,851,3404
"34031",3940,788,3152
"34032",4920,984,3936
"34033",3885,777,3108
"34034",4005,801,3204
"34035",4920,984,3936
"34036",4250,850,3400
"34037",4840,968,3872
"34038",4575,915,3660
"34039",4645,929,3716
"34040",5665,1133,4532
"34041",4440,888,3552
"34042",4505,901,3604
"34043",3580,716,2864
"34044",4650,930,3720
"34045",4755,951,3804
"34046",4245,849,3396
"34047",4805,961,3844
"34048",3805,761,3044
"34049",3915,783,3132
"34050",4695,939,3756
"34051",3950,790,3160
"34052",4200,840,3360
"34053",4040,808,3232
"34054",4565,913,3652
"34055",6845,1369,5476
"34056",5295,1059,4236
"34057",4450,890,3560
"34058",3700,740,2960
"34059",4480,896,3584
"34060",4630,926,3704
"34061",4355,871,3484
"34062",4190,838,3352
"34063",5225,1045,4180
"34064",4150,830,3320
"34065",4940,988,3952
"34066",5355,1071,4284
"34067",4335,867,3468
"34068",4135,827,3308
"34069",3740,748,2992
"34070",4045,809,3236
"34071",6905,1381,5524
"34072",4530,906,3624
"34073",4640,928,3712
"34074",5180,1036,4144
"34075",6090,1218,4872
"34076",3775,755,3020
"34077",4880,976,3904
"34078",4435,887,3548
"34079",3935,787,3148
"34080",6235,1247,4988
"34081",5485,1097,4388
"34082",4610,922,3688
"34083",5205,1041,4164
"34084",3975,795,3180
"34085",4065,813,3252
"34086",3785,757,3028
"34087",4800,960,3840
"34088",5875,1175,4700
"34089",3575,715,2860
"34090",5975,1195,4780
"34091",4805,961,3844
"34092",5570,1114,4456
"34093",4445,889,3556
"34094",4625,925,3700
"34095",6570,1314,5256
"34096",3850,770,3080
"34097",5675,1135,4540
"34098",4915,983,3932
"34099",4175,835,3340
"34100",4030,806,3224
"34101",4030,806,3224
"34102",4730,946,3784
"34103",6640,1328,5312
"34104",5610,1122,4488
"34105",4715,943,3772
"34106",4095,819,3276
"34107",4530,906,3624
"34108",5070,1014,4056
"34109",4165,833,3332
"34110",4340,868,3472
"34111",4490,898,3592
"34112",4345,869,3476
"34113",5455,1091,4364
"34114",4295,859,3436
"34115",4050,810,3240
"34116",4605,921,3684
"34117",4440,888,3552
"34118",5615,1123,4492
"34119",4130,826,3304
"34120",5210,1042,4168
"34121",4285,857,3428
"34122",3385,677,2708
"34123",6195,1239,4956
"34124",4530,906,3624
"34125",4730,946,3784
"34126",5965,1193,4772
"34127",4825,965,3860
"34128",4755,951,3804
"34129",6340,1268,5072
"34130",4690,938,3752
"34131",5735,1147,4588
"34132",4850,970,3880
"34133",4600,920,3680
"34134",4370,874,3496
"34135",6255,1251,5004
"34136",5290,1058,4232
"34137",4090,818,3272
"34138",4900,980,3920
"34139",4095,819,3276
"34140",4845,969,3876
"34141",4840,968,3872
"34142",3765,753,3012
"34143",6830,1366,5464
"34144",5260,1052,4208
"34145",4910,982,3928
"34146",5065,1013,4052
"34147",4915,983,3932
"34148",4595,919,3676
"34149",4260,852,3408
"34150",3740,748,2992
"34151",4165,833,3332
"34152",3950,790,3160
"34153",4915,983,3932
"34154",4550,910,3640
"34155",5885,1177,4708
"34156",3575,715,2860
"34157",6700,1340,5360
"34158",4335,867,3468
"34159",4050,810,3240
"34160",4715,943,3772
"34161",3960,792,3168
"34162",5585,1117,4468
"34163",6535,1307,5228
"34164",3715,743,2972
"34165",5075,1015,4060
"34166",6455,1291,5164
"34167",5025,1005,4020
"34168",3970,794,3176
"34169",3825,765,3060
"34170",6480,1296,5184
"34171",3580,716,2864
"34172",5180,1036,4144
"34173",4690,938,3752
"34174",5115,1023,4092
"34175",4270,854,3416
"34176",4705,941,3764
"34177",4485,897,3588
"34178",4850,970,3880
"34179",5170,1034,4136
"34180",6530,1306,5224
"34181",4710,942,3768
"34182",4655,931,3724
"34183",6540,1308,5232
"34184",4570,914,3656
"34185",4305,861,3444
"34186",4045,809,3236
"34187",4925,985,3940
"34188",4835,967,3868
"34189",4895,979,3916
"34190",3600,720,2880
"34191",3435,687,2748
"34192",4725,945,3780
"34193",4970,994,3976
"34194",4685,937,3748
"34195",5785,1157,4628
"34196",5545,1109,4436
"34197",5420,1084,4336
"34198",4795,959,3836
"34199",4030,806,3224
"34200",5310,1062,4248
"34201",4140,828,3312
"34202",3780,756,3024
"34203",4800,960,3840
"34204",6125,1225,4900
"34205",4530,906,3624
"34206",5470,1094,4376
"34207",4830,966,3864
"34208",4080,816,3264
"34209",5145,1029,4116
"34210",6725,1345,5380
"34211",4175,835,3340
"34212",4135,827,3308
"34213",5835,1167,4668
"34214",4790,958,3832
"34215",4125,825,3300
"34216",3845,769,3076
"34217",4690,938,3752
"34218",3415,683,2732
"34219",4500,900,3600
"34220",4995,999,3996
"34221",5305,1061,4244
"34222",5340,1068,4272
"34223",6755,1351,5404
"34224",3785,757,3028
"34225",4840,968,3872
"34226",4835,967,3868
"34227",4855,971,3884
"34228",4310,862,3448
"34229",4855,971,3884
"34230",5035,1007,4028
"34231",4090,818,3272
"34232",4390,878,3512
"34233",5035,1007,4028
"34234",3445,689,2756
"34235",4325,865,3460
"34236",4175,835,3340
"34237",4930,986,3944
"34238",5940,1188,4752
"34239",5215,1043,4172
"34240",4125,825,3300
"34241",4860,972,3888
"34242",4585,917,3668
"34243",4515,903,3612
"34244",5835,1167,4668
"34245",4830,966,3864
"34246",5905,1181,4724
"34247",4535,907,3628
"34248",4840,968,3872
"34249",3690,738,2952
"34250",6710,1342,5368
"34251",5025,1005,4020
"34252",5065,1013,4052
"34253",4855,971,3884
"34254",7380,1476,5904
"34255",4565,913,3652
"34256",4830,966,3864
"34257",4380,876,3504
"34258",5650,1130,4520
"34259",4220,844,3376
"34260",4790,958,3832
"34261",4480,896,3584
"34262",5080,1016,4064
"34263",5025,1005,4020
"34264",6720,1344,5376
"34265",4475,895,3580
"34266",4430,886,3544
"34267",4645,929,3716
"34268",4675,935,3740
"34269",5390,1078,4312
"34270",4500,900,3600
"34271",6760,1352,5408
"34272",4735,947,3788
"34273",3680,736,2944
"34274",4435,887,3548
"34275",5145,1029,4116
"34276",4145,829,3316
"34277",3515,703,2812
"34278",4975,995,3980
"34279",4015,803,3212
"34280",5550,1110,4440
"34281",5075,1015,4060
"34282",4420,884,3536
"34283",5105,1021,4084
"34284",3270,654,2616
"34285",5285,1057,4228
"34286",4775,955,3820
"34287",3430,686,2744
"34288",3660,732,2928
"34289",4565,913,3652
"34290",4350,870,3480
"34291",4890,978,3912
"34292",3550,710,2840
"34293",3710,742,2968
"34294",3835,767,3068
"34295",4300,860,3440
"34296",3630,726,2904
"34297",5320,1064,4256
"34298",4655,931,3724
"34299",4620,924,3696
"34300",3865,773,3092
"34301",4860,972,3888
"34302",5165,1033,4132
"34303",4190,838,3352
"34304",3620,724,2896
"34305",5020,1004,4016
"34306",4915,983,3932
"34307",5770,1154,4616
"34308",4800,960,3840
"34309",3985,797,3188
"34310",4070,814,3256
"34311",6295,1259,5036
"34312",3780,756,3024
"34313",5320,1064,4256
"34314",3785,757,3028
"34315",5775,1155,4620
"34316",4155,831,3324
"34317",4300,860,3440
"34318",4385,877,3508
"34319",4280,856,3424
"34320",4150,830,3320
"34321",4330,866,3464
"34322",4255,851,3404
"34323",5365,1073,4292
"34324",4260,852,3408
"34325",4830,966,3864
"34326",5270,1054,4216
"34327",3700,740,2960
"34328",4880,976,3904
"34329",4075,815,3260
"34330",4950,990,3960
"34331",4390,878,3512
"34332",6050,1210,4840
"34333",4710,942,3768
"34334",4470,894,3576
"34335",4705,941,3764
"34336",4570,914,3656
"34337",4675,935,3740
"34338",4330,866,3464
"34339",4965,993,3972
"34340",5125,1025,4100
"34341",5460,1092,4368
"34342",5035,1007,4028
"34343",4270,854,3416
"34344",4080,816,3264
"34345",5035,1007,4028
"34346",5380,1076,4304
"34347",4320,864,3456
"34348",4040,808,3232
"34349",3655,731,2924
"34350",6165,1233,4932
"34351",4035,807,3228
"34352",4080,816,3264
"34353",4385,877,3508
"34354",4450,890,3560
"34355",3840,768,3072
"34356",6165,1233,4932
"34357",5555,1111,4444
"34358",3430,686,2744
"34359",5365,1073,4292
"34360",4600,920,3680
"34361",3045,609,2436
"34362",4715,943,3772
"34363",5270,1054,4216
"34364",3940,788,3152
"34365",5115,1023,4092
"34366",5845,1169,4676
"34367",5505,1101,4404
"34368",3935,787,3148
"34369",4335,867,3468
"34370",4885,977,3908
"34371",5220,1044,4176
"34372",5935,1187,4748
"34373",4255,851,3404
"34374",5395,1079,4316
"34375",3200,640,2560
"34376",4425,885,3540
"34377",4125,825,3300
"34378",5430,1086,4344
"34379",3670,734,2936
"34380",5110,1022,4088
"34381",3730,746,2984
"34382",5985,1197,4788
"34383",4720,944,3776
"34384",5270,1054,4216
"34385",4010,802,3208
"34386",3190,638,2552
"34387",4655,931,3724
"34388",5380,1076,4304
"34389",5455,1091,4364
"34390",4150,830,3320
"34391",5610,1122,4488
"34392",3725,745,2980
"34393",4480,896,3584
"34394",4295,859,3436
"34395",4010,802,3208
"34396",5435,1087,4348
"34397",4700,940,3760
"34398",4645,929,3716
"34399",3985,797,3188
"34400",4750,950,3800
"34401",4920,984,3936
"34402",4670,934,3736
"34403",5050,1010,4040
"34404",4420,884,3536
"34405",4315,863,3452
"34406",6095,1219,4876
"34407",4780,956,3824
"34408",4915,983,3932
"34409",5880,1176,4704
"34410",3915,783,3132
"34411",3765,753,3012
"34412",4390,878,3512
"34413",4755,951,3804
"34414",4110,822,3288
"34415",5295,1059,4236
"34416",5075,1015,4060
"34417",4975,995,3980
"34418",5435,1087,4348
"34419",5400,1080,4320
"34420",4095,819,3276
"34421",4155,831,3324
"34422",6930,1386,5544
"34423",5380,1076,4304
"34424",4435,887,3548
"34425",4240,848,3392
"34426",4305,861,3444
"34427",4225,845,3380
"34428",4250,850,3400
"34429",4850,970,3880
"34430",3825,765,3060
"34431",5205,1041,4164
"34432",6100,1220,4880
"34433",3720,744,2976
"34434",6105,1221,4884
"34435",5085,1017,4068
"34436",4700,940,3760
"34437",4905,981,3924
"34438",4500,900,3600
"34439",5555,1111,4444
"34440",4565,913,3652
"34441",4135,827,3308
"34442",3730,746,2984
"34443",5785,1157,4628
"34444",5925,1185,4740
"34445",6955,1391,5564
"34446",4895,979,3916
"34447",4810,962,3848
"34448",5380,1076,4304
"34449",4185,837,3348
"34450",6735,1347,5388
"34451",5775,1155,4620
"34452",5475,1095,4380
"34453",7350,1470,5880
"34454",4865,973,3892
"34455",3670,734,2936
"34456",6090,1218,4872
"34457",4930,986,3944
"34458",5020,1004,4016
"34459",4780,956,3824
"34460",3770,754,3016
"34461",6490,1298,5192
"34462",4905,981,3924
"34463",4970,994,3976
"34464",4360,872,3488
"34465",5220,1044,4176
"34466",4235,847,3388
"34467",5495,1099,4396
"34468",3545,709,2836
"34469",5695,1139,4556
"34470",4050,810,3240
"34471",4435,887,3548
"34472",5730,1146,4584
"34473",5220,1044,4176
"34474",5930,1186,4744
"34475",4605,921,3684
"34476",5480,1096,4384
"34477",5600,1120,4480
"34478",3990,798,3192
"34479",5935,1187,4748
"34480",6045,1209,4836
"34481",4785,957,3828
"34482",4590,918,3672
"34483",4760,952,3808
"34484",3740,748,2992
"34485",3685,737,2948
"34486",4340,868,3472
"34487",4470,894,3576
"34488",5420,1084,4336
"34489",4050,810,3240
"34490",4840,968,3872
"34491",4735,947,3788
"34492",3510,702,2808
"34493",4410,882,3528
"34494",4760,952,3808
"34495",4885,977,3908
"34496",4145,829,3316
"34497",4670,934,3736
"34498",5780,1156,4624
"34499",6285,1257,5028
"34500",4515,903,3612
"34501",4080,816,3264
"34502",4345,869,3476
"34503",6275,1255,5020
"34504",4440,888,3552
"34505",4810,962,3848
"34506",8860,1772,7088
"34507",5175,1035,4140
"34508",6295,1259,5036
"34509",4460,892,3568
"34510",4930,986,3944
"34511",6345,1269,5076
"34512",4220,844,3376
"34513",5795,1159,4636
"34514",4635,927,3708
"34515",5550,1110,4440
"34516",6385,1277,5108
"34517",5080,1016,4064
"34518",5005,1001,4004
"34519",5575,1115,4460
"34520",5855,1171,4684
"34521",4890,978,3912
"34522",4620,924,3696
"34523",4505,901,3604
"34524",4150,830,3320
"34525",5265,1053,4212
"34526",5260,1052,4208
"34527",5675,1135,4540
"34528",5620,1124,4496
"34529",4125,825,3300
"34530",3915,783,3132
"34531",5840,1168,4672
"34532",5820,1164,4656
"34533",4900,980,3920
"34534",4505,901,3604
"34535",5450,1090,4360
"34536",4545,909,3636
"34537",5350,1070,4280
"34538",5015,1003,4012
"34539",4670,934,3736
"34540",5355,1071,4284
"34541",4585,917,3668
"34542",5975,1195,4780
"34543",3155,631,2524
"34544",3800,760,3040
"34545",3930,786,3144
"34546",5745,1149,4596
"34547",4900,980,3920
"34548",4410,882,3528
"34549",6515,1303,5212
"34550",4515,903,3612
"34551",5890,1178,4712
"34552",4825,965,3860
"34553",5440,1088,4352
"34554",4210,842,3368
"34555",4635,927,3708
"34556",4385,877,3508
"34557",4525,905,3620
"34558",4315,863,3452
"34559",3565,713,2852
"34560",4730,946,3784
"34561",5105,1021,4084
"34562",5930,1186,4744
"34563",5200,1040,4160
"34564",5515,1103,4412
"34565",4730,946,3784
"34566",4315,863,3452
"34567",3525,705,2820
"34568",3615,723,2892
"34569",4755,951,3804
"34570",5370,1074,4296
"34571",3335,667,2668
"34572",3690,738,2952
"34573",3895,779,3116
"34574",4940,988,3952
"34575",5785,1157,4628
"34576",5645,1129,4516
"34577",4155,831,3324
"34578",4715,943,3772
"34579",4435,887,3548
"34580",5410,1082,4328
"34581",4120,824,3296
"34582",3955,791,3164
"34583",3500,700,2800
"34584",4520,904,3616
"34585",5525,1105,4420
"34586",4365,873,3492
"34587",3875,775,3100
"34588",4650,930,3720
"34589",3885,777,3108
"34590",4575,915,3660
"34591",4235,847,3388
"34592",4715,943,3772
"34593",6410,1282,5128
"34594",4355,871,3484
"34595",5725,1145,4580
"34596",3935,787,3148
"34597",3780,756,3024
"34598",5020,1004,4016
"34599",4150,830,3320
"34600",4455,891,3564
"34601",5525,1105,4420
"34602",5220,1044,4176
"34603",5775,1155,4620
"34604",5615,1123,4492
"34605",5290,1058,4232
"34606",4585,917,3668
"34607",4635,927,3708
"34608",4175,835,3340
"34609",3740,748,2992
"34610",4725,945,3780
"34611",4620,924,3696
"34612",4730,946,3784
"34613",4600,920,3680
"34614",5440,1088,4352
"34615",5400,1080,4320
"34616",5100,1020,4080
"34617",5710,1142,4568
"34618",4725,945,3780
"34619",4385,877,3508
"34620",5830,1166,4664
"34621",4275,855,3420
"34622",4715,943,3772
"34623",4630,926,3704
"34624",5680,1136,4544
"34625",4075,815,3260
"34626",5910,1182,4728
"34627",3625,725,2900
"34628",4925,985,3940
"34629",5180,1036,4144
"34630",5150,1030,4120
"34631",4790,958,3832
"34632",5460,1092,4368
"34633",4260,852,3408
"34634",4580,916,3664
"34635",6145,1229,4916
"34636",4640,928,3712
"34637",4340,868,3472
"34638",4180,836,3344
"34639",3855,771,3084
"34640",4135,827,3308
"34641",4485,897,3588
"34642",5200,1040,4160
"34643",4950,990,3960
"34644",4290,858,3432
"34645",4450,890,3560
"34646",4330,866,3464
"34647",4780,956,3824
"34648",4740,948,3792
"34649",5595,1119,4476
"34650",4245,849,3396
"34651",7235,1447,5788
"34652",3885,777,3108
"34653",4420,884,3536
"34654",4125,825,3300
"34655",6725,1345,5380
"34656",5645,1129,4516
"34657",5990,1198,4792
"34658",4795,959,3836
"34659",4265,853,3412
"34660",5310,1062,4248
"34661",4470,894,3576
"34662",5015,1003,4012
"34663",4445,889,3556
"34664",4305,861,3444
"34665",5645,1129,4516
"34666",6330,1266,5064
"34667",6165,1233,4932
"34668",6220,1244,4976
"34669",4345,869,3476
"34670",4495,899,3596
"34671",4160,832,3328
"34672",5265,1053,4212
"34673",5200,1040,4160
"34674",3845,769,3076
"34675",3730,746,2984
"34676",4160,832,3328
"34677",4200,840,3360
"34678",5925,1185,4740
"34679",4485,897,3588
"34680",4680,936,3744
"34681",4970,994,3976
"34682",4075,815,3260
"34683",5220,1044,4176
"34684",4100,820,3280
"34685",5865,1173,4692
"34686",4570,914,3656
"34687",3200,640,2560
"34688",4955,991,3964
"34689",5065,1013,4052
"34690",5020,1004,4016
"34691",5100,1020,4080
"34692",4960,992,3968
"34693",5075,1015,4060
"34694",4885,977,3908
"34695",4695,939,3756
"34696",4150,830,3320
"34697",4145,829,3316
"34698",5080,1016,4064
"34699",4000,800,3200
"34700",6840,1368,5472
"34701",5940,1188,4752
"34702",4825,965,3860
"34703",3745,749,2996
"34704",4915,983,3932
"34705",5110,1022,4088
"34706",3520,704,2816
"34707",3625,725,2900
"34708",4570,914,3656
"34709",4415,883,3532
"34710",4255,851,3404
"34711",4240,848,3392
"34712",4330,866,3464
"34713",4645,929,3716
"34714",4285,857,3428
"34715",5330,1066,4264
"34716",4610,922,3688
"34717",6040,1208,4832
"34718",4930,986,3944
"34719",3860,772,3088
"34720",4695,939,3756
"34721",5195,1039,4156
"34722",3825,765,3060
"34723",4430,886,3544
"34724",5970,1194,4776
"34725",5185,1037,4148
"34726",6150,1230,4920
"34727",4975,995,3980
"34728",4020,804,3216
"34729",3890,778,3112
"34730",5160,1032,4128
"34731",6755,1351,5404
"34732",4910,982,3928
"34733",6400,1280,5120
"34734",4680,936,3744
"34735",5965,1193,4772
"34736",5575,1115,4460
"34737",7290,1458,5832
"34738",4055,811,3244
"34739",5250,1050,4200
"34740",4505,901,3604
"34741",5740,1148,4592
"34742",4145,829,3316
"34743",4875,975,3900
"34744",4815,963,3852
"34745",4890,978,3912
"34746",4085,817,3268
"34747",3700,740,2960
"34748",4670,934,3736
"34749",4270,854,3416
"34750",4925,985,3940
"34751",6625,1325,5300
"34752",5295,1059,4236
"34753",4860,972,3888
"34754",5015,1003,4012
"34755",4455,891,3564
"34756",5755,1151,4604
"34757",4980,996,3984
"34758",3820,764,3056
"34759",4505,901,3604
"34760",6445,1289,5156
"34761",5065,1013,4052
"34762",5155,1031,4124
"34763",3845,769,3076
"34764",4095,819,3276
"34765",5245,1049,4196
"34766",5340,1068,4272
"34767",4025,805,3220
"34768",4275,855,3420
"34769",4200,840,3360
"34770",5830,1166,4664
"34771",4175,835,3340
"34772",4795,959,3836
"34773",4640,928,3712
"34774",4690,938,3752
"34775",4545,909,3636
"34776",4260,852,3408
"34777",5775,1155,4620
"34778",4235,847,3388
"34779",5145,1029,4116
"34780",5800,1160,4640
"34781",5805,1161,4644
"34782",3950,790,3160
"34783",4305,861,3444
"34784",4510,902,3608
"34785",4060,812,3248
"34786",6320,1264,5056
"34787",6075,1215,4860
"34788",3775,755,3020
"34789",5390,1078,4312
"34790",5060,1012,4048
"34791",5630,1126,4504
"34792",3890,778,3112
"34793",4390,878,3512
"34794",7040,1408,5632
"34795",5510,1102,4408
"34796",4160,832,3328
"34797",4690,938,3752
"34798",4850,970,3880
"34799",4585,917,3668
"34800",5235,1047,4188
"34801",4765,953,3812
"34802",4565,913,3652
"34803",4330,866,3464
"34804",4005,801,3204
"34805",4015,803,3212
"34806",3770,754,3016
"34807",5160,1032,4128
"34808",5550,1110,4440
"34809",5410,1082,4328
"34810",4550,910,3640
"34811",7060,1412,5648
"34812",6610,1322,5288
"34813",5545,1109,4436
"34814",4070,814,3256
"34815",5375,1075,4300
"34816",4020,804,3216
"34817",4360,872,3488
"34818",4575,915,3660
"34819",4925,985,3940
"34820",4670,934,3736
"34821",4460,892,3568
"34822",4500,900,3600
"34823",3310,662,2648
"34824",3220,644,2576
"34825",4175,835,3340
"34826",3745,749,2996
"34827",5115,1023,4092
"34828",4065,813,3252
"34829",3545,709,2836
"34830",3995,799,3196
"34831",3770,754,3016
"34832",3315,663,2652
"34833",4155,831,3324
"34834",4590,918,3672
"34835",4130,826,3304
"34836",3900,780,3120
"34837",4260,852,3408
"34838",5115,1023,4092
"34839",3650,730,2920
"34840",3595,719,2876
"34841",6140,1228,4912
"34842",4210,842,3368
"34843",4690,938,3752
"34844",4600,920,3680
"34845",3410,682,2728
"34846",5170,1034,4136
"34847",5115,1023,4092
"34848",4095,819,3276
"34849",5055,1011,4044
"34850",5560,1112,4448
"34851",7225,1445,5780
"34852",8425,1685,6740
"34853",6830,1366,5464
"34854",3780,756,3024
"34855",3480,696,2784
"34856",5245,1049,4196
"34857",5040,1008,4032
"34858",3845,769,3076
"34859",4865,973,3892
"34860",4215,843,3372
"34861",3865,773,3092
"34862",5925,1185,4740
"34863",4405,881,3524
"34864",3575,715,2860
"34865",4240,848,3392
"34866",4450,890,3560
"34867",8450,1690,6760
"34868",3830,766,3064
"34869",4275,855,3420
"34870",4275,855,3420
"34871",4495,899,3596
"34872",5345,1069,4276
"34873",4440,888,3552
"34874",4420,884,3536
"34875",5240,1048,4192
"34876",4045,809,3236
"34877",5055,1011,4044
"34878",4020,804,3216
"34879",4875,975,3900
"34880",3320,664,2656
"34881",4400,880,3520
"34882",4500,900,3600
"34883",3385,677,2708
"34884",3495,699,2796
"34885",4470,894,3576
"34886",3785,757,3028
"34887",5080,1016,4064
"34888",5330,1066,4264
"34889",4485,897,3588
"34890",4290,858,3432
"34891",4860,972,3888
"34892",5460,1092,4368
"34893",3600,720,2880
"34894",4690,938,3752
"34895",5185,1037,4148
"34896",7750,1550,6200
"34897",5035,1007,4028
"34898",4610,922,3688
"34899",4730,946,3784
"34900",4865,973,3892
"34901",4580,916,3664
"34902",5100,1020,4080
"34903",8155,1631,6524
"34904",5200,1040,4160
"34905",4260,852,3408
"34906",5360,1072,4288
"34907",6280,1256,5024
"34908",5220,1044,4176
"34909",4420,884,3536
"34910",5900,1180,4720
"34911",4835,967,3868
"34912",4670,934,3736
"34913",4150,830,3320
"34914",5410,1082,4328
"34915",3875,775,3100
"34916",3995,799,3196
"34917",5720,1144,4576
"34918",4965,993,3972
"34919",3890,778,3112
"34920",4155,831,3324
"34921",3780,756,3024
"34922",5215,1043,4172
"34923",6415,1283,5132
"34924",5990,1198,4792
"34925",4890,978,3912
"34926",6295,1259,5036
"34927",4460,892,3568
"34928",3890,778,3112
"34929",5260,1052,4208
"34930",4660,932,3728
"34931",4295,859,3436
"34932",3390,678,2712
"34933",4685,937,3748
"34934",3800,760,3040
"34935",4155,831,3324
"34936",4085,817,3268
"34937",4370,874,3496
"34938",6010,1202,4808
"34939",4735,947,3788
"34940",6415,1283,5132
"34941",5865,1173,4692
"34942",4440,888,3552
"34943",3580,716,2864
"34944",5210,1042,4168
"34945",3780,756,3024
"34946",5735,1147,4588
"34947",4255,851,3404
"34948",3900,780,3120
"34949",4905,981,3924
"34950",4760,952,3808
"34951",5780,1156,4624
"34952",4300,860,3440
"34953",4645,929,3716
"34954",5965,1193,4772
"34955",3445,689,2756
"34956",5150,1030,4120
"34957",4105,821,3284
"34958",4675,935,3740
"34959",4195,839,3356
"34960",4410,882,3528
"34961",5375,1075,4300
"34962",4515,903,3612
"34963",3990,798,3192
"34964",4090,818,3272
"34965",4545,909,3636
"34966",4555,911,3644
"34967",4320,864,3456
"34968",5360,1072,4288
"34969",4845,969,3876
"34970",5475,1095,4380
"34971",3710,742,2968
"34972",4050,810,3240
"34973",3605,721,2884
"34974",4485,897,3588
"34975",4715,943,3772
"34976",5405,1081,4324
"34977",3945,789,3156
"34978",6840,1368,5472
"34979",4625,925,3700
"34980",4515,903,3612
"34981",3780,756,3024
"34982",5215,1043,4172
"34983",4175,835,3340
"34984",4415,883,3532
"34985",3760,752,3008
"34986",4905,981,3924
"34987",4750,950,3800
"34988",5810,1162,4648
"34989",4715,943,3772
"34990",4660,932,3728
"34991",5795,1159,4636
"34992",4460,892,3568
"34993",5670,1134,4536
"34994",3075,615,2460
"34995",6155,1231,4924
"34996",5800,1160,4640
"34997",4945,989,3956
"34998",3825,765,3060
"34999",3630,726,2904
"35000",4410,882,3528
"35001",3645,729,2916
"35002",6415,1283,5132
"35003",5035,1007,4028
"35004",5810,1162,4648
"35005",4620,924,3696
"35006",5185,1037,4148
"35007",5250,1050,4200
"35008",4160,832,3328
"35009",6325,1265,5060
"35010",3665,733,2932
"35011",4195,839,3356
"35012",5235,1047,4188
"35013",5190,1038,4152
"35014",4225,845,3380
"35015",5065,1013,4052
"35016",4915,983,3932
"35017",4030,806,3224
"35018",4155,831,3324
"35019",4670,934,3736
"35020",3225,645,2580
"35021",4015,803,3212
"35022",6010,1202,4808
"35023",3585,717,2868
"35024",3970,794,3176
"35025",5530,1106,4424
"35026",4080,816,3264
"35027",5025,1005,4020
"35028",5070,1014,4056
"35029",5425,1085,4340
"35030",7120,1424,5696
"35031",4125,825,3300
"35032",4270,854,3416
"35033",3940,788,3152
"35034",3450,690,2760
"35035",4845,969,3876
"35036",7475,1495,5980
"35037",4880,976,3904
"35038",4075,815,3260
"35039",5355,1071,4284
"35040",4825,965,3860
"35041",6145,1229,4916
"35042",4025,805,3220
"35043",4390,878,3512
"35044",5660,1132,4528
"35045",5865,1173,4692
"35046",4240,848,3392
"35047",5270,1054,4216
"35048",7920,1584,6336
"35049",4120,824,3296
"35050",6745,1349,5396
"35051",4550,910,3640
"35052",6145,1229,4916
"35053",3190,638,2552
"35054",4105,821,3284
"35055",3915,783,3132
"35056",5260,1052,4208
"35057",6015,1203,4812
"35058",4795,959,3836
"35059",5195,1039,4156
"35060",4260,852,3408
"35061",4125,825,3300
"35062",3590,718,2872
"35063",5670,1134,4536
"35064",5350,1070,4280
"35065",5110,1022,4088
"35066",4685,937,3748
"35067",6530,1306,5224
"35068",4300,860,3440
"35069",5655,1131,4524
"35070",6745,1349,5396
"35071",7005,1401,5604
"35072",4310,862,3448
"35073",4450,890,3560
"35074",4315,863,3452
"35075",4650,930,3720
"35076",6210,1242,4968
"35077",3430,686,2744
"35078",7605,1521,6084
"35079",5225,1045,4180
"35080",5375,1075,4300
"35081",4285,857,3428
"35082",3730,746,2984
"35083",6205,1241,4964
"35084",5265,1053,4212
"35085",5310,1062,4248
"35086",2950,590,2360
"35087",4215,843,3372
"35088",5200,1040,4160
"35089",5015,1003,4012
"35090",5820,1164,4656
"35091",5115,1023,4092
"35092",6485,1297,5188
"35093",4420,884,3536
"35094",4725,945,3780
"35095",4485,897,3588
"35096",5175,1035,4140
"35097",3670,734,2936
"35098",4065,813,3252
"35099",5720,1144,4576
"35100",4970,994,3976
"35101",4125,825,3300
"35102",3845,769,3076
"35103",4720,944,3776
"35104",5700,1140,4560
"35105",5220,1044,4176
"35106",4120,824,3296
"35107",5630,1126,4504
"35108",4250,850,3400
"35109",5940,1188,4752
"35110",4220,844,3376
"35111",4665,933,3732
"35112",4595,919,3676
"35113",3540,708,2832
"35114",4320,864,3456
"35115",4540,908,3632
"35116",4145,829,3316
"35117",3760,752,3008
"35118",4560,912,3648
"35119",4180,836,3344
"35120",5760,1152,4608
"35121",5320,1064,4256
"35122",8505,1701,6804
"35123",4565,913,3652
"35124",3680,736,2944
"35125",4990,998,3992
"35126",5835,1167,4668
"35127",3590,718,2872
"35128",4095,819,3276
"35129",7350,1470,5880
"35130",6015,1203,4812
"35131",5910,1182,4728
"35132",5070,1014,4056
"35133",4240,848,3392
"35134",4740,948,3792
"35135",4780,956,3824
"35136",5225,1045,4180
"35137",4750,950,3800
"35138",4240,848,3392
"35139",5835,1167,4668
"35140",5325,1065,4260
"35141",5040,1008,4032
"35142",5025,1005,4020
"35143",5970,1194,4776
"35144",5390,1078,4312
"35145",5110,1022,4088
"35146",3685,737,2948
"35147",4780,956,3824
"35148",5370,1074,4296
"35149",5100,1020,4080
"35150",4815,963,3852
"35151",5050,1010,4040
"35152",4310,862,3448
"35153",4440,888,3552
"35154",4480,896,3584
"35155",5045,1009,4036
"35156",5225,1045,4180
"35157",4995,999,3996
"35158",4775,955,3820
"35159",4700,940,3760
"35160",3760,752,3008
"35161",4530,906,3624
"35162",4545,909,3636
"35163",4100,820,3280
"35164",4645,929,3716
"35165",4200,840,3360
"35166",5685,1137,4548
"35167",5390,1078,4312
"35168",5150,1030,4120
"35169",4625,925,3700
"35170",3365,673,2692
"35171",4630,926,3704
"35172",3890,778,3112
"35173",4450,890,3560
"35174",4390,878,3512
"35175",4930,986,3944
"35176",4860,972,3888
"35177",4655,931,3724
"35178",4480,896,3584
"35179",4155,831,3324
"35180",4315,863,3452
"35181",4005,801,3204
"35182",3510,702,2808
"35183",4010,802,3208
"35184",5285,1057,4228
"35185",4260,852,3408
"35186",5830,1166,4664
"35187",4685,937,3748
"35188",4310,862,3448
"35189",4855,971,3884
"35190",4825,965,3860
"35191",4225,845,3380
"35192",4950,990,3960
"35193",4505,901,3604
"35194",4710,942,3768
"35195",4960,992,3968
"35196",5290,1058,4232
"35197",4615,923,3692
"35198",6015,1203,4812
"35199",5115,1023,4092
"35200",4050,810,3240
"35201",4540,908,3632
"35202",5475,1095,4380
"35203",5590,1118,4472
"35204",6520,1304,5216
"35205",5470,1094,4376
"35206",4660,932,3728
"35207",3780,756,3024
"35208",4700,940,3760
"35209",4540,908,3632
"35210",5790,1158,4632
"35211",6800,1360,5440
"35212",4665,933,3732
"35213",5355,1071,4284
"35214",4810,962,3848
"35215",4150,830,3320
"35216",4890,978,3912
"35217",4810,962,3848
"35218",5060,1012,4048
"35219",4395,879,3516
"35220",5390,1078,4312
"35221",5040,1008,4032
"35222",5735,1147,4588
"35223",5820,1164,4656
"35224",3920,784,3136
"35225",5010,1002,4008
"35226",3810,762,3048
"35227",5625,1125,4500
"35228",7330,1466,5864
"35229",4635,927,3708
"35230",4165,833,3332
"35231",3455,691,2764
"35232",5090,1018,4072
"35233",4350,870,3480
"35234",4995,999,3996
"35235",4240,848,3392
"35236",4085,817,3268
"35237",5190,1038,4152
"35238",4660,932,3728
"35239",5205,1041,4164
"35240",4220,844,3376
"35241",4605,921,3684
"35242",3810,762,3048
"35243",4110,822,3288
"35244",3885,777,3108
"35245",4580,916,3664
"35246",4065,813,3252
"35247",3235,647,2588
"35248",4885,977,3908
"35249",3860,772,3088
"35250",4930,986,3944
"35251",4320,864,3456
"35252",4625,925,3700
"35253",4345,869,3476
"35254",4480,896,3584
"35255",4285,857,3428
"35256",3675,735,2940
"35257",5010,1002,4008
"35258",4485,897,3588
"35259",5360,1072,4288
"35260",4380,876,3504
"35261",5400,1080,4320
"35262",4710,942,3768
"35263",5435,1087,4348
"35264",4180,836,3344
"35265",5330,1066,4264
"35266",3810,762,3048
"35267",7410,1482,5928
"35268",4385,877,3508
"35269",3405,681,2724
"35270",4845,969,3876
"35271",4885,977,3908
"35272",3940,788,3152
"35273",4160,832,3328
"35274",4150,830,3320
"35275",4910,982,3928
"35276",5090,1018,4072
"35277",4490,898,3592
"35278",6220,1244,4976
"35279",4685,937,3748
"35280",3590,718,2872
"35281",4865,973,3892
"35282",4610,922,3688
"35283",5510,1102,4408
"35284",4400,880,3520
"35285",5540,1108,4432
"35286",4435,887,3548
"35287",5565,1113,4452
"35288",5445,1089,4356
"35289",3465,693,2772
"35290",4220,844,3376
"35291",5160,1032,4128
"35292",6355,1271,5084
"35293",4935,987,3948
"35294",4490,898,3592
"35295",3905,781,3124
"35296",4775,955,3820
"35297",3955,791,3164
"35298",4920,984,3936
"35299",4650,930,3720
"35300",3890,778,3112
"35301",4520,904,3616
"35302",6395,1279,5116
"35303",4555,911,3644
"35304",4965,993,3972
"35305",4965,993,3972
"35306",5610,1122,4488
"35307",4475,895,3580
"35308",6090,1218,4872
"35309",3630,726,2904
"35310",4970,994,3976
"35311",4970,994,3976
"35312",4315,863,3452
"35313",4320,864,3456
"35314",4625,925,3700
"35315",4720,944,3776
"35316",4170,834,3336
"35317",5135,1027,4108
"35318",5160,1032,4128
"35319",5445,1089,4356
"35320",4145,829,3316
"35321",5760,1152,4608
"35322",4240,848,3392
"35323",6565,1313,5252
"35324",4335,867,3468
"35325",3755,751,3004
"35326",3550,710,2840
"35327",4675,935,3740
"35328",5050,1010,4040
"35329",4605,921,3684
"35330",3975,795,3180
"35331",5055,1011,4044
"35332",4440,888,3552
"35333",4600,920,3680
"35334",4870,974,3896
"35335",4550,910,3640
"35336",7630,1526,6104
"35337",4525,905,3620
"35338",3950,790,3160
"35339",5435,1087,4348
"35340",4290,858,3432
"35341",4445,889,3556
"35342",4735,947,3788
"35343",3570,714,2856
"35344",4740,948,3792
"35345",4910,982,3928
"35346",3955,791,3164
"35347",4300,860,3440
"35348",4645,929,3716
"35349",5175,1035,4140
"35350",4750,950,3800
"35351",4515,903,3612
"35352",3905,781,3124
"35353",4535,907,3628
"35354",6085,1217,4868
"35355",7080,1416,5664
"35356",4380,876,3504
"35357",3910,782,3128
"35358",4905,981,3924
"35359",4105,821,3284
"35360",4995,999,3996
"35361",4260,852,3408
"35362",4965,993,3972
"35363",5880,1176,4704
"35364",6525,1305,5220
"35365",4590,918,3672
"35366",6435,1287,5148
"35367",4180,836,3344
"35368",5280,1056,4224
"35369",3840,768,3072
"35370",4455,891,3564
"35371",4805,961,3844
"35372",4140,828,3312
"35373",4525,905,3620
"35374",4125,825,3300
"35375",4380,876,3504
"35376",4695,939,3756
"35377",5480,1096,4384
"35378",4565,913,3652
"35379",4425,885,3540
"35380",4595,919,3676
"35381",3850,770,3080
"35382",5240,1048,4192
"35383",5955,1191,4764
"35384",5100,1020,4080
"35385",4365,873,3492
"35386",4925,985,3940
"35387",4165,833,3332
"35388",3930,786,3144
"35389",4880,976,3904
"35390",4810,962,3848
"35391",4680,936,3744
"35392",5810,1162,4648
"35393",6175,1235,4940
"35394",4015,803,3212
"35395",5380,1076,4304
"35396",4895,979,3916
"35397",3735,747,2988
"35398",4870,974,3896
"35399",4520,904,3616
"35400",5170,1034,4136
"35401",5215,1043,4172
"35402",5305,1061,4244
"35403",4115,823,3292
"35404",3540,708,2832
"35405",4630,926,3704
"35406",5815,1163,4652
"35407",4500,900,3600
"35408",3470,694,2776
"35409",4875,975,3900
"35410",4070,814,3256
"35411",4690,938,3752
"35412",5565,1113,4452
"35413",6500,1300,5200
"35414",4625,925,3700
"35415",4170,834,3336
"35416",5615,1123,4492
"35417",5805,1161,4644
"35418",5030,1006,4024
"35419",4315,863,3452
"35420",5100,1020,4080
"35421",5280,1056,4224
"35422",5665,1133,4532
"35423",4665,933,3732
"35424",4650,930,3720
"35425",5575,1115,4460
"35426",5680,1136,4544
"35427",5385,1077,4308
"35428",4630,926,3704
"35429",4015,803,3212
"35430",4260,852,3408
"35431",4585,917,3668
"35432",4750,950,3800
"35433",5045,1009,4036
"35434",4080,816,3264
"35435",4215,843,3372
"35436",5090,1018,4072
"35437",3550,710,2840
"35438",3395,679,2716
"35439",4730,946,3784
"35440",3805,761,3044
"35441",4060,812,3248
"35442",5830,1166,4664
"35443",4470,894,3576
"35444",4715,943,3772
"35445",3565,713,2852
"35446",5190,1038,4152
"35447",4225,845,3380
"35448",3915,783,3132
"35449",4735,947,3788
"35450",5795,1159,4636
"35451",5350,1070,4280
"35452",5385,1077,4308
"35453",5400,1080,4320
"35454",3960,792,3168
"35455",4865,973,3892
"35456",5785,1157,4628
"35457",5355,1071,4284
"35458",3640,728,2912
"35459",4195,839,3356
"35460",4920,984,3936
"35461",4640,928,3712
"35462",5355,1071,4284
"35463",4025,805,3220
"35464",4925,985,3940
"35465",4725,945,3780
"35466",4290,858,3432
"35467",6970,1394,5576
"35468",3990,798,3192
"35469",3585,717,2868
"35470",4130,826,3304
"35471",4935,987,3948
"35472",3675,735,2940
"35473",5610,1122,4488
"35474",3980,796,3184
"35475",6485,1297,5188
"35476",5825,1165,4660
"35477",4665,933,3732
"35478",4010,802,3208
"35479",4280,856,3424
"35480",3990,798,3192
"35481",4260,852,3408
"35482",4645,929,3716
"35483",4525,905,3620
"35484",4155,831,3324
"35485",4340,868,3472
"35486",5835,1167,4668
"35487",5025,1005,4020
"35488",4520,904,3616
"35489",4590,918,3672
"35490",4650,930,3720
"35491",5955,1191,4764
"35492",4250,850,3400
"35493",5265,1053,4212
"35494",4000,800,3200
"35495",5435,1087,4348
"35496",3745,749,2996
"35497",5105,1021,4084
"35498",3555,711,2844
"35499",4225,845,3380
"35500",4315,863,3452
"35501",4595,919,3676
"35502",6780,1356,5424
"35503",4805,961,3844
"35504",4750,950,3800
"35505",5795,1159,4636
"35506",4845,969,3876
"35507",4800,960,3840
"35508",3970,794,3176
"35509",3875,775,3100
"35510",5305,1061,4244
"35511",4090,818,3272
"35512",4415,883,3532
"35513",3245,649,2596
"35514",5260,1052,4208
"35515",4230,846,3384
"35516",3895,779,3116
"35517",4455,891,3564
"35518",4125,825,3300
"35519",5105,1021,4084
"35520",6215,1243,4972
"35521",5510,1102,4408
"35522",5340,1068,4272
"35523",4580,916,3664
"35524",5540,1108,4432
"35525",5355,1071,4284
"35526",3515,703,2812
"35527",5020,1004,4016
"35528",4220,844,3376
"35529",3890,778,3112
"35530",5235,1047,4188
"35531",3995,799,3196
"35532",5750,1150,4600
"35533",4230,846,3384
"35534",7135,1427,5708
"35535",4185,837,3348
"35536",4195,839,3356
"35537",4030,806,3224
"35538",3890,778,3112
"35539",4970,994,3976
"35540",3910,782,3128
"35541",4605,921,3684
"35542",5085,1017,4068
"35543",5560,1112,4448
"35544",5980,1196,4784
"35545",6360,1272,5088
"35546",4110,822,3288
"35547",5305,1061,4244
"35548",4035,807,3228
"35549",4315,863,3452
"35550",4755,951,3804
"35551",5070,1014,4056
"35552",4270,854,3416
"35553",3645,729,2916
"35554",5465,1093,4372
"35555",4165,833,3332
"35556",7315,1463,5852
"35557",4170,834,3336
"35558",4735,947,3788
"35559",5490,1098,4392
"35560",6435,1287,5148
"35561",4500,900,3600
"35562",4760,952,3808
"35563",5645,1129,4516
"35564",4760,952,3808
"35565",4545,909,3636
"35566",5285,1057,4228
"35567",3390,678,2712
"35568",5180,1036,4144
"35569",5060,1012,4048
"35570",4415,883,3532
"35571",4360,872,3488
"35572",5395,1079,4316
"35573",4075,815,3260
"35574",5055,1011,4044
"35575",4780,956,3824
"35576",5280,1056,4224
"35577",5075,1015,4060
"35578",3610,722,2888
"35579",4755,951,3804
"35580",4325,865,3460
"35581",3280,656,2624
"35582",3840,768,3072
"35583",4475,895,3580
"35584",4110,822,3288
"35585",4695,939,3756
"35586",4885,977,3908
"35587",4380,876,3504
"35588",4550,910,3640
"35589",4260,852,3408
"35590",4590,918,3672
"35591",4280,856,3424
"35592",5015,1003,4012
"35593",4305,861,3444
"35594",5930,1186,4744
"35595",5110,1022,4088
"35596",6860,1372,5488
"35597",4740,948,3792
"35598",3545,709,2836
"35599",4960,992,3968
"35600",4530,906,3624
"35601",5590,1118,4472
"35602",4120,824,3296
"35603",4910,982,3928
"35604",5435,1087,4348
"35605",3635,727,2908
"35606",4235,847,3388
"35607",5900,1180,4720
"35608",4895,979,3916
"35609",5435,1087,4348
"35610",4155,831,3324
"35611",6460,1292,5168
"35612",4285,857,3428
"35613",4545,909,3636
"35614",5885,1177,4708
"35615",4925,985,3940
"35616",3945,789,3156
"35617",4700,940,3760
"35618",5240,1048,4192
"35619",4735,947,3788
"35620",5150,1030,4120
"35621",4870,974,3896
"35622",4780,956,3824
"35623",4510,902,3608
"35624",5110,1022,4088
"35625",6750,1350,5400
"35626",7790,1558,6232
"35627",4340,868,3472
"35628",4800,960,3840
"35629",4680,936,3744
"35630",4780,956,3824
"35631",3705,741,2964
"35632",5995,1199,4796
"35633",3390,678,2712
"35634",4170,834,3336
"35635",6855,1371,5484
"35636",4155,831,3324
"35637",4285,857,3428
"35638",4615,923,3692
"35639",5000,1000,4000
"35640",5295,1059,4236
"35641",5215,1043,4172
"35642",5335,1067,4268
"35643",3940,788,3152
"35644",5175,1035,4140
"35645",4350,870,3480
"35646",5400,1080,4320
"35647",5130,1026,4104
"35648",4555,911,3644
"35649",3615,723,2892
"35650",5505,1101,4404
"35651",4390,878,3512
"35652",6895,1379,5516
"35653",3560,712,2848
"35654",4825,965,3860
"35655",4760,952,3808
"35656",5835,1167,4668
"35657",3520,704,2816
"35658",3940,788,3152
"35659",5700,1140,4560
"35660",5290,1058,4232
"35661",5015,1003,4012
"35662",5335,1067,4268
"35663",5365,1073,4292
"35664",5400,1080,4320
"35665",3935,787,3148
"35666",3890,778,3112
"35667",6085,1217,4868
"35668",4155,831,3324
"35669",4305,861,3444
"35670",5535,1107,4428
"35671",3770,754,3016
"35672",3895,779,3116
"35673",6215,1243,4972
"35674",4095,819,3276
"35675",4210,842,3368
"35676",6325,1265,5060
"35677",3700,740,2960
"35678",4710,942,3768
"35679",3680,736,2944
"35680",3740,748,2992
"35681",4590,918,3672
"35682",5030,1006,4024
"35683",3805,761,3044
"35684",4065,813,3252
"35685",5830,1166,4664
"35686",4155,831,3324
"35687",5765,1153,4612
"35688",3920,784,3136
"35689",3890,778,3112
"35690",5670,1134,4536
"35691",3895,779,3116
"35692",7350,1470,5880
"35693",4930,986,3944
"35694",5115,1023,4092
"35695",5275,1055,4220
"35696",5290,1058,4232
"35697",4185,837,3348
"35698",4220,844,3376
"35699",4160,832,3328
"35700",3925,785,3140
"35701",4215,843,3372
"35702",4635,927,3708
"35703",3875,775,3100
"35704",4030,806,3224
"35705",4740,948,3792
"35706",5220,1044,4176
"35707",4210,842,3368
"35708",5065,1013,4052
"35709",3790,758,3032
"35710",4545,909,3636
"35711",4795,959,3836
"35712",6255,1251,5004
"35713",5305,1061,4244
"35714",4800,960,3840
"35715",3435,687,2748
"35716",4670,934,3736
"35717",3725,745,2980
"35718",5155,1031,4124
"35719",3240,648,2592
"35720",5785,1157,4628
"35721",3130,626,2504
"35722",7435,1487,5948
"35723",3335,667,2668
"35724",5015,1003,4012
"35725",3975,795,3180
"35726",5010,1002,4008
"35727",4265,853,3412
"35728",3790,758,3032
"35729",4530,906,3624
"35730",4105,821,3284
"35731",5590,1118,4472
"35732",5070,1014,4056
"35733",4420,884,3536
"35734",4695,939,3756
"35735",4155,831,3324
"35736",4460,892,3568
"35737",3600,720,2880
"35738",5055,1011,4044
"35739",5265,1053,4212
"35740",4630,926,3704
"35741",3985,797,3188
"35742",3365,673,2692
"35743",4365,873,3492
"35744",5640,1128,4512
"35745",4900,980,3920
"35746",4720,944,3776
"35747",5435,1087,4348
"35748",4380,876,3504
"35749",4035,807,3228
"35750",3580,716,2864
"35751",5950,1190,4760
"35752",3930,786,3144
"35753",4545,909,3636
"35754",3875,775,3100
"35755",5100,1020,4080
"35756",5770,1154,4616
"35757",3890,778,3112
"35758",3960,792,3168
"35759",4535,907,3628
"35760",3495,699,2796
"35761",4470,894,3576
"35762",3945,789,3156
"35763",4285,857,3428
"35764",4635,927,3708
"35765",4525,905,3620
"35766",3955,791,3164
"35767",4225,845,3380
"35768",4265,853,3412
"35769",4445,889,3556
"35770",5065,1013,4052
"35771",6430,1286,5144
"35772",3895,779,3116
"35773",4430,886,3544
"35774",4195,839,3356
"35775",4290,858,3432
"35776",4675,935,3740
"35777",3630,726,2904
"35778",5225,1045,4180
"35779",5695,1139,4556
"35780",6505,1301,5204
"35781",4405,881,3524
"35782",5990,1198,4792
"35783",3925,785,3140
"35784",4100,820,3280
"35785",4050,810,3240
"35786",3845,769,3076
"35787",4835,967,3868
"35788",4565,913,3652
"35789",4565,913,3652
"35790",4040,808,3232
"35791",5120,1024,4096
"35792",5170,1034,4136
"35793",5535,1107,4428
"35794",3590,718,2872
"35795",4295,859,3436
"35796",4480,896,3584
"35797",4960,992,3968
"35798",3715,743,2972
"35799",6150,1230,4920
"35800",3390,678,2712
"35801",4655,931,3724
"35802",3900,780,3120
"35803",5255,1051,4204
"35804",3880,776,3104
"35805",4380,876,3504
"35806",4100,820,3280
"35807",3605,721,2884
"35808",4070,814,3256
"35809",4270,854,3416
"35810",4865,973,3892
"35811",5705,1141,4564
"35812",4340,868,3472
"35813",3935,787,3148
"35814",4900,980,3920
"35815",7470,1494,5976
"35816",5290,1058,4232
"35817",5765,1153,4612
"35818",6180,1236,4944
"35819",4130,826,3304
"35820",4900,980,3920
"35821",5880,1176,4704
"35822",4035,807,3228
"35823",4250,850,3400
"35824",3635,727,2908
"35825",4675,935,3740
"35826",4920,984,3936
"35827",5180,1036,4144
"35828",4800,960,3840
"35829",5175,1035,4140
"35830",4750,950,3800
"35831",5370,1074,4296
"35832",4880,976,3904
"35833",4210,842,3368
"35834",4650,930,3720
"35835",5125,1025,4100
"35836",4280,856,3424
"35837",4605,921,3684
"35838",4735,947,3788
"35839",4110,822,3288
"35840",4205,841,3364
"35841",3415,683,2732
"35842",4250,850,3400
"35843",4590,918,3672
"35844",8545,1709,6836
"35845",4100,820,3280
"35846",4200,840,3360
"35847",7495,1499,5996
"35848",5780,1156,4624
"35849",6010,1202,4808
"35850",5595,1119,4476
"35851",4900,980,3920
"35852",5190,1038,4152
"35853",7520,1504,6016
"35854",3845,769,3076
"35855",4515,903,3612
"35856",4510,902,3608
"35857",4365,873,3492
"35858",3720,744,2976
"35859",5290,1058,4232
"35860",5765,1153,4612
"35861",6160,1232,4928
"35862",4025,805,3220
"35863",5230,1046,4184
"35864",4960,992,3968
"35865",3865,773,3092
"35866",4020,804,3216
"35867",4440,888,3552
"35868",4335,867,3468
"35869",3990,798,3192
"35870",5085,1017,4068
"35871",4255,851,3404
"35872",4775,955,3820
"35873",4960,992,3968
"35874",4620,924,3696
"35875",4430,886,3544
"35876",4205,841,3364
"35877",4490,898,3592
"35878",4115,823,3292
"35879",4885,977,3908
"35880",4090,818,3272
"35881",4320,864,3456
"35882",6435,1287,5148
"35883",4725,945,3780
"35884",6135,1227,4908
"35885",3930,786,3144
"35886",7660,1532,6128
"35887",4460,892,3568
"35888",5480,1096,4384
"35889",4275,855,3420
"35890",4090,818,3272
"35891",4285,857,3428
"35892",5675,1135,4540
"35893",4475,895,3580
"35894",5735,1147,4588
"35895",4760,952,3808
"35896",4060,812,3248
"35897",5365,1073,4292
"35898",4875,975,3900
"35899",4490,898,3592
"35900",3235,647,2588
"35901",7410,1482,5928
"35902",4290,858,3432
"35903",4685,937,3748
"35904",6180,1236,4944
"35905",3495,699,2796
"35906",4895,979,3916
"35907",4425,885,3540
"35908",5650,1130,4520
"35909",4595,919,3676
"35910",4180,836,3344
"35911",5135,1027,4108
"35912",3280,656,2624
"35913",3390,678,2712
"35914",5030,1006,4024
"35915",4940,988,3952
"35916",3920,784,3136
"35917",5365,1073,4292
"35918",5610,1122,4488
"35919",6625,1325,5300
"35920",4205,841,3364
"35921",4535,907,3628
"35922",5085,1017,4068
"35923",4490,898,3592
"35924",4725,945,3780
"35925",4920,984,3936
"35926",5320,1064,4256
"35927",4365,873,3492
"35928",4615,923,3692
"35929",4270,854,3416
"35930",6395,1279,5116
"35931",5815,1163,4652
"35932",3670,734,2936
"35933",5105,1021,4084
"35934",5225,1045,4180
"35935",3730,746,2984
"35936",4250,850,3400
"35937",3250,650,2600
"35938",4000,800,3200
"35939",4215,843,3372
"35940",4170,834,3336
"35941",5100,1020,4080
"35942",5965,1193,4772
"35943",4940,988,3952
"35944",4495,899,3596
"35945",4815,963,3852
"35946",5675,1135,4540
"35947",5190,1038,4152
"35948",5775,1155,4620
"35949",4360,872,3488
"35950",3300,660,2640
"35951",3590,718,2872
"35952",3995,799,3196
"35953",4820,964,3856
"35954",4900,980,3920
"35955",3850,770,3080
"35956",4930,986,3944
"35957",5160,1032,4128
"35958",4590,918,3672
"35959",4350,870,3480
"35960",4550,910,3640
"35961",4595,919,3676
"35962",3850,770,3080
"35963",3805,761,3044
"35964",4865,973,3892
"35965",3755,751,3004
"35966",4710,942,3768
"35967",5440,1088,4352
"35968",5195,1039,4156
"35969",5660,1132,4528
"35970",4205,841,3364
"35971",5965,1193,4772
"35972",4275,855,3420
"35973",4230,846,3384
"35974",4320,864,3456
"35975",4185,837,3348
"35976",3600,720,2880
"35977",4100,820,3280
"35978",4105,821,3284
"35979",3605,721,2884
"35980",4785,957,3828
"35981",4190,838,3352
"35982",5190,1038,4152
"35983",3790,758,3032
"35984",4530,906,3624
"35985",5575,1115,4460
"35986",4720,944,3776
"35987",5745,1149,4596
"35988",3935,787,3148
"35989",4760,952,3808
"35990",4450,890,3560
"35991",4570,914,3656
"35992",3655,731,2924
"35993",4240,848,3392
"35994",5450,1090,4360
"35995",4340,868,3472
"35996",7230,1446,5784
"35997",4360,872,3488
"35998",5140,1028,4112
"35999",4110,822,3288
"36000",3755,751,3004
"36001",5370,1074,4296
"36002",5465,1093,4372
"36003",4250,850,3400
"36004",4950,990,3960
"36005",5320,1064,4256
"36006",5720,1144,4576
"36007",4645,929,3716
"36008",4085,817,3268
"36009",4230,846,3384
"36010",5885,1177,4708
"36011",6340,1268,5072
"36012",3390,678,2712
"36013",4935,987,3948
"36014",3810,762,3048
"36015",5925,1185,4740
"36016",5290,1058,4232
"36017",4540,908,3632
"36018",4230,846,3384
"36019",4635,927,3708
"36020",4195,839,3356
"36021",4785,957,3828
"36022",4165,833,3332
"36023",3745,749,2996
"36024",4675,935,3740
"36025",4140,828,3312
"36026",4580,916,3664
"36027",4925,985,3940
"36028",4030,806,3224
"36029",3705,741,2964
"36030",3925,785,3140
"36031",6845,1369,5476
"36032",4305,861,3444
"36033",6635,1327,5308
"36034",3320,664,2656
"36035",5940,1188,4752
"36036",4965,993,3972
"36037",4570,914,3656
"36038",5025,1005,4020
"36039",5030,1006,4024
"36040",4620,924,3696
"36041",3600,720,2880
"36042",3885,777,3108
"36043",5090,1018,4072
"36044",3990,798,3192
"36045",3715,743,2972
"36046",4185,837,3348
"36047",4845,969,3876
"36048",3950,790,3160
"36049",4735,947,3788
"36050",4610,922,3688
"36051",5030,1006,4024
"36052",4575,915,3660
"36053",4610,922,3688
"36054",4060,812,3248
"36055",4355,871,3484
"36056",4110,822,3288
"36057",7270,1454,5816
"36058",4895,979,3916
"36059",4845,969,3876
"36060",5345,1069,4276
"36061",4365,873,3492
"36062",4720,944,3776
"36063",4500,900,3600
"36064",3730,746,2984
"36065",4450,890,3560
"36066",4085,817,3268
"36067",5230,1046,4184
"36068",3885,777,3108
"36069",4295,859,3436
"36070",5210,1042,4168
"36071",3720,744,2976
"36072",3960,792,3168
"36073",4130,826,3304
"36074",4475,895,3580
"36075",4910,982,3928
"36076",6825,1365,5460
"36077",4335,867,3468
"36078",4850,970,3880
"36079",4295,859,3436
"36080",3605,721,2884
"36081",5740,1148,4592
"36082",4855,971,3884
"36083",3635,727,2908
"36084",5430,1086,4344
"36085",5850,1170,4680
"36086",3940,788,3152
"36087",4180,836,3344
"36088",5245,1049,4196
"36089",5490,1098,4392
"36090",3755,751,3004
"36091",4665,933,3732
"36092",5775,1155,4620
"36093",5315,1063,4252
"36094",5460,1092,4368
"36095",3775,755,3020
"36096",5110,1022,4088
"36097",3940,788,3152
"36098",3720,744,2976
"36099",5570,1114,4456
"36100",4130,826,3304
"36101",6635,1327,5308
"36102",4735,947,3788
"36103",4535,907,3628
"36104",4560,912,3648
"36105",4940,988,3952
"36106",3955,791,3164
"36107",5350,1070,4280
"36108",4985,997,3988
"36109",3410,682,2728
"36110",3845,769,3076
"36111",4405,881,3524
"36112",4490,898,3592
"36113",4520,904,3616
"36114",5810,1162,4648
"36115",4525,905,3620
"36116",5050,1010,4040
"36117",4335,867,3468
"36118",5340,1068,4272
"36119",4820,964,3856
"36120",4840,968,3872
"36121",4535,907,3628
"36122",4740,948,3792
"36123",4695,939,3756
"36124",5670,1134,4536
"36125",4245,849,3396
"36126",4200,840,3360
"36127",4690,938,3752
"36128",3370,674,2696
"36129",4485,897,3588
"36130",4105,821,3284
"36131",6830,1366,5464
"36132",4440,888,3552
"36133",5075,1015,4060
"36134",4210,842,3368
"36135",4005,801,3204
"36136",3925,785,3140
"36137",5310,1062,4248
"36138",4900,980,3920
"36139",3980,796,3184
"36140",3935,787,3148
"36141",3985,797,3188
"36142",5105,1021,4084
"36143",4775,955,3820
"36144",5710,1142,4568
"36145",4480,896,3584
"36146",3865,773,3092
"36147",5150,1030,4120
"36148",4605,921,3684
"36149",4420,884,3536
"36150",4835,967,3868
"36151",3775,755,3020
"36152",4865,973,3892
"36153",6180,1236,4944
"36154",4425,885,3540
"36155",4520,904,3616
"36156",4525,905,3620
"36157",3980,796,3184
"36158",4245,849,3396
"36159",3975,795,3180
"36160",4790,958,3832
"36161",4005,801,3204
"36162",5020,1004,4016
"36163",4110,822,3288
"36164",6140,1228,4912
"36165",4365,873,3492
"36166",5005,1001,4004
"36167",6505,1301,5204
"36168",3630,726,2904
"36169",4885,977,3908
"36170",5190,1038,4152
"36171",4385,877,3508
"36172",3870,774,3096
"36173",4060,812,3248
"36174",4210,842,3368
"36175",5320,1064,4256
"36176",4125,825,3300
"36177",3135,627,2508
"36178",4195,839,3356
"36179",4840,968,3872
"36180",5055,1011,4044
"36181",6485,1297,5188
"36182",4870,974,3896
"36183",4530,906,3624
"36184",4635,927,3708
"36185",5735,1147,4588
"36186",3675,735,2940
"36187",4850,970,3880
"36188",3815,763,3052
"36189",4035,807,3228
"36190",4830,966,3864
"36191",4120,824,3296
"36192",4315,863,3452
"36193",4395,879,3516
"36194",6800,1360,5440
"36195",3190,638,2552
"36196",7070,1414,5656
"36197",5210,1042,4168
"36198",3935,787,3148
"36199",5020,1004,4016
"36200",5555,1111,4444
"36201",4495,899,3596
"36202",4920,984,3936
"36203",5920,1184,4736
"36204",3860,772,3088
"36205",5080,1016,4064
"36206",4490,898,3592
"36207",5055,1011,4044
"36208",4045,809,3236
"36209",4690,938,3752
"36210",5060,1012,4048
"36211",3965,793,3172
"36212",4910,982,3928
"36213",3675,735,2940
"36214",5170,1034,4136
"36215",4165,833,3332
"36216",4870,974,3896
"36217",6010,1202,4808
"36218",4085,817,3268
"36219",4690,938,3752
"36220",6120,1224,4896
"36221",4665,933,3732
"36222",4955,991,3964
"36223",4535,907,3628
"36224",6135,1227,4908
"36225",6835,1367,5468
"36226",5695,1139,4556
"36227",4480,896,3584
"36228",3565,713,2852
"36229",6120,1224,4896
"36230",6480,1296,5184
"36231",4115,823,3292
"36232",5255,1051,4204
"36233",4640,928,3712
"36234",3880,776,3104
"36235",3805,761,3044
"36236",3485,697,2788
"36237",4405,881,3524
"36238",4950,990,3960
"36239",5435,1087,4348
"36240",4285,857,3428
"36241",5610,1122,4488
"36242",4805,961,3844
"36243",7135,1427,5708
"36244",4080,816,3264
"36245",6625,1325,5300
"36246",3970,794,3176
"36247",6300,1260,5040
"36248",4735,947,3788
"36249",3950,790,3160
"36250",6380,1276,5104
"36251",4390,878,3512
"36252",4125,825,3300
"36253",5830,1166,4664
"36254",5470,1094,4376
"36255",4335,867,3468
"36256",3265,653,2612
"36257",4025,805,3220
"36258",3965,793,3172
"36259",4215,843,3372
"36260",5895,1179,4716
"36261",3520,704,2816
"36262",5405,1081,4324
"36263",3285,657,2628
"36264",4830,966,3864
"36265",6170,1234,4936
"36266",5230,1046,4184
"36267",4845,969,3876
"36268",4025,805,3220
"36269",3915,783,3132
"36270",3905,781,3124
"36271",3810,762,3048
"36272",6165,1233,4932
"36273",5695,1139,4556
"36274",4615,923,3692
"36275",4115,823,3292
"36276",5950,1190,4760
"36277",5320,1064,4256
"36278",3925,785,3140
"36279",5235,1047,4188
"36280",4890,978,3912
"36281",5480,1096,4384
"36282",3440,688,2752
"36283",5925,1185,4740
"36284",5340,1068,4272
"36285",4080,816,3264
"36286",4395,879,3516
"36287",5115,1023,4092
"36288",4805,961,3844
"36289",5680,1136,4544
"36290",3465,693,2772
"36291",4590,918,3672
"36292",3735,747,2988
"36293",4675,935,3740
"36294",3990,798,3192
"36295",3635,727,2908
"36296",3420,684,2736
"36297",4080,816,3264
"36298",4225,845,3380
"36299",5395,1079,4316
"36300",4990,998,3992
"36301",4360,872,3488
"36302",5230,1046,4184
"36303",5005,1001,4004
"36304",4315,863,3452
"36305",5005,1001,4004
"36306",5430,1086,4344
"36307",4835,967,3868
"36308",4810,962,3848
"36309",4220,844,3376
"36310",4345,869,3476
"36311",3955,791,3164
"36312",5045,1009,4036
"36313",4660,932,3728
"36314",4685,937,3748
"36315",4815,963,3852
"36316",5195,1039,4156
"36317",4865,973,3892
"36318",5855,1171,4684
"36319",6625,1325,5300
"36320",4410,882,3528
"36321",5710,1142,4568
"36322",4520,904,3616
"36323",4595,919,3676
"36324",7040,1408,5632
"36325",3605,721,2884
"36326",3985,797,3188
"36327",4765,953,3812
"36328",7965,1593,6372
"36329",4180,836,3344
"36330",4115,823,3292
"36331",3575,715,2860
"36332",4945,989,3956
"36333",3585,717,2868
"36334",5070,1014,4056
"36335",3935,787,3148
"36336",4095,819,3276
"36337",3990,798,3192
"36338",5850,1170,4680
"36339",5260,1052,4208
"36340",5355,1071,4284
"36341",5510,1102,4408
"36342",5620,1124,4496
"36343",4885,977,3908
"36344",6690,1338,5352
"36345",4575,915,3660
"36346",4705,941,3764
"36347",4755,951,3804
"36348",4315,863,3452
"36349",3955,791,3164
"36350",5680,1136,4544
"36351",4425,885,3540
"36352",4935,987,3948
"36353",3935,787,3148
"36354",4720,944,3776
"36355",7055,1411,5644
"36356",4850,970,3880
"36357",5020,1004,4016
"36358",4135,827,3308
"36359",4015,803,3212
"36360",4665,933,3732
"36361",4640,928,3712
"36362",4870,974,3896
"36363",4505,901,3604
"36364",4300,860,3440
"36365",5445,1089,4356
"36366",3690,738,2952
"36367",4365,873,3492
"36368",6315,1263,5052
"36369",3940,788,3152
"36370",4570,914,3656
"36371",3420,684,2736
"36372",4925,985,3940
"36373",6470,1294,5176
"36374",3620,724,2896
"36375",4885,977,3908
"36376",5095,1019,4076
"36377",6295,1259,5036
"36378",5425,1085,4340
"36379",3995,799,3196
"36380",4380,876,3504
"36381",4250,850,3400
"36382",4210,842,3368
"36383",5195,1039,4156
"36384",5245,1049,4196
"36385",5355,1071,4284
"36386",4870,974,3896
"36387",5300,1060,4240
"36388",5355,1071,4284
"36389",5595,1119,4476
"36390",5985,1197,4788
"36391",4330,866,3464
"36392",4835,967,3868
"36393",4115,823,3292
"36394",4835,967,3868
"36395",5120,1024,4096
"36396",5610,1122,4488
"36397",5115,1023,4092
"36398",5760,1152,4608
"36399",4825,965,3860
"36400",4105,821,3284
"36401",4325,865,3460
"36402",4350,870,3480
"36403",6065,1213,4852
"36404",4185,837,3348
"36405",4380,876,3504
"36406",4225,845,3380
"36407",3730,746,2984
"36408",4395,879,3516
"36409",4905,981,3924
"36410",7200,1440,5760
"36411",3880,776,3104
"36412",4360,872,3488
"36413",3945,789,3156
"36414",5895,1179,4716
"36415",4360,872,3488
"36416",5915,1183,4732
"36417",4200,840,3360
"36418",4075,815,3260
"36419",5075,1015,4060
"36420",3630,726,2904
"36421",3645,729,2916
"36422",3695,739,2956
"36423",6495,1299,5196
"36424",3870,774,3096
"36425",3890,778,3112
"36426",5315,1063,4252
"36427",5400,1080,4320
"36428",5705,1141,4564
"36429",4565,913,3652
"36430",3910,782,3128
"36431",4160,832,3328
"36432",3470,694,2776
"36433",4895,979,3916
"36434",5590,1118,4472
"36435",4335,867,3468
"36436",4615,923,3692
"36437",4760,952,3808
"36438",3380,676,2704
"36439",6505,1301,5204
"36440",4295,859,3436
"36441",6460,1292,5168
"36442",4145,829,3316
"36443",4700,940,3760
"36444",4535,907,3628
"36445",4040,808,3232
"36446",5900,1180,4720
"36447",5765,1153,4612
"36448",5575,1115,4460
"36449",4605,921,3684
"36450",4810,962,3848
"36451",5805,1161,4644
"36452",3935,787,3148
"36453",3780,756,3024
"36454",4505,901,3604
"36455",4395,879,3516
"36456",5340,1068,4272
"36457",4655,931,3724
"36458",4415,883,3532
"36459",4365,873,3492
"36460",4085,817,3268
"36461",4250,850,3400
"36462",4000,800,3200
"36463",5115,1023,4092
"36464",5340,1068,4272
"36465",4110,822,3288
"36466",4590,918,3672
"36467",5075,1015,4060
"36468",3935,787,3148
"36469",5085,1017,4068
"36470",4195,839,3356
"36471",4015,803,3212
"36472",3990,798,3192
"36473",5320,1064,4256
"36474",5010,1002,4008
"36475",4865,973,3892
"36476",4955,991,3964
"36477",5340,1068,4272
"36478",8360,1672,6688
"36479",4770,954,3816
"36480",4005,801,3204
"36481",4415,883,3532
"36482",3740,748,2992
"36483",5380,1076,4304
"36484",4585,917,3668
"36485",4310,862,3448
"36486",4875,975,3900
"36487",3710,742,2968
"36488",4485,897,3588
"36489",4205,841,3364
"36490",5740,1148,4592
"36491",4445,889,3556
"36492",6500,1300,5200
"36493",5650,1130,4520
"36494",3665,733,2932
"36495",3785,757,3028
"36496",4250,850,3400
"36497",3975,795,3180
"36498",6175,1235,4940
"36499",5495,1099,4396
"36500",5620,1124,4496
"36501",3930,786,3144
"36502",4995,999,3996
"36503",5605,1121,4484
"36504",6365,1273,5092
"36505",4605,921,3684
"36506",6380,1276,5104
"36507",5410,1082,4328
"36508",3640,728,2912
"36509",4600,920,3680
"36510",5555,1111,4444
"36511",5420,1084,4336
"36512",5180,1036,4144
"36513",4495,899,3596
"36514",4965,993,3972
"36515",4055,811,3244
"36516",4740,948,3792
"36517",3650,730,2920
"36518",4875,975,3900
"36519",4980,996,3984
"36520",6140,1228,4912
"36521",4030,806,3224
"36522",3990,798,3192
"36523",4045,809,3236
"36524",4500,900,3600
"36525",4095,819,3276
"36526",3615,723,2892
"36527",6915,1383,5532
"36528",5040,1008,4032
"36529",3610,722,2888
"36530",4860,972,3888
"36531",4775,955,3820
"36532",5665,1133,4532
"36533",4415,883,3532
"36534",4235,847,3388
"36535",4070,814,3256
"36536",3945,789,3156
"36537",4535,907,3628
"36538",5585,1117,4468
"36539",4515,903,3612
"36540",3745,749,2996
"36541",4580,916,3664
"36542",5015,1003,4012
"36543",4350,870,3480
"36544",3810,762,3048
"36545",7235,1447,5788
"36546",5050,1010,4040
"36547",3680,736,2944
"36548",5040,1008,4032
"36549",4190,838,3352
"36550",3640,728,2912
"36551",3990,798,3192
"36552",4330,866,3464
"36553",6010,1202,4808
"36554",3960,792,3168
"36555",4170,834,3336
"36556",4440,888,3552
"36557",4470,894,3576
"36558",4160,832,3328
"36559",4245,849,3396
"36560",5110,1022,4088
"36561",4725,945,3780
"36562",4290,858,3432
"36563",3440,688,2752
"36564",5700,1140,4560
"36565",3780,756,3024
"36566",5820,1164,4656
"36567",4275,855,3420
"36568",4050,810,3240
"36569",4125,825,3300
"36570",4230,846,3384
"36571",4200,840,3360
"36572",6410,1282,5128
"36573",5005,1001,4004
"36574",5460,1092,4368
"36575",4320,864,3456
"36576",4085,817,3268
"36577",4775,955,3820
"36578",5315,1063,4252
"36579",5505,1101,4404
"36580",3730,746,2984
"36581",5805,1161,4644
"36582",4960,992,3968
"36583",4370,874,3496
"36584",6510,1302,5208
"36585",7240,1448,5792
"36586",3720,744,2976
"36587",6735,1347,5388
"36588",5415,1083,4332
"36589",4110,822,3288
"36590",5620,1124,4496
"36591",4385,877,3508
"36592",5930,1186,4744
"36593",5555,1111,4444
"36594",4750,950,3800
"36595",4615,923,3692
"36596",5150,1030,4120
"36597",5415,1083,4332
"36598",5325,1065,4260
"36599",4925,985,3940
"36600",3455,691,2764
"36601",4605,921,3684
"36602",3790,758,3032
"36603",4205,841,3364
"36604",5075,1015,4060
"36605",5845,1169,4676
"36606",3765,753,3012
"36607",4350,870,3480
"36608",3590,718,2872
"36609",3740,748,2992
"36610",6750,1350,5400
"36611",5675,1135,4540
"36612",5560,1112,4448
"36613",3935,787,3148
"36614",3770,754,3016
"36615",5160,1032,4128
"36616",4250,850,3400
"36617",5715,1143,4572
"36618",4090,818,3272
"36619",5060,1012,4048
"36620",5975,1195,4780
"36621",5770,1154,4616
"36622",4515,903,3612
"36623",4145,829,3316
"36624",6940,1388,5552
"36625",4465,893,3572
"36626",4400,880,3520
"36627",5260,1052,4208
"36628",5885,1177,4708
"36629",5040,1008,4032
"36630",6745,1349,5396
"36631",4785,957,3828
"36632",4450,890,3560
"36633",4370,874,3496
"36634",4955,991,3964
"36635",4185,837,3348
"36636",3835,767,3068
"36637",5425,1085,4340
"36638",3785,757,3028
"36639",3655,731,2924
"36640",4030,806,3224
"36641",4240,848,3392
"36642",4375,875,3500
"36643",4880,976,3904
"36644",4360,872,3488
"36645",3365,673,2692
"36646",5285,1057,4228
"36647",4610,922,3688
"36648",4910,982,3928
"36649",3730,746,2984
"36650",3835,767,3068
"36651",5955,1191,4764
"36652",5425,1085,4340
"36653",5225,1045,4180
"36654",3915,783,3132
"36655",4135,827,3308
"36656",4055,811,3244
"36657",4870,974,3896
"36658",6105,1221,4884
"36659",6290,1258,5032
"36660",5835,1167,4668
"36661",3815,763,3052
"36662",5530,1106,4424
"36663",4345,869,3476
"36664",4875,975,3900
"36665",5065,1013,4052
"36666",4145,829,3316
"36667",4385,877,3508
"36668",3975,795,3180
"36669",4295,859,3436
"36670",4355,871,3484
"36671",7495,1499,5996
"36672",4190,838,3352
"36673",5110,1022,4088
"36674",5150,1030,4120
"36675",3470,694,2776
"36676",3995,799,3196
"36677",5720,1144,4576
"36678",4580,916,3664
"36679",4435,887,3548
"36680",5090,1018,4072
"36681",3415,683,2732
"36682",4150,830,3320
"36683",3925,785,3140
"36684",4245,849,3396
"36685",4235,847,3388
"36686",5245,1049,4196
"36687",4105,821,3284
"36688",6035,1207,4828
"36689",4020,804,3216
"36690",6170,1234,4936
"36691",3680,736,2944
"36692",3635,727,2908
"36693",4030,806,3224
"36694",5890,1178,4712
"36695",4675,935,3740
"36696",4125,825,3300
"36697",6220,1244,4976
"36698",8090,1618,6472
"36699",4630,926,3704
"36700",4225,845,3380
"36701",6665,1333,5332
"36702",6215,1243,4972
"36703",5240,1048,4192
"36704",4985,997,3988
"36705",6440,1288,5152
"36706",4825,965,3860
"36707",4130,826,3304
"36708",4210,842,3368
"36709",4430,886,3544
"36710",4640,928,3712
"36711",6955,1391,5564
"36712",4705,941,3764
"36713",5900,1180,4720
"36714",5280,1056,4224
"36715",4680,936,3744
"36716",5025,1005,4020
"36717",7770,1554,6216
"36718",6565,1313,5252
"36719",4830,966,3864
"36720",5960,1192,4768
"36721",5540,1108,4432
"36722",4220,844,3376
"36723",4460,892,3568
"36724",5660,1132,4528
"36725",4530,906,3624
"36726",4220,844,3376
"36727",4185,837,3348
"36728",3780,756,3024
"36729",4440,888,3552
"36730",4475,895,3580
"36731",4215,843,3372
"36732",5360,1072,4288
"36733",5295,1059,4236
"36734",4075,815,3260
"36735",5420,1084,4336
"36736",5290,1058,4232
"36737",5245,1049,4196
"36738",4785,957,3828
"36739",3660,732,2928
"36740",3910,782,3128
"36741",4305,861,3444
"36742",5610,1122,4488
"36743",4405,881,3524
"36744",4600,920,3680
"36745",6000,1200,4800
"36746",3920,784,3136
"36747",5910,1182,4728
"36748",3905,781,3124
"36749",4770,954,3816
"36750",4195,839,3356
"36751",4830,966,3864
"36752",3435,687,2748
"36753",5285,1057,4228
"36754",5040,1008,4032
"36755",6155,1231,4924
"36756",5310,1062,4248
"36757",6220,1244,4976
"36758",4430,886,3544
"36759",4720,944,3776
"36760",3475,695,2780
"36761",3745,749,2996
"36762",3960,792,3168
"36763",3865,773,3092
"36764",6045,1209,4836
"36765",4945,989,3956
"36766",3595,719,2876
"36767",4310,862,3448
"36768",4910,982,3928
"36769",4865,973,3892
"36770",3710,742,2968
"36771",5485,1097,4388
"36772",5575,1115,4460
"36773",3805,761,3044
"36774",5905,1181,4724
"36775",3565,713,2852
"36776",4985,997,3988
"36777",4690,938,3752
"36778",4125,825,3300
"36779",5175,1035,4140
"36780",4915,983,3932
"36781",4810,962,3848
"36782",4835,967,3868
"36783",7750,1550,6200
"36784",3750,750,3000
"36785",5170,1034,4136
"36786",3890,778,3112
"36787",4600,920,3680
"36788",4800,960,3840
"36789",5065,1013,4052
"36790",4465,893,3572
"36791",5220,1044,4176
"36792",5660,1132,4528
"36793",5385,1077,4308
"36794",4500,900,3600
"36795",5705,1141,4564
"36796",3875,775,3100
"36797",5525,1105,4420
"36798",4440,888,3552
"36799",3465,693,2772
"36800",5330,1066,4264
"36801",5710,1142,4568
"36802",5045,1009,4036
"36803",4630,926,3704
"36804",4695,939,3756
"36805",4025,805,3220
"36806",4795,959,3836
"36807",3815,763,3052
"36808",5485,1097,4388
"36809",3785,757,3028
"36810",4585,917,3668
"36811",4155,831,3324
"36812",5595,1119,4476
"36813",3795,759,3036
"36814",4605,921,3684
"36815",5420,1084,4336
"36816",4255,851,3404
"36817",4695,939,3756
"36818",3915,783,3132
"36819",5510,1102,4408
"36820",3820,764,3056
"36821",5805,1161,4644
"36822",4350,870,3480
"36823",3915,783,3132
"36824",3950,790,3160
"36825",4350,870,3480
"36826",5125,1025,4100
"36827",4270,854,3416
"36828",3700,740,2960
"36829",5010,1002,4008
"36830",3615,723,2892
"36831",4070,814,3256
"36832",5910,1182,4728
"36833",4725,945,3780
"36834",3720,744,2976
"36835",4075,815,3260
"36836",5220,1044,4176
"36837",4690,938,3752
"36838",4625,925,3700
"36839",6020,1204,4816
"36840",5315,1063,4252
"36841",5015,1003,4012
"36842",5115,1023,4092
"36843",5020,1004,4016
"36844",4000,800,3200
"36845",5085,1017,4068
"36846",4515,903,3612
"36847",4050,810,3240
"36848",4365,873,3492
"36849",4000,800,3200
"36850",4680,936,3744
"36851",7125,1425,5700
"36852",3780,756,3024
"36853",5380,1076,4304
"36854",5260,1052,4208
"36855",4245,849,3396
"36856",4465,893,3572
"36857",5585,1117,4468
"36858",4845,969,3876
"36859",5810,1162,4648
"36860",5105,1021,4084
"36861",4670,934,3736
"36862",4985,997,3988
"36863",4500,900,3600
"36864",5355,1071,4284
"36865",3940,788,3152
"36866",4275,855,3420
"36867",5095,1019,4076
"36868",4795,959,3836
"36869",4480,896,3584
"36870",5975,1195,4780
"36871",5205,1041,4164
"36872",5440,1088,4352
"36873",5010,1002,4008
"36874",3985,797,3188
"36875",5680,1136,4544
"36876",3850,770,3080
"36877",4465,893,3572
"36878",4995,999,3996
"36879",5735,1147,4588
"36880",3915,783,3132
"36881",4580,916,3664
"36882",6275,1255,5020
"36883",5115,1023,4092
"36884",3885,777,3108
"36885",4925,985,3940
"36886",5385,1077,4308
"36887",4210,842,3368
"36888",3615,723,2892
"36889",4035,807,3228
"36890",3865,773,3092
"36891",5090,1018,4072
"36892",6730,1346,5384
"36893",4105,821,3284
"36894",5905,1181,4724
"36895",4140,828,3312
"36896",4975,995,3980
"36897",4420,884,3536
"36898",4295,859,3436
"36899",5545,1109,4436
"36900",5485,1097,4388
"36901",4315,863,3452
"36902",4710,942,3768
"36903",5695,1139,4556
"36904",4365,873,3492
"36905",4720,944,3776
"36906",7355,1471,5884
"36907",4535,907,3628
"36908",7315,1463,5852
"36909",5400,1080,4320
"36910",3885,777,3108
"36911",6740,1348,5392
"36912",4585,917,3668
"36913",4845,969,3876
"36914",5045,1009,4036
"36915",5000,1000,4000
"36916",4910,982,3928
"36917",4925,985,3940
"36918",4755,951,3804
"36919",4935,987,3948
"36920",4440,888,3552
"36921",4390,878,3512
"36922",4570,914,3656
"36923",3570,714,2856
"36924",5060,1012,4048
"36925",4145,829,3316
"36926",4970,994,3976
"36927",3920,784,3136
"36928",5570,1114,4456
"36929",3620,724,2896
"36930",3930,786,3144
"36931",5785,1157,4628
"36932",3620,724,2896
"36933",4285,857,3428
"36934",3705,741,2964
"36935",3845,769,3076
"36936",6540,1308,5232
"36937",4825,965,3860
"36938",3795,759,3036
"36939",3930,786,3144
"36940",4525,905,3620
"36941",5045,1009,4036
"36942",4165,833,3332
"36943",4935,987,3948
"36944",5325,1065,4260
"36945",6640,1328,5312
"36946",3770,754,3016
"36947",6170,1234,4936
"36948",4080,816,3264
"36949",4410,882,3528
"36950",6540,1308,5232
"36951",5795,1159,4636
"36952",4695,939,3756
"36953",4280,856,3424
"36954",3845,769,3076
"36955",5325,1065,4260
"36956",4970,994,3976
"36957",4455,891,3564
"36958",3830,766,3064
"36959",5185,1037,4148
"36960",3970,794,3176
"36961",5235,1047,4188
"36962",4085,817,3268
"36963",3685,737,2948
"36964",4630,926,3704
"36965",5270,1054,4216
"36966",5390,1078,4312
"36967",4530,906,3624
"36968",4470,894,3576
"36969",5035,1007,4028
"36970",6055,1211,4844
"36971",5150,1030,4120
"36972",5280,1056,4224
"36973",5055,1011,4044
"36974",4160,832,3328
"36975",4890,978,3912
"36976",4150,830,3320
"36977",4715,943,3772
"36978",4360,872,3488
"36979",4675,935,3740
"36980",4100,820,3280
"36981",4125,825,3300
"36982",3420,684,2736
"36983",4710,942,3768
"36984",5920,1184,4736
"36985",4620,924,3696
"36986",4860,972,3888
"36987",3880,776,3104
"36988",3810,762,3048
"36989",3925,785,3140
"36990",4025,805,3220
"36991",4650,930,3720
"36992",3945,789,3156
"36993",6480,1296,5184
"36994",3550,710,2840
"36995",4625,925,3700
"36996",5260,1052,4208
"36997",4485,897,3588
"36998",4305,861,3444
"36999",4100,820,3280
"37000",4780,956,3824
"37001",5395,1079,4316
"37002",5665,1133,4532
"37003",4825,965,3860
"37004",5155,1031,4124
"37005",5325,1065,4260
"37006",4595,919,3676
"37007",3500,700,2800
"37008",4635,927,3708
"37009",6875,1375,5500
"37010",5135,1027,4108
"37011",5035,1007,4028
"37012",5725,1145,4580
"37013",5510,1102,4408
"37014",6985,1397,5588
"37015",3725,745,2980
"37016",4500,900,3600
"37017",3875,775,3100
"37018",5680,1136,4544
"37019",4685,937,3748
"37020",4445,889,3556
"37021",6140,1228,4912
"37022",6920,1384,5536
"37023",6970,1394,5576
"37024",4335,867,3468
"37025",4185,837,3348
"37026",5310,1062,4248
"37027",5110,1022,4088
"37028",5160,1032,4128
"37029",5195,1039,4156
"37030",4810,962,3848
"37031",3910,782,3128
"37032",4190,838,3352
"37033",6215,1243,4972
"37034",5065,1013,4052
"37035",4465,893,3572
"37036",4810,962,3848
"37037",3575,715,2860
"37038",4055,811,3244
"37039",4370,874,3496
"37040",3465,693,2772
"37041",4340,868,3472
"37042",5350,1070,4280
"37043",5190,1038,4152
"37044",4280,856,3424
"37045",4740,948,3792
"37046",5925,1185,4740
"37047",6080,1216,4864
"37048",3990,798,3192
"37049",4660,932,3728
"37050",4600,920,3680
"37051",4480,896,3584
"37052",4575,915,3660
"37053",5100,1020,4080
"37054",6005,1201,4804
"37055",4830,966,3864
"37056",4570,914,3656
"37057",5335,1067,4268
"37058",5110,1022,4088
"37059",8035,1607,6428
"37060",3880,776,3104
"37061",5080,1016,4064
"37062",7460,1492,5968
"37063",5455,1091,4364
"37064",3800,760,3040
"37065",4655,931,3724
"37066",5820,1164,4656
"37067",4040,808,3232
"37068",4360,872,3488
"37069",4665,933,3732
"37070",4555,911,3644
"37071",5355,1071,4284
"37072",5315,1063,4252
"37073",4030,806,3224
"37074",4540,908,3632
"37075",5065,1013,4052
"37076",3725,745,2980
"37077",4450,890,3560
"37078",4025,805,3220
"37079",4190,838,3352
"37080",3765,753,3012
"37081",5400,1080,4320
"37082",4820,964,3856
"37083",6075,1215,4860
"37084",4710,942,3768
"37085",5450,1090,4360
"37086",4460,892,3568
"37087",4430,886,3544
"37088",4685,937,3748
"37089",4290,858,3432
"37090",4500,900,3600
"37091",3995,799,3196
"37092",5855,1171,4684
"37093",3855,771,3084
"37094",4230,846,3384
"37095",5085,1017,4068
"37096",4380,876,3504
"37097",6240,1248,4992
"37098",5560,1112,4448
"37099",3440,688,2752
"37100",4440,888,3552
"37101",4185,837,3348
"37102",4550,910,3640
"37103",3355,671,2684
"37104",5550,1110,4440
"37105",3830,766,3064
"37106",3575,715,2860
"37107",5930,1186,4744
"37108",4800,960,3840
"37109",3445,689,2756
"37110",4785,957,3828
"37111",5575,1115,4460
"37112",3905,781,3124
"37113",4480,896,3584
"37114",5445,1089,4356
"37115",3410,682,2728
"37116",6185,1237,4948
"37117",4345,869,3476
"37118",4010,802,3208
"37119",4215,843,3372
"37120",3735,747,2988
"37121",3765,753,3012
"37122",4160,832,3328
"37123",4250,850,3400
"37124",4810,962,3848
"37125",4760,952,3808
"37126",7090,1418,5672
"37127",4570,914,3656
"37128",3710,742,2968
"37129",6400,1280,5120
"37130",7320,1464,5856
"37131",5600,1120,4480
"37132",4510,902,3608
"37133",5665,1133,4532
"37134",4665,933,3732
"37135",7445,1489,5956
"37136",4540,908,3632
"37137",4555,911,3644
"37138",4335,867,3468
"37139",4405,881,3524
"37140",4785,957,3828
"37141",7020,1404,5616
"37142",4155,831,3324
"37143",3715,743,2972
"37144",3450,690,2760
"37145",3715,743,2972
"37146",6285,1257,5028
"37147",4515,903,3612
"37148",5740,1148,4592
"37149",6250,1250,5000
"37150",3865,773,3092
"37151",4390,878,3512
"37152",6395,1279,5116
"37153",4240,848,3392
"37154",4885,977,3908
"37155",3495,699,2796
"37156",5030,1006,4024
"37157",5805,1161,4644
"37158",6750,1350,5400
"37159",4645,929,3716
"37160",3870,774,3096
"37161",3670,734,2936
"37162",3690,738,2952
"37163",5195,1039,4156
"37164",4495,899,3596
"37165",4740,948,3792
"37166",3665,733,2932
"37167",4750,950,3800
"37168",4530,906,3624
"37169",4780,956,3824
"37170",4120,824,3296
"37171",3760,752,3008
"37172",4310,862,3448
"37173",3835,767,3068
"37174",5085,1017,4068
"37175",6885,1377,5508
"37176",4170,834,3336
"37177",5390,1078,4312
"37178",4930,986,3944
"37179",4435,887,3548
"37180",4250,850,3400
"37181",4875,975,3900
"37182",6265,1253,5012
"37183",4015,803,3212
"37184",5415,1083,4332
"37185",4690,938,3752
"37186",4935,987,3948
"37187",7200,1440,5760
"37188",7610,1522,6088
"37189",4435,887,3548
"37190",4475,895,3580
"37191",4670,934,3736
"37192",5160,1032,4128
"37193",5520,1104,4416
"37194",4100,820,3280
"37195",5060,1012,4048
"37196",5380,1076,4304
"37197",5560,1112,4448
"37198",4710,942,3768
"37199",4660,932,3728
"37200",5470,1094,4376
"37201",4540,908,3632
"37202",4745,949,3796
"37203",4665,933,3732
"37204",4000,800,3200
"37205",4280,856,3424
"37206",5340,1068,4272
"37207",4220,844,3376
"37208",4220,844,3376
"37209",4405,881,3524
"37210",5565,1113,4452
"37211",5145,1029,4116
"37212",5570,1114,4456
"37213",5690,1138,4552
"37214",4470,894,3576
"37215",3710,742,2968
"37216",4320,864,3456
"37217",3755,751,3004
"37218",4695,939,3756
"37219",4540,908,3632
"37220",4235,847,3388
"37221",4585,917,3668
"37222",4510,902,3608
"37223",4695,939,3756
"37224",4400,880,3520
"37225",4485,897,3588
"37226",3670,734,2936
"37227",4010,802,3208
"37228",4525,905,3620
"37229",5065,1013,4052
"37230",4600,920,3680
"37231",5660,1132,4528
"37232",5125,1025,4100
"37233",3315,663,2652
"37234",7190,1438,5752
"37235",3925,785,3140
"37236",4525,905,3620
"37237",4245,849,3396
"37238",3905,781,3124
"37239",5900,1180,4720
"37240",5400,1080,4320
"37241",4570,914,3656
"37242",4295,859,3436
"37243",4475,895,3580
"37244",6015,1203,4812
"37245",3525,705,2820
"37246",4530,906,3624
"37247",4375,875,3500
"37248",4245,849,3396
"37249",5025,1005,4020
"37250",4145,829,3316
"37251",4785,957,3828
"37252",5015,1003,4012
"37253",4490,898,3592
"37254",5130,1026,4104
"37255",3965,793,3172
"37256",5625,1125,4500
"37257",4775,955,3820
"37258",5325,1065,4260
"37259",3695,739,2956
"37260",5815,1163,4652
"37261",5570,1114,4456
"37262",4920,984,3936
"37263",5685,1137,4548
"37264",4645,929,3716
"37265",4225,845,3380
"37266",7235,1447,5788
"37267",4055,811,3244
"37268",4270,854,3416
"37269",6445,1289,5156
"37270",6085,1217,4868
"37271",3810,762,3048
"37272",4455,891,3564
"37273",4655,931,3724
"37274",3500,700,2800
"37275",4450,890,3560
"37276",5040,1008,4032
"37277",5220,1044,4176
"37278",5920,1184,4736
"37279",5240,1048,4192
"37280",5210,1042,4168
"37281",3765,753,3012
"37282",4275,855,3420
"37283",4325,865,3460
"37284",3650,730,2920
"37285",5190,1038,4152
"37286",3910,782,3128
"37287",4180,836,3344
"37288",3615,723,2892
"37289",4425,885,3540
"37290",3620,724,2896
"37291",4650,930,3720
"37292",3960,792,3168
"37293",4010,802,3208
"37294",4210,842,3368
"37295",4460,892,3568
"37296",4320,864,3456
"37297",4500,900,3600
"37298",4015,803,3212
"37299",4520,904,3616
"37300",5335,1067,4268
"37301",5845,1169,4676
"37302",5560,1112,4448
"37303",3865,773,3092
"37304",4670,934,3736
"37305",5570,1114,4456
"37306",4700,940,3760
"37307",4710,942,3768
"37308",4785,957,3828
"37309",5015,1003,4012
"37310",7330,1466,5864
"37311",5820,1164,4656
"37312",4170,834,3336
"37313",4125,825,3300
"37314",4895,979,3916
"37315",4720,944,3776
"37316",5905,1181,4724
"37317",3895,779,3116
"37318",5900,1180,4720
"37319",4535,907,3628
"37320",6245,1249,4996
"37321",5515,1103,4412
"37322",6080,1216,4864
"37323",5245,1049,4196
"37324",3620,724,2896
"37325",4575,915,3660
"37326",4365,873,3492
"37327",3755,751,3004
"37328",5030,1006,4024
"37329",5650,1130,4520
"37330",3695,739,2956
"37331",4230,846,3384
"37332",4935,987,3948
"37333",4210,842,3368
"37334",5135,1027,4108
"37335",5165,1033,4132
"37336",4230,846,3384
"37337",4270,854,3416
"37338",5015,1003,4012
"37339",5300,1060,4240
"37340",4330,866,3464
"37341",5510,1102,4408
"37342",4145,829,3316
"37343",4845,969,3876
"37344",3785,757,3028
"37345",5190,1038,4152
"37346",3140,628,2512
"37347",5770,1154,4616
"37348",3835,767,3068
"37349",3845,769,3076
"37350",3590,718,2872
"37351",5585,1117,4468
"37352",4085,817,3268
"37353",4860,972,3888
"37354",4830,966,3864
"37355",5535,1107,4428
"37356",6760,1352,5408
"37357",6805,1361,5444
"37358",4195,839,3356
"37359",4380,876,3504
"37360",3975,795,3180
"37361",4290,858,3432
"37362",4270,854,3416
"37363",5425,1085,4340
"37364",4330,866,3464
"37365",4125,825,3300
"37366",3725,745,2980
"37367",4395,879,3516
"37368",4045,809,3236
"37369",5115,1023,4092
"37370",5825,1165,4660
"37371",4865,973,3892
"37372",4485,897,3588
"37373",4830,966,3864
"37374",4765,953,3812
"37375",3975,795,3180
"37376",4435,887,3548
"37377",4825,965,3860
"37378",7245,1449,5796
"37379",4900,980,3920
"37380",6190,1238,4952
"37381",4735,947,3788
"37382",4490,898,3592
"37383",3870,774,3096
"37384",5385,1077,4308
"37385",5155,1031,4124
"37386",5480,1096,4384
"37387",3965,793,3172
"37388",5540,1108,4432
"37389",6510,1302,5208
"37390",4700,940,3760
"37391",4725,945,3780
"37392",5015,1003,4012
"37393",4465,893,3572
"37394",5115,1023,4092
"37395",3855,771,3084
"37396",4850,970,3880
"37397",6445,1289,5156
"37398",3495,699,2796
"37399",4040,808,3232
"37400",4935,987,3948
"37401",3935,787,3148
"37402",3890,778,3112
"37403",5330,1066,4264
"37404",6385,1277,5108
"37405",5245,1049,4196
"37406",4100,820,3280
"37407",5030,1006,4024
"37408",7375,1475,5900
"37409",3720,744,2976
"37410",4345,869,3476
"37411",4700,940,3760
"37412",3875,775,3100
"37413",4775,955,3820
"37414",4100,820,3280
"37415",3515,703,2812
"37416",4530,906,3624
"37417",5095,1019,4076
"37418",6420,1284,5136
"37419",4505,901,3604
"37420",4720,944,3776
"37421",4040,808,3232
"37422",4315,863,3452
"37423",3650,730,2920
"37424",5100,1020,4080
"37425",3570,714,2856
"37426",3715,743,2972
"37427",3995,799,3196
"37428",4805,961,3844
"37429",4160,832,3328
"37430",5215,1043,4172
"37431",6475,1295,5180
"37432",4965,993,3972
"37433",5070,1014,4056
"37434",4805,961,3844
"37435",3715,743,2972
"37436",4110,822,3288
"37437",3470,694,2776
"37438",4075,815,3260
"37439",5615,1123,4492
"37440",4495,899,3596
"37441",4555,911,3644
"37442",4610,922,3688
"37443",4940,988,3952
"37444",7680,1536,6144
"37445",4940,988,3952
"37446",4205,841,3364
"37447",4795,959,3836
"37448",5580,1116,4464
"37449",4535,907,3628
"37450",4705,941,3764
"37451",4825,965,3860
"37452",3975,795,3180
"37453",4180,836,3344
"37454",4075,815,3260
"37455",4965,993,3972
"37456",4645,929,3716
"37457",4225,845,3380
"37458",3760,752,3008
"37459",3455,691,2764
"37460",4390,878,3512
"37461",3755,751,3004
"37462",4460,892,3568
"37463",4655,931,3724
"37464",5080,1016,4064
"37465",4730,946,3784
"37466",6735,1347,5388
"37467",4995,999,3996
"37468",5030,1006,4024
"37469",4965,993,3972
"37470",4330,866,3464
"37471",5520,1104,4416
"37472",3585,717,2868
"37473",4650,930,3720
"37474",3695,739,2956
"37475",7210,1442,5768
"37476",5390,1078,4312
"37477",4390,878,3512
"37478",3765,753,3012
"37479",3545,709,2836
"37480",5985,1197,4788
"37481",4575,915,3660
"37482",4130,826,3304
"37483",3380,676,2704
"37484",4520,904,3616
"37485",4305,861,3444
"37486",5825,1165,4660
"37487",3790,758,3032
"37488",4615,923,3692
"37489",4875,975,3900
"37490",6120,1224,4896
"37491",3955,791,3164
"37492",4290,858,3432
"37493",4490,898,3592
"37494",4380,876,3504
"37495",4235,847,3388
"37496",4210,842,3368
"37497",3545,709,2836
"37498",3705,741,2964
"37499",3635,727,2908
"37500",3520,704,2816
"37501",4155,831,3324
"37502",5680,1136,4544
"37503",4490,898,3592
"37504",4050,810,3240
"37505",4355,871,3484
"37506",6715,1343,5372
"37507",4835,967,3868
"37508",3810,762,3048
"37509",5410,1082,4328
"37510",4190,838,3352
"37511",4560,912,3648
"37512",5160,1032,4128
"37513",4440,888,3552
"37514",5765,1153,4612
"37515",4790,958,3832
"37516",5430,1086,4344
"37517",4815,963,3852
"37518",5940,1188,4752
"37519",3400,680,2720
"37520",5085,1017,4068
"37521",6190,1238,4952
"37522",5160,1032,4128
"37523",4985,997,3988
"37524",4735,947,3788
"37525",4555,911,3644
"37526",4915,983,3932
"37527",5180,1036,4144
"37528",4220,844,3376
"37529",6835,1367,5468
"37530",4875,975,3900
"37531",4675,935,3740
"37532",3760,752,3008
"37533",5120,1024,4096
"37534",5385,1077,4308
"37535",4970,994,3976
"37536",4215,843,3372
"37537",4145,829,3316
"37538",3605,721,2884
"37539",5005,1001,4004
"37540",5540,1108,4432
"37541",4620,924,3696
"37542",4275,855,3420
"37543",4385,877,3508
"37544",5895,1179,4716
"37545",3570,714,2856
"37546",4270,854,3416
"37547",5195,1039,4156
"37548",4795,959,3836
"37549",4165,833,3332
"37550",4775,955,3820
"37551",4920,984,3936
"37552",5000,1000,4000
"37553",5310,1062,4248
"37554",4875,975,3900
"37555",4225,845,3380
"37556",4180,836,3344
"37557",4745,949,3796
"37558",5530,1106,4424
"37559",4215,843,3372
"37560",4495,899,3596
"37561",5105,1021,4084
"37562",4155,831,3324
"37563",5590,1118,4472
"37564",5415,1083,4332
"37565",3440,688,2752
"37566",4635,927,3708
"37567",4125,825,3300
"37568",5770,1154,4616
"37569",3640,728,2912
"37570",4190,838,3352
"37571",4080,816,3264
"37572",4215,843,3372
"37573",4965,993,3972
"37574",3905,781,3124
"37575",4295,859,3436
"37576",4370,874,3496
"37577",4830,966,3864
"37578",3650,730,2920
"37579",4735,947,3788
"37580",4185,837,3348
"37581",5445,1089,4356
"37582",5915,1183,4732
"37583",5990,1198,4792
"37584",6375,1275,5100
"37585",3720,744,2976
"37586",4410,882,3528
"37587",4065,813,3252
"37588",3730,746,2984
"37589",4275,855,3420
"37590",5700,1140,4560
"37591",3700,740,2960
"37592",4150,830,3320
"37593",4755,951,3804
"37594",7595,1519,6076
"37595",5075,1015,4060
"37596",6520,1304,5216
"37597",3970,794,3176
"37598",4620,924,3696
"37599",4270,854,3416
"37600",5055,1011,4044
"37601",4050,810,3240
"37602",4290,858,3432
"37603",3985,797,3188
"37604",3415,683,2732
"37605",6155,1231,4924
"37606",4105,821,3284
"37607",4940,988,3952
"37608",7475,1495,5980
"37609",5265,1053,4212
"37610",5800,1160,4640
"37611",5505,1101,4404
"37612",5420,1084,4336
"37613",5930,1186,4744
"37614",4415,883,3532
"37615",4240,848,3392
"37616",3755,751,3004
"37617",4430,886,3544
"37618",5410,1082,4328
"37619",4690,938,3752
"37620",3940,788,3152
"37621",5605,1121,4484
"37622",6135,1227,4908
"37623",3310,662,2648
"37624",5280,1056,4224
"37625",5270,1054,4216
"37626",3650,730,2920
"37627",5085,1017,4068
"37628",4080,816,3264
"37629",5205,1041,4164
"37630",4250,850,3400
"37631",5130,1026,4104
"37632",3925,785,3140
"37633",4350,870,3480
"37634",3550,710,2840
"37635",4470,894,3576
"37636",6010,1202,4808
"37637",4745,949,3796
"37638",6640,1328,5312
"37639",4515,903,3612
"37640",4685,937,3748
"37641",4635,927,3708
"37642",6285,1257,5028
"37643",4120,824,3296
"37644",5320,1064,4256
"37645",5220,1044,4176
"37646",4230,846,3384
"37647",3620,724,2896
"37648",3485,697,2788
"37649",5270,1054,4216
"37650",3895,779,3116
"37651",5700,1140,4560
"37652",5865,1173,4692
"37653",4775,955,3820
"37654",5010,1002,4008
"37655",4260,852,3408
"37656",4910,982,3928
"37657",4610,922,3688
"37658",4095,819,3276
"37659",3735,747,2988
"37660",6580,1316,5264
"37661",5150,1030,4120
"37662",4625,925,3700
"37663",4055,811,3244
"37664",3860,772,3088
"37665",5675,1135,4540
"37666",4690,938,3752
"37667",4715,943,3772
"37668",4425,885,3540
"37669",4560,912,3648
"37670",3875,775,3100
"37671",3940,788,3152
"37672",3910,782,3128
"37673",6365,1273,5092
"37674",4565,913,3652
"37675",6035,1207,4828
"37676",4680,936,3744
"37677",4345,869,3476
"37678",5105,1021,4084
"37679",3835,767,3068
"37680",4665,933,3732
"37681",5690,1138,4552
"37682",4755,951,3804
"37683",5470,1094,4376
"37684",4340,868,3472
"37685",4660,932,3728
"37686",3540,708,2832
"37687",4660,932,3728
"37688",5435,1087,4348
"37689",4040,808,3232
"37690",4740,948,3792
"37691",4180,836,3344
"37692",4080,816,3264
"37693",5305,1061,4244
"37694",4850,970,3880
"37695",4835,967,3868
"37696",6100,1220,4880
"37697",4530,906,3624
"37698",5975,1195,4780
"37699",4795,959,3836
"37700",5130,1026,4104
"37701",4300,860,3440
"37702",5090,1018,4072
"37703",5970,1194,4776
"37704",5010,1002,4008
"37705",4675,935,3740
"37706",4655,931,3724
"37707",4105,821,3284
"37708",4435,887,3548
"37709",4205,841,3364
"37710",5190,1038,4152
"37711",4745,949,3796
"37712",4195,839,3356
"37713",4770,954,3816
"37714",6145,1229,4916
"37715",6530,1306,5224
"37716",6620,1324,5296
"37717",5570,1114,4456
"37718",4855,971,3884
"37719",4020,804,3216
"37720",3650,730,2920
"37721",6270,1254,5016
"37722",4110,822,3288
"37723",5410,1082,4328
"37724",4605,921,3684
"37725",4570,914,3656
"37726",5830,1166,4664
"37727",3955,791,3164
"37728",3925,785,3140
"37729",4935,987,3948
"37730",5020,1004,4016
"37731",5505,1101,4404
"37732",3615,723,2892
"37733",4960,992,3968
"37734",5745,1149,4596
"37735",4650,930,3720
"37736",7015,1403,5612
"37737",4870,974,3896
"37738",4335,867,3468
"37739",4155,831,3324
"37740",4045,809,3236
"37741",3635,727,2908
"37742",5115,1023,4092
"37743",4030,806,3224
"37744",4350,870,3480
"37745",4990,998,3992
"37746",3460,692,2768
"37747",3885,777,3108
"37748",3490,698,2792
"37749",4695,939,3756
"37750",4155,831,3324
"37751",3770,754,3016
"37752",3705,741,2964
"37753",4410,882,3528
"37754",4300,860,3440
"37755",4710,942,3768
"37756",3955,791,3164
"37757",5255,1051,4204
"37758",7945,1589,6356
"37759",5275,1055,4220
"37760",4545,909,3636
"37761",4110,822,3288
"37762",4370,874,3496
"37763",4045,809,3236
"37764",6795,1359,5436
"37765",4545,909,3636
"37766",5330,1066,4264
"37767",5425,1085,4340
"37768",4595,919,3676
"37769",4120,824,3296
"37770",5260,1052,4208
"37771",4110,822,3288
"37772",3595,719,2876
"37773",4750,950,3800
"37774",4860,972,3888
"37775",4200,840,3360
"37776",4690,938,3752
"37777",4325,865,3460
"37778",4490,898,3592
"37779",5255,1051,4204
"37780",4825,965,3860
"37781",4080,816,3264
"37782",6420,1284,5136
"37783",3790,758,3032
"37784",4375,875,3500
"37785",4895,979,3916
"37786",5405,1081,4324
"37787",3995,799,3196
"37788",4885,977,3908
"37789",6700,1340,5360
"37790",3830,766,3064
"37791",5115,1023,4092
"37792",4335,867,3468
"37793",4265,853,3412
"37794",4755,951,3804
"37795",4300,860,3440
"37796",5620,1124,4496
"37797",6380,1276,5104
"37798",3635,727,2908
"37799",4780,956,3824
"37800",5090,1018,4072
"37801",5435,1087,4348
"37802",4490,898,3592
"37803",3480,696,2784
"37804",5140,1028,4112
"37805",4295,859,3436
"37806",3300,660,2640
"37807",4955,991,3964
"37808",4665,933,3732
"37809",3960,792,3168
"37810",4340,868,3472
"37811",4330,866,3464
"37812",3820,764,3056
"37813",4540,908,3632
"37814",7040,1408,5632
"37815",5245,1049,4196
"37816",4755,951,3804
"37817",4310,862,3448
"37818",5410,1082,4328
"37819",4505,901,3604
"37820",4500,900,3600
"37821",3965,793,3172
"37822",5505,1101,4404
"37823",4270,854,3416
"37824",4665,933,3732
"37825",4300,860,3440
"37826",4570,914,3656
"37827",5455,1091,4364
"37828",5140,1028,4112
"37829",4545,909,3636
"37830",3695,739,2956
"37831",5670,1134,4536
"37832",4930,986,3944
"37833",4245,849,3396
"37834",4800,960,3840
"37835",5350,1070,4280
"37836",4285,857,3428
"37837",4710,942,3768
"37838",5170,1034,4136
"37839",3780,756,3024
"37840",3980,796,3184
"37841",5335,1067,4268
"37842",5275,1055,4220
"37843",6105,1221,4884
"37844",3880,776,3104
"37845",6060,1212,4848
"37846",5110,1022,4088
"37847",4690,938,3752
"37848",5675,1135,4540
"37849",5540,1108,4432
"37850",4060,812,3248
"37851",4805,961,3844
"37852",4320,864,3456
"37853",4540,908,3632
"37854",4175,835,3340
"37855",6700,1340,5360
"37856",5270,1054,4216
"37857",3840,768,3072
"37858",3815,763,3052
"37859",4610,922,3688
"37860",5085,1017,4068
"37861",4240,848,3392
"37862",4890,978,3912
"37863",4395,879,3516
"37864",3690,738,2952
"37865",4220,844,3376
"37866",4940,988,3952
"37867",4825,965,3860
"37868",4260,852,3408
"37869",5555,1111,4444
"37870",4465,893,3572
"37871",5150,1030,4120
"37872",4140,828,3312
"37873",4725,945,3780
"37874",5360,1072,4288
"37875",3995,799,3196
"37876",5130,1026,4104
"37877",4755,951,3804
"37878",4355,871,3484
"37879",3685,737,2948
"37880",6175,1235,4940
"37881",4525,905,3620
"37882",4500,900,3600
"37883",4570,914,3656
"37884",4785,957,3828
"37885",3420,684,2736
"37886",5930,1186,4744
"37887",6845,1369,5476
"37888",3995,799,3196
"37889",3860,772,3088
"37890",4320,864,3456
"37891",3955,791,3164
"37892",4170,834,3336
"37893",5665,1133,4532
"37894",3725,745,2980
"37895",3510,702,2808
"37896",4865,973,3892
"37897",4125,825,3300
"37898",4035,807,3228
"37899",4785,957,3828
"37900",4385,877,3508
"37901",5285,1057,4228
"37902",3600,720,2880
"37903",4150,830,3320
"37904",4220,844,3376
"37905",3535,707,2828
"37906",4320,864,3456
"37907",5055,1011,4044
"37908",4425,885,3540
"37909",4820,964,3856
"37910",4090,818,3272
"37911",4160,832,3328
"37912",4700,940,3760
"37913",6010,1202,4808
"37914",4720,944,3776
"37915",5085,1017,4068
"37916",3780,756,3024
"37917",4210,842,3368
"37918",5335,1067,4268
"37919",6945,1389,5556
"37920",3770,754,3016
"37921",5710,1142,4568
"37922",4915,983,3932
"37923",6600,1320,5280
"37924",5465,1093,4372
"37925",3635,727,2908
"37926",4045,809,3236
"37927",3875,775,3100
"37928",4015,803,3212
"37929",4980,996,3984
"37930",4970,994,3976
"37931",5045,1009,4036
"37932",4790,958,3832
"37933",4325,865,3460
"37934",4540,908,3632
"37935",5065,1013,4052
"37936",5400,1080,4320
"37937",3760,752,3008
"37938",4685,937,3748
"37939",4345,869,3476
"37940",5155,1031,4124
"37941",3795,759,3036
"37942",3395,679,2716
"37943",4060,812,3248
"37944",4310,862,3448
"37945",4950,990,3960
"37946",3630,726,2904
"37947",5705,1141,4564
"37948",4245,849,3396
"37949",6840,1368,5472
"37950",4530,906,3624
"37951",4625,925,3700
"37952",3895,779,3116
"37953",5480,1096,4384
"37954",4965,993,3972
"37955",5060,1012,4048
"37956",3635,727,2908
"37957",5825,1165,4660
"37958",4510,902,3608
"37959",3905,781,3124
"37960",5770,1154,4616
"37961",4180,836,3344
"37962",4540,908,3632
"37963",3600,720,2880
"37964",3735,747,2988
"37965",4615,923,3692
"37966",4570,914,3656
"37967",4935,987,3948
"37968",3935,787,3148
"37969",4305,861,3444
"37970",4295,859,3436
"37971",3570,714,2856
"37972",4525,905,3620
"37973",3560,712,2848
"37974",5475,1095,4380
"37975",5415,1083,4332
"37976",4015,803,3212
"37977",3900,780,3120
"37978",4215,843,3372
"37979",5415,1083,4332
"37980",3975,795,3180
"37981",4035,807,3228
"37982",4405,881,3524
"37983",3390,678,2712
"37984",4370,874,3496
"37985",3585,717,2868
"37986",4355,871,3484
"37987",5815,1163,4652
"37988",4290,858,3432
"37989",4045,809,3236
"37990",4660,932,3728
"37991",4005,801,3204
"37992",4340,868,3472
"37993",3225,645,2580
"37994",3535,707,2828
"37995",8345,1669,6676
"37996",6900,1380,5520
"37997",4115,823,3292
"37998",5025,1005,4020
"37999",5555,1111,4444
"38000",4215,843,3372
"38001",4545,909,3636
"38002",4695,939,3756
"38003",5420,1084,4336
"38004",5695,1139,4556
"38005",4660,932,3728
"38006",5455,1091,4364
"38007",5715,1143,4572
"38008",4030,806,3224
"38009",3970,794,3176
"38010",4195,839,3356
"38011",3640,728,2912
"38012",5670,1134,4536
"38013",5535,1107,4428
"38014",5260,1052,4208
"38015",4825,965,3860
"38016",4460,892,3568
"38017",4325,865,3460
"38018",4510,902,3608
"38019",4930,986,3944
"38020",6495,1299,5196
"38021",5205,1041,4164
"38022",5020,1004,4016
"38023",4375,875,3500
"38024",5190,1038,4152
"38025",5180,1036,4144
"38026",4280,856,3424
"38027",4335,867,3468
"38028",5340,1068,4272
"38029",4730,946,3784
"38030",5155,1031,4124
"38031",3695,739,2956
"38032",4685,937,3748
"38033",3710,742,2968
"38034",3805,761,3044
"38035",6275,1255,5020
"38036",5735,1147,4588
"38037",4840,968,3872
"38038",5145,1029,4116
"38039",5035,1007,4028
"38040",5535,1107,4428
"38041",5475,1095,4380
"38042",4250,850,3400
"38043",5780,1156,4624
"38044",4070,814,3256
"38045",7230,1446,5784
"38046",7480,1496,5984
"38047",5000,1000,4000
"38048",4080,816,3264
"38049",3870,774,3096
"38050",5435,1087,4348
"38051",4110,822,3288
"38052",4085,817,3268
"38053",5415,1083,4332
"38054",4645,929,3716
"38055",4440,888,3552
"38056",4080,816,3264
"38057",5505,1101,4404
"38058",6455,1291,5164
"38059",4440,888,3552
"38060",4880,976,3904
"38061",6560,1312,5248
"38062",5215,1043,4172
"38063",4740,948,3792
"38064",5465,1093,4372
"38065",4655,931,3724
"38066",5450,1090,4360
"38067",4455,891,3564
"38068",5730,1146,4584
"38069",4170,834,3336
"38070",4520,904,3616
"38071",3610,722,2888
"38072",4735,947,3788
"38073",5020,1004,4016
"38074",4775,955,3820
"38075",4595,919,3676
"38076",4325,865,3460
"38077",4630,926,3704
"38078",3915,783,3132
"38079",4655,931,3724
"38080",4270,854,3416
"38081",3790,758,3032
"38082",4375,875,3500
"38083",4080,816,3264
"38084",4795,959,3836
"38085",3240,648,2592
"38086",5760,1152,4608
"38087",4955,991,3964
"38088",4795,959,3836
"38089",3600,720,2880
"38090",6120,1224,4896
"38091",4590,918,3672
"38092",5550,1110,4440
"38093",5460,1092,4368
"38094",4335,867,3468
"38095",4220,844,3376
"38096",3920,784,3136
"38097",4970,994,3976
"38098",5780,1156,4624
"38099",3915,783,3132
"38100",4135,827,3308
"38101",4110,822,3288
"38102",4165,833,3332
"38103",5740,1148,4592
"38104",3775,755,3020
"38105",3820,764,3056
"38106",3715,743,2972
"38107",4065,813,3252
"38108",4740,948,3792
"38109",5820,1164,4656
"38110",6855,1371,5484
"38111",5175,1035,4140
"38112",7285,1457,5828
"38113",4715,943,3772
"38114",4500,900,3600
"38115",3890,778,3112
"38116",8150,1630,6520
"38117",7010,1402,5608
"38118",4515,903,3612
"38119",2970,594,2376
"38120",3860,772,3088
"38121",6035,1207,4828
"38122",3660,732,2928
"38123",4770,954,3816
"38124",4415,883,3532
"38125",3895,779,3116
"38126",4885,977,3908
"38127",4860,972,3888
"38128",4680,936,3744
"38129",4675,935,3740
"38130",3990,798,3192
"38131",4040,808,3232
"38132",4740,948,3792
"38133",4570,914,3656
"38134",3695,739,2956
"38135",6880,1376,5504
"38136",4520,904,3616
"38137",4615,923,3692
"38138",3625,725,2900
"38139",4260,852,3408
"38140",4535,907,3628
"38141",4800,960,3840
"38142",5005,1001,4004
"38143",5325,1065,4260
"38144",4095,819,3276
"38145",3935,787,3148
"38146",4550,910,3640
"38147",5005,1001,4004
"38148",4625,925,3700
"38149",5000,1000,4000
"38150",4280,856,3424
"38151",4435,887,3548
"38152",5965,1193,4772
"38153",3680,736,2944
"38154",4790,958,3832
"38155",5445,1089,4356
"38156",4020,804,3216
"38157",3880,776,3104
"38158",3200,640,2560
"38159",3860,772,3088
"38160",4735,947,3788
"38161",4030,806,3224
"38162",4555,911,3644
"38163",4560,912,3648
"38164",4505,901,3604
"38165",4585,917,3668
"38166",4420,884,3536
"38167",4700,940,3760
"38168",4125,825,3300
"38169",4580,916,3664
"38170",5485,1097,4388
"38171",3140,628,2512
"38172",4050,810,3240
"38173",3665,733,2932
"38174",5590,1118,4472
"38175",4900,980,3920
"38176",4185,837,3348
"38177",4455,891,3564
"38178",3645,729,2916
"38179",4275,855,3420
"38180",4135,827,3308
"38181",3870,774,3096
"38182",4355,871,3484
"38183",6665,1333,5332
"38184",4430,886,3544
"38185",4205,841,3364
"38186",6055,1211,4844
"38187",4295,859,3436
"38188",4025,805,3220
"38189",3750,750,3000
"38190",4105,821,3284
"38191",4205,841,3364
"38192",4300,860,3440
"38193",3755,751,3004
"38194",5515,1103,4412
"38195",3955,791,3164
"38196",5500,1100,4400
"38197",4800,960,3840
"38198",4040,808,3232
"38199",4315,863,3452
"38200",4590,918,3672
"38201",4415,883,3532
"38202",4795,959,3836
"38203",4055,811,3244
"38204",5050,1010,4040
"38205",3650,730,2920
"38206",6855,1371,5484
"38207",5530,1106,4424
"38208",3890,778,3112
"38209",4195,839,3356
"38210",4355,871,3484
"38211",3215,643,2572
"38212",3865,773,3092
"38213",6820,1364,5456
"38214",4060,812,3248
"38215",8335,1667,6668
"38216",5675,1135,4540
"38217",5130,1026,4104
"38218",6050,1210,4840
"38219",4415,883,3532
"38220",4500,900,3600
"38221",5355,1071,4284
"38222",4545,909,3636
"38223",5880,1176,4704
"38224",4450,890,3560
"38225",5640,1128,4512
"38226",3215,643,2572
"38227",5155,1031,4124
"38228",4320,864,3456
"38229",4960,992,3968
"38230",4565,913,3652
"38231",5280,1056,4224
"38232",4520,904,3616
"38233",4415,883,3532
"38234",4390,878,3512
"38235",5365,1073,4292
"38236",4650,930,3720
"38237",4075,815,3260
"38238",4680,936,3744
"38239",6305,1261,5044
"38240",3840,768,3072
"38241",4195,839,3356
"38242",5510,1102,4408
"38243",4295,859,3436
"38244",4165,833,3332
"38245",5625,1125,4500
"38246",4440,888,3552
"38247",6065,1213,4852
"38248",3900,780,3120
"38249",4800,960,3840
"38250",4045,809,3236
"38251",3450,690,2760
"38252",4820,964,3856
"38253",4310,862,3448
"38254",4475,895,3580
"38255",4045,809,3236
"38256",4940,988,3952
"38257",4520,904,3616
"38258",5020,1004,4016
"38259",7565,1513,6052
"38260",6285,1257,5028
"38261",5315,1063,4252
"38262",5780,1156,4624
"38263",4545,909,3636
"38264",4070,814,3256
"38265",4800,960,3840
"38266",8810,1762,7048
"38267",4910,982,3928
"38268",4710,942,3768
"38269",4975,995,3980
"38270",5910,1182,4728
"38271",4195,839,3356
"38272",4965,993,3972
"38273",4655,931,3724
"38274",6875,1375,5500
"38275",4450,890,3560
"38276",5395,1079,4316
"38277",5305,1061,4244
"38278",3820,764,3056
"38279",6340,1268,5072
"38280",3550,710,2840
"38281",3965,793,3172
"38282",3575,715,2860
"38283",3540,708,2832
"38284",3790,758,3032
"38285",3610,722,2888
"38286",3650,730,2920
"38287",4485,897,3588
"38288",4175,835,3340
"38289",4725,945,3780
"38290",3515,703,2812
"38291",3745,749,2996
"38292",5095,1019,4076
"38293",5180,1036,4144
"38294",5240,1048,4192
"38295",5480,1096,4384
"38296",4630,926,3704
"38297",4285,857,3428
"38298",4635,927,3708
"38299",5270,1054,4216
"38300",6040,1208,4832
"38301",3910,782,3128
"38302",4570,914,3656
"38303",4450,890,3560
"38304",3980,796,3184
"38305",4625,925,3700
"38306",4470,894,3576
"38307",3855,771,3084
"38308",5515,1103,4412
"38309",4890,978,3912
"38310",4725,945,3780
"38311",5325,1065,4260
"38312",4465,893,3572
"38313",4225,845,3380
"38314",4630,926,3704
"38315",3850,770,3080
"38316",5410,1082,4328
"38317",5410,1082,4328
"38318",4225,845,3380
"38319",4540,908,3632
"38320",7285,1457,5828
"38321",4210,842,3368
"38322",3840,768,3072
"38323",4755,951,3804
"38324",3825,765,3060
"38325",5315,1063,4252
"38326",3925,785,3140
"38327",4715,943,3772
"38328",5075,1015,4060
"38329",5525,1105,4420
"38330",4705,941,3764
"38331",5670,1134,4536
"38332",4240,848,3392
"38333",3625,725,2900
"38334",3100,620,2480
"38335",4205,841,3364
"38336",4950,990,3960
"38337",4800,960,3840
"38338",3515,703,2812
"38339",4570,914,3656
"38340",4270,854,3416
"38341",4460,892,3568
"38342",4750,950,3800
"38343",4655,931,3724
"38344",4275,855,3420
"38345",3120,624,2496
"38346",4890,978,3912
"38347",5075,1015,4060
"38348",5220,1044,4176
"38349",5185,1037,4148
"38350",3565,713,2852
"38351",5160,1032,4128
"38352",4065,813,3252
"38353",4525,905,3620
"38354",4280,856,3424
"38355",3930,786,3144
"38356",4180,836,3344
"38357",6010,1202,4808
"38358",4815,963,3852
"38359",3610,722,2888
"38360",5520,1104,4416
"38361",3770,754,3016
"38362",3995,799,3196
"38363",4225,845,3380
"38364",5780,1156,4624
"38365",5580,1116,4464
"38366",5030,1006,4024
"38367",4775,955,3820
"38368",3670,734,2936
"38369",3685,737,2948
"38370",5945,1189,4756
"38371",3895,779,3116
"38372",6755,1351,5404
"38373",5325,1065,4260
"38374",4040,808,3232
"38375",4290,858,3432
"38376",5750,1150,4600
"38377",3635,727,2908
"38378",3320,664,2656
"38379",3730,746,2984
"38380",5085,1017,4068
"38381",4030,806,3224
"38382",4105,821,3284
"38383",4320,864,3456
"38384",4435,887,3548
"38385",4860,972,3888
"38386",4130,826,3304
"38387",4415,883,3532
"38388",4780,956,3824
"38389",4665,933,3732
"38390",3715,743,2972
"38391",4670,934,3736
"38392",4155,831,3324
"38393",4165,833,3332
"38394",4265,853,3412
"38395",4390,878,3512
"38396",4450,890,3560
"38397",4390,878,3512
"38398",5570,1114,4456
"38399",3565,713,2852
"38400",4820,964,3856
"38401",3540,708,2832
"38402",5285,1057,4228
"38403",5160,1032,4128
"38404",5810,1162,4648
"38405",6330,1266,5064
"38406",4320,864,3456
"38407",4415,883,3532
"38408",4485,897,3588
"38409",5165,1033,4132
"38410",3930,786,3144
"38411",3960,792,3168
"38412",5485,1097,4388
"38413",4760,952,3808
"38414",5385,1077,4308
"38415",3650,730,2920
"38416",4900,980,3920
"38417",4940,988,3952
"38418",4820,964,3856
"38419",3740,748,2992
"38420",4850,970,3880
"38421",4480,896,3584
"38422",6145,1229,4916
"38423",4600,920,3680
"38424",3905,781,3124
"38425",4195,839,3356
"38426",4565,913,3652
"38427",4990,998,3992
"38428",4535,907,3628
"38429",3550,710,2840
"38430",4255,851,3404
"38431",5240,1048,4192
"38432",5820,1164,4656
"38433",3175,635,2540
"38434",4875,975,3900
"38435",4530,906,3624
"38436",4890,978,3912
"38437",6350,1270,5080
"38438",4455,891,3564
"38439",4690,938,3752
"38440",5595,1119,4476
"38441",4670,934,3736
"38442",4135,827,3308
"38443",4895,979,3916
"38444",6595,1319,5276
"38445",4545,909,3636
"38446",8380,1676,6704
"38447",4995,999,3996
"38448",3810,762,3048
"38449",5200,1040,4160
"38450",4990,998,3992
"38451",5595,1119,4476
"38452",3930,786,3144
"38453",4315,863,3452
"38454",3675,735,2940
"38455",5180,1036,4144
"38456",3985,797,3188
"38457",3655,731,2924
"38458",4385,877,3508
"38459",4870,974,3896
"38460",4730,946,3784
"38461",6545,1309,5236
"38462",4830,966,3864
"38463",4345,869,3476
"38464",4125,825,3300
"38465",5260,1052,4208
"38466",4975,995,3980
"38467",4765,953,3812
"38468",4435,887,3548
"38469",4310,862,3448
"38470",3645,729,2916
"38471",4345,869,3476
"38472",4305,861,3444
"38473",4955,991,3964
"38474",5970,1194,4776
"38475",4000,800,3200
"38476",4235,847,3388
"38477",4460,892,3568
"38478",4285,857,3428
"38479",3555,711,2844
"38480",7265,1453,5812
"38481",5270,1054,4216
"38482",4260,852,3408
"38483",4030,806,3224
"38484",4535,907,3628
"38485",4055,811,3244
"38486",4655,931,3724
"38487",6345,1269,5076
"38488",3455,691,2764
"38489",4850,970,3880
"38490",5240,1048,4192
"38491",3615,723,2892
"38492",4395,879,3516
"38493",4710,942,3768
"38494",4320,864,3456
"38495",4570,914,3656
"38496",4915,983,3932
"38497",4235,847,3388
"38498",5260,1052,4208
"38499",5120,1024,4096
"38500",4855,971,3884
"38501",3760,752,3008
"38502",4180,836,3344
"38503",4375,875,3500
"38504",3975,795,3180
"38505",4355,871,3484
"38506",5265,1053,4212
"38507",5050,1010,4040
"38508",5525,1105,4420
"38509",4875,975,3900
"38510",4225,845,3380
"38511",4975,995,3980
"38512",4005,801,3204
"38513",4110,822,3288
"38514",5015,1003,4012
"38515",5070,1014,4056
"38516",4710,942,3768
"38517",4925,985,3940
"38518",5715,1143,4572
"38519",5180,1036,4144
"38520",4580,916,3664
"38521",4290,858,3432
"38522",4760,952,3808
"38523",4400,880,3520
"38524",5020,1004,4016
"38525",4290,858,3432
"38526",5660,1132,4528
"38527",4225,845,3380
"38528",4270,854,3416
"38529",5210,1042,4168
"38530",3660,732,2928
"38531",3805,761,3044
"38532",4720,944,3776
"38533",5080,1016,4064
"38534",4360,872,3488
"38535",4170,834,3336
"38536",4790,958,3832
"38537",4920,984,3936
"38538",7115,1423,5692
"38539",4245,849,3396
"38540",7760,1552,6208
"38541",4340,868,3472
"38542",4070,814,3256
"38543",4615,923,3692
"38544",5280,1056,4224
"38545",4600,920,3680
"38546",4190,838,3352
"38547",5045,1009,4036
"38548",5150,1030,4120
"38549",4910,982,3928
"38550",4620,924,3696
"38551",3960,792,3168
"38552",4555,911,3644
"38553",4015,803,3212
"38554",4890,978,3912
"38555",3895,779,3116
"38556",5570,1114,4456
"38557",5010,1002,4008
"38558",5745,1149,4596
"38559",4045,809,3236
"38560",4430,886,3544
"38561",4890,978,3912
"38562",3480,696,2784
"38563",7950,1590,6360
"38564",4325,865,3460
"38565",4570,914,3656
"38566",4305,861,3444
"38567",5965,1193,4772
"38568",4565,913,3652
"38569",4055,811,3244
"38570",3840,768,3072
"38571",3850,770,3080
"38572",5190,1038,4152
"38573",4620,924,3696
"38574",6310,1262,5048
"38575",5905,1181,4724
"38576",3710,742,2968
"38577",6535,1307,5228
"38578",6465,1293,5172
"38579",3805,761,3044
"38580",5145,1029,4116
"38581",4440,888,3552
"38582",4225,845,3380
"38583",4400,880,3520
"38584",5300,1060,4240
"38585",5475,1095,4380
"38586",4925,985,3940
"38587",4255,851,3404
"38588",6120,1224,4896
"38589",4890,978,3912
"38590",4265,853,3412
"38591",4765,953,3812
"38592",4960,992,3968
"38593",4500,900,3600
"38594",4275,855,3420
"38595",4285,857,3428
"38596",4210,842,3368
"38597",4165,833,3332
"38598",5105,1021,4084
"38599",5370,1074,4296
"38600",5865,1173,4692
"38601",3775,755,3020
"38602",4655,931,3724
"38603",5915,1183,4732
"38604",4170,834,3336
"38605",5425,1085,4340
"38606",4705,941,3764
"38607",4620,924,3696
"38608",4425,885,3540
"38609",4045,809,3236
"38610",5910,1182,4728
"38611",4100,820,3280
"38612",5215,1043,4172
"38613",4660,932,3728
"38614",4975,995,3980
"38615",4645,929,3716
"38616",4655,931,3724
"38617",6115,1223,4892
"38618",3905,781,3124
"38619",3470,694,2776
"38620",6575,1315,5260
"38621",3990,798,3192
"38622",3455,691,2764
"38623",4065,813,3252
"38624",5050,1010,4040
"38625",3650,730,2920
"38626",5040,1008,4032
"38627",5340,1068,4272
"38628",5290,1058,4232
"38629",7510,1502,6008
"38630",6985,1397,5588
"38631",4080,816,3264
"38632",4155,831,3324
"38633",5190,1038,4152
"38634",4920,984,3936
"38635",4300,860,3440
"38636",5400,1080,4320
"38637",4305,861,3444
"38638",6245,1249,4996
"38639",3325,665,2660
"38640",4100,820,3280
"38641",4655,931,3724
"38642",5670,1134,4536
"38643",4365,873,3492
"38644",4445,889,3556
"38645",5430,1086,4344
"38646",4815,963,3852
"38647",3765,753,3012
"38648",4795,959,3836
"38649",3490,698,2792
"38650",8210,1642,6568
"38651",3785,757,3028
"38652",4570,914,3656
"38653",3645,729,2916
"38654",7880,1576,6304
"38655",3910,782,3128
"38656",4800,960,3840
"38657",4050,810,3240
"38658",4040,808,3232
"38659",3445,689,2756
"38660",4605,921,3684
"38661",6070,1214,4856
"38662",3910,782,3128
"38663",4440,888,3552
"38664",5295,1059,4236
"38665",3755,751,3004
"38666",5055,1011,4044
"38667",5175,1035,4140
"38668",4950,990,3960
"38669",4875,975,3900
"38670",4655,931,3724
"38671",4360,872,3488
"38672",5885,1177,4708
"38673",4440,888,3552
"38674",4980,996,3984
"38675",3705,741,2964
"38676",6055,1211,4844
"38677",4285,857,3428
"38678",3260,652,2608
"38679",4130,826,3304
"38680",5005,1001,4004
"38681",4490,898,3592
"38682",4970,994,3976
"38683",4525,905,3620
"38684",6250,1250,5000
"38685",4005,801,3204
"38686",6670,1334,5336
"38687",4395,879,3516
"38688",3510,702,2808
"38689",4395,879,3516
"38690",5525,1105,4420
"38691",4705,941,3764
"38692",5765,1153,4612
"38693",4845,969,3876
"38694",6250,1250,5000
"38695",6465,1293,5172
"38696",5075,1015,4060
"38697",3870,774,3096
"38698",5280,1056,4224
"38699",5175,1035,4140
"38700",5670,1134,4536
"38701",7380,1476,5904
"38702",3325,665,2660
"38703",6370,1274,5096
"38704",5650,1130,4520
"38705",4735,947,3788
"38706",3770,754,3016
"38707",5275,1055,4220
"38708",4950,990,3960
"38709",4065,813,3252
"38710",5825,1165,4660
"38711",4740,948,3792
"38712",4630,926,3704
"38713",4195,839,3356
"38714",4490,898,3592
"38715",4255,851,3404
"38716",3960,792,3168
"38717",3775,755,3020
"38718",3970,794,3176
"38719",3930,786,3144
"38720",6100,1220,4880
"38721",3950,790,3160
"38722",5925,1185,4740
"38723",3935,787,3148
"38724",4340,868,3472
"38725",4770,954,3816
"38726",6390,1278,5112
"38727",6345,1269,5076
"38728",3985,797,3188
"38729",3610,722,2888
"38730",4440,888,3552
"38731",5185,1037,4148
"38732",4795,959,3836
"38733",4265,853,3412
"38734",5210,1042,4168
"38735",5170,1034,4136
"38736",6820,1364,5456
"38737",3915,783,3132
"38738",5430,1086,4344
"38739",4695,939,3756
"38740",5480,1096,4384
"38741",4985,997,3988
"38742",3835,767,3068
"38743",3940,788,3152
"38744",4885,977,3908
"38745",4355,871,3484
"38746",3805,761,3044
"38747",5295,1059,4236
"38748",4130,826,3304
"38749",4925,985,3940
"38750",4105,821,3284
"38751",4250,850,3400
"38752",4170,834,3336
"38753",7080,1416,5664
"38754",4705,941,3764
"38755",4310,862,3448
"38756",5260,1052,4208
"38757",3790,758,3032
"38758",4685,937,3748
"38759",5275,1055,4220
"38760",5345,1069,4276
"38761",5460,1092,4368
"38762",4065,813,3252
"38763",5325,1065,4260
"38764",4785,957,3828
"38765",4400,880,3520
"38766",3905,781,3124
"38767",5610,1122,4488
"38768",3825,765,3060
"38769",4665,933,3732
"38770",4040,808,3232
"38771",4525,905,3620
"38772",4325,865,3460
"38773",4110,822,3288
"38774",5450,1090,4360
"38775",4160,832,3328
"38776",3150,630,2520
"38777",3410,682,2728
"38778",4885,977,3908
"38779",4260,852,3408
"38780",5740,1148,4592
"38781",3190,638,2552
"38782",3440,688,2752
"38783",4260,852,3408
"38784",4880,976,3904
"38785",4100,820,3280
"38786",5230,1046,4184
"38787",6795,1359,5436
"38788",5600,1120,4480
"38789",4190,838,3352
"38790",5125,1025,4100
"38791",4425,885,3540
"38792",5485,1097,4388
"38793",4015,803,3212
"38794",3825,765,3060
"38795",3855,771,3084
"38796",4060,812,3248
"38797",4285,857,3428
"38798",4750,950,3800
"38799",4330,866,3464
"38800",3780,756,3024
"38801",3965,793,3172
"38802",4970,994,3976
"38803",4550,910,3640
"38804",4865,973,3892
"38805",4745,949,3796
"38806",5470,1094,4376
"38807",4350,870,3480
"38808",4805,961,3844
"38809",4890,978,3912
"38810",3635,727,2908
"38811",4645,929,3716
"38812",6615,1323,5292
"38813",5270,1054,4216
"38814",4575,915,3660
"38815",4720,944,3776
"38816",5265,1053,4212
"38817",5895,1179,4716
"38818",4580,916,3664
"38819",5555,1111,4444
"38820",6850,1370,5480
"38821",4210,842,3368
"38822",4470,894,3576
"38823",3985,797,3188
"38824",4350,870,3480
"38825",4825,965,3860
"38826",4725,945,3780
"38827",4025,805,3220
"38828",4780,956,3824
"38829",7580,1516,6064
"38830",3720,744,2976
"38831",3835,767,3068
"38832",5130,1026,4104
"38833",3510,702,2808
"38834",4605,921,3684
"38835",4620,924,3696
"38836",5080,1016,4064
"38837",4420,884,3536
"38838",3685,737,2948
"38839",4825,965,3860
"38840",3765,753,3012
"38841",4360,872,3488
"38842",6925,1385,5540
"38843",4200,840,3360
"38844",4390,878,3512
"38845",4035,807,3228
"38846",5530,1106,4424
"38847",4220,844,3376
"38848",3740,748,2992
"38849",4230,846,3384
"38850",3955,791,3164
"38851",4660,932,3728
"38852",4615,923,3692
"38853",3755,751,3004
"38854",4895,979,3916
"38855",4495,899,3596
"38856",4265,853,3412
"38857",4150,830,3320
"38858",4865,973,3892
"38859",3600,720,2880
"38860",3860,772,3088
"38861",3585,717,2868
"38862",7770,1554,6216
"38863",4530,906,3624
"38864",4175,835,3340
"38865",5555,1111,4444
"38866",4440,888,3552
"38867",4475,895,3580
"38868",3945,789,3156
"38869",5035,1007,4028
"38870",4580,916,3664
"38871",4775,955,3820
"38872",4580,916,3664
"38873",4705,941,3764
"38874",5360,1072,4288
"38875",4920,984,3936
"38876",3870,774,3096
"38877",4715,943,3772
"38878",4255,851,3404
"38879",4455,891,3564
"38880",4640,928,3712
"38881",4910,982,3928
"38882",4775,955,3820
"38883",4760,952,3808
"38884",5970,1194,4776
"38885",4305,861,3444
"38886",5185,1037,4148
"38887",5025,1005,4020
"38888",5030,1006,4024
"38889",4465,893,3572
"38890",3890,778,3112
"38891",5260,1052,4208
"38892",3650,730,2920
"38893",4155,831,3324
"38894",4540,908,3632
"38895",5390,1078,4312
"38896",6100,1220,4880
"38897",5025,1005,4020
"38898",4815,963,3852
"38899",4390,878,3512
"38900",4200,840,3360
"38901",6085,1217,4868
"38902",4130,826,3304
"38903",4735,947,3788
"38904",3575,715,2860
"38905",4065,813,3252
"38906",4380,876,3504
"38907",4295,859,3436
"38908",4745,949,3796
"38909",3680,736,2944
"38910",7095,1419,5676
"38911",4895,979,3916
"38912",3575,715,2860
"38913",4095,819,3276
"38914",5365,1073,4292
"38915",3115,623,2492
"38916",4525,905,3620
"38917",5475,1095,4380
"38918",3940,788,3152
"38919",3985,797,3188
"38920",5250,1050,4200
"38921",5440,1088,4352
"38922",4810,962,3848
"38923",4625,925,3700
"38924",5080,1016,4064
"38925",5830,1166,4664
"38926",4215,843,3372
"38927",3895,779,3116
"38928",4370,874,3496
"38929",3940,788,3152
"38930",4110,822,3288
"38931",4685,937,3748
"38932",3590,718,2872
"38933",4290,858,3432
"38934",3720,744,2976
"38935",6215,1243,4972
"38936",4395,879,3516
"38937",5650,1130,4520
"38938",4980,996,3984
"38939",5655,1131,4524
"38940",4405,881,3524
"38941",5285,1057,4228
"38942",4005,801,3204
"38943",4145,829,3316
"38944",4560,912,3648
"38945",4005,801,3204
"38946",5645,1129,4516
"38947",6890,1378,5512
"38948",3930,786,3144
"38949",4020,804,3216
"38950",4000,800,3200
"38951",6595,1319,5276
"38952",4210,842,3368
"38953",4520,904,3616
"38954",4445,889,3556
"38955",5530,1106,4424
"38956",3645,729,2916
"38957",4545,909,3636
"38958",4515,903,3612
"38959",3640,728,2912
"38960",3850,770,3080
"38961",5285,1057,4228
"38962",4115,823,3292
"38963",5495,1099,4396
"38964",5275,1055,4220
"38965",4025,805,3220
"38966",4270,854,3416
"38967",4020,804,3216
"38968",5130,1026,4104
"38969",4240,848,3392
"38970",4905,981,3924
"38971",5955,1191,4764
"38972",3930,786,3144
"38973",3660,732,2928
"38974",5210,1042,4168
"38975",4425,885,3540
"38976",3890,778,3112
"38977",4330,866,3464
"38978",4130,826,3304
"38979",3815,763,3052
"38980",5600,1120,4480
"38981",4005,801,3204
"38982",4385,877,3508
"38983",4080,816,3264
"38984",4700,940,3760
"38985",5005,1001,4004
"38986",6995,1399,5596
"38987",8920,1784,7136
"38988",4985,997,3988
"38989",4425,885,3540
"38990",4245,849,3396
"38991",4445,889,3556
"38992",4710,942,3768
"38993",4845,969,3876
"38994",5405,1081,4324
"38995",4005,801,3204
"38996",4490,898,3592
"38997",4990,998,3992
"38998",5275,1055,4220
"38999",4675,935,3740
"39000",4895,979,3916
"39001",4810,962,3848
"39002",5070,1014,4056
"39003",4730,946,3784
"39004",4975,995,3980
"39005",5375,1075,4300
"39006",4995,999,3996
"39007",4190,838,3352
"39008",3395,679,2716
"39009",3965,793,3172
"39010",5785,1157,4628
"39011",4300,860,3440
"39012",5535,1107,4428
"39013",4970,994,3976
"39014",5835,1167,4668
"39015",4500,900,3600
"39016",4455,891,3564
"39017",4755,951,3804
"39018",4645,929,3716
"39019",4325,865,3460
"39020",3670,734,2936
"39021",5590,1118,4472
"39022",5425,1085,4340
"39023",4405,881,3524
"39024",4815,963,3852
"39025",6470,1294,5176
"39026",3240,648,2592
"39027",4825,965,3860
"39028",5010,1002,4008
"39029",5170,1034,4136
"39030",4290,858,3432
"39031",5025,1005,4020
"39032",5460,1092,4368
"39033",5150,1030,4120
"39034",5475,1095,4380
"39035",5285,1057,4228
"39036",4875,975,3900
"39037",4565,913,3652
"39038",4495,899,3596
"39039",4605,921,3684
"39040",6000,1200,4800
"39041",4550,910,3640
"39042",3770,754,3016
"39043",4035,807,3228
"39044",4295,859,3436
"39045",4855,971,3884
"39046",5710,1142,4568
"39047",5370,1074,4296
"39048",5125,1025,4100
"39049",4350,870,3480
"39050",4620,924,3696
"39051",5680,1136,4544
"39052",4560,912,3648
"39053",5140,1028,4112
"39054",4545,909,3636
"39055",5735,1147,4588
"39056",6220,1244,4976
"39057",5670,1134,4536
"39058",5195,1039,4156
"39059",4940,988,3952
"39060",5295,1059,4236
"39061",4265,853,3412
"39062",4985,997,3988
"39063",4985,997,3988
"39064",5700,1140,4560
"39065",4320,864,3456
"39066",5570,1114,4456
"39067",3885,777,3108
"39068",5355,1071,4284
"39069",4230,846,3384
"39070",3520,704,2816
"39071",4890,978,3912
"39072",4725,945,3780
"39073",5690,1138,4552
"39074",6885,1377,5508
"39075",5025,1005,4020
"39076",5415,1083,4332
"39077",4900,980,3920
"39078",4300,860,3440
"39079",8370,1674,6696
"39080",4970,994,3976
"39081",3400,680,2720
"39082",5085,1017,4068
"39083",4080,816,3264
"39084",6690,1338,5352
"39085",7390,1478,5912
"39086",4825,965,3860
"39087",4850,970,3880
"39088",4460,892,3568
"39089",4630,926,3704
"39090",4205,841,3364
"39091",4690,938,3752
"39092",4795,959,3836
"39093",3615,723,2892
"39094",5525,1105,4420
"39095",4050,810,3240
"39096",4055,811,3244
"39097",4740,948,3792
"39098",4200,840,3360
"39099",4710,942,3768
"39100",5535,1107,4428
"39101",4475,895,3580
"39102",4500,900,3600
"39103",6975,1395,5580
"39104",4745,949,3796
"39105",4400,880,3520
"39106",4870,974,3896
"39107",3685,737,2948
"39108",3640,728,2912
"39109",3865,773,3092
"39110",4985,997,3988
"39111",4865,973,3892
"39112",3945,789,3156
"39113",4960,992,3968
"39114",4175,835,3340
"39115",3660,732,2928
"39116",5905,1181,4724
"39117",4520,904,3616
"39118",4760,952,3808
"39119",5705,1141,4564
"39120",4495,899,3596
"39121",4845,969,3876
"39122",4060,812,3248
"39123",4365,873,3492
"39124",5230,1046,4184
"39125",4010,802,3208
"39126",4200,840,3360
"39127",5585,1117,4468
"39128",6955,1391,5564
"39129",5370,1074,4296
"39130",4175,835,3340
"39131",4235,847,3388
"39132",3485,697,2788
"39133",4375,875,3500
"39134",4275,855,3420
"39135",4650,930,3720
"39136",4335,867,3468
"39137",5720,1144,4576
"39138",3940,788,3152
"39139",4740,948,3792
"39140",5265,1053,4212
"39141",6015,1203,4812
"39142",4510,902,3608
"39143",4720,944,3776
"39144",4650,930,3720
"39145",4405,881,3524
"39146",5195,1039,4156
"39147",5590,1118,4472
"39148",6420,1284,5136
"39149",3650,730,2920
"39150",5925,1185,4740
"39151",3840,768,3072
"39152",6830,1366,5464
"39153",4025,805,3220
"39154",4290,858,3432
"39155",3825,765,3060
"39156",3920,784,3136
"39157",4155,831,3324
"39158",3950,790,3160
"39159",6545,1309,5236
"39160",4115,823,3292
"39161",3930,786,3144
"39162",4880,976,3904
"39163",4315,863,3452
"39164",7520,1504,6016
"39165",4075,815,3260
"39166",3920,784,3136
"39167",3795,759,3036
"39168",3955,791,3164
"39169",6265,1253,5012
"39170",4845,969,3876
"39171",3980,796,3184
"39172",4185,837,3348
"39173",4350,870,3480
"39174",5085,1017,4068
"39175",4305,861,3444
"39176",5035,1007,4028
"39177",3885,777,3108
"39178",4450,890,3560
"39179",4360,872,3488
"39180",4160,832,3328
"39181",3670,734,2936
"39182",4900,980,3920
"39183",3945,789,3156
"39184",3680,736,2944
"39185",4765,953,3812
"39186",5770,1154,4616
"39187",5120,1024,4096
"39188",4700,940,3760
"39189",4100,820,3280
"39190",4740,948,3792
"39191",3635,727,2908
"39192",4220,844,3376
"39193",4055,811,3244
"39194",5055,1011,4044
"39195",4005,801,3204
"39196",4125,825,3300
"39197",5005,1001,4004
"39198",4375,875,3500
"39199",4210,842,3368
"39200",4610,922,3688
"39201",4765,953,3812
"39202",4320,864,3456
"39203",3840,768,3072
"39204",4020,804,3216
"39205",4410,882,3528
"39206",4585,917,3668
"39207",5505,1101,4404
"39208",3955,791,3164
"39209",4905,981,3924
"39210",4105,821,3284
"39211",4660,932,3728
"39212",4580,916,3664
"39213",5420,1084,4336
"39214",3615,723,2892
"39215",4145,829,3316
"39216",3940,788,3152
"39217",4745,949,3796
"39218",4050,810,3240
"39219",4690,938,3752
"39220",7290,1458,5832
"39221",4055,811,3244
"39222",4465,893,3572
"39223",4785,957,3828
"39224",5585,1117,4468
"39225",4190,838,3352
"39226",4105,821,3284
"39227",7930,1586,6344
"39228",4670,934,3736
"39229",5355,1071,4284
"39230",4795,959,3836
"39231",4650,930,3720
"39232",4690,938,3752
"39233",6095,1219,4876
"39234",4370,874,3496
"39235",3415,683,2732
"39236",4220,844,3376
"39237",4280,856,3424
"39238",4150,830,3320
"39239",5140,1028,4112
"39240",4980,996,3984
"39241",5610,1122,4488
"39242",5030,1006,4024
"39243",4610,922,3688
"39244",5200,1040,4160
"39245",3125,625,2500
"39246",4335,867,3468
"39247",4210,842,3368
"39248",4140,828,3312
"39249",5340,1068,4272
"39250",4365,873,3492
"39251",5355,1071,4284
"39252",4905,981,3924
"39253",4595,919,3676
"39254",5255,1051,4204
"39255",5205,1041,4164
"39256",4790,958,3832
"39257",4435,887,3548
"39258",5575,1115,4460
"39259",4790,958,3832
"39260",7095,1419,5676
"39261",4930,986,3944
"39262",6930,1386,5544
"39263",6285,1257,5028
"39264",4380,876,3504
"39265",4725,945,3780
"39266",5110,1022,4088
"39267",4350,870,3480
"39268",3680,736,2944
"39269",5235,1047,4188
"39270",5655,1131,4524
"39271",4435,887,3548
"39272",4255,851,3404
"39273",4780,956,3824
"39274",4875,975,3900
"39275",4255,851,3404
"39276",4310,862,3448
"39277",4775,955,3820
"39278",4780,956,3824
"39279",4345,869,3476
"39280",4320,864,3456
"39281",4890,978,3912
"39282",3930,786,3144
"39283",3960,792,3168
"39284",5185,1037,4148
"39285",3550,710,2840
"39286",4885,977,3908
"39287",5800,1160,4640
"39288",4005,801,3204
"39289",5280,1056,4224
"39290",5195,1039,4156
"39291",3970,794,3176
"39292",4880,976,3904
"39293",3415,683,2732
"39294",4380,876,3504
"39295",4300,860,3440
"39296",4185,837,3348
"39297",5045,1009,4036
"39298",4660,932,3728
"39299",4375,875,3500
"39300",3755,751,3004
"39301",5135,1027,4108
"39302",3150,630,2520
"39303",4210,842,3368
"39304",6890,1378,5512
"39305",5190,1038,4152
"39306",5805,1161,4644
"39307",4365,873,3492
"39308",5180,1036,4144
"39309",4930,986,3944
"39310",4015,803,3212
"39311",4170,834,3336
"39312",4185,837,3348
"39313",4170,834,3336
"39314",5880,1176,4704
"39315",5035,1007,4028
"39316",4795,959,3836
"39317",4565,913,3652
"39318",4415,883,3532
"39319",5125,1025,4100
"39320",4690,938,3752
"39321",3750,750,3000
"39322",5175,1035,4140
"39323",4495,899,3596
"39324",3540,708,2832
"39325",5060,1012,4048
"39326",5835,1167,4668
"39327",5660,1132,4528
"39328",4510,902,3608
"39329",4215,843,3372
"39330",4605,921,3684
"39331",5240,1048,4192
"39332",5245,1049,4196
"39333",4390,878,3512
"39334",4205,841,3364
"39335",5170,1034,4136
"39336",4010,802,3208
"39337",3590,718,2872
"39338",4665,933,3732
"39339",5010,1002,4008
"39340",4780,956,3824
"39341",3945,789,3156
"39342",5400,1080,4320
"39343",4820,964,3856
"39344",5000,1000,4000
"39345",4170,834,3336
"39346",4260,852,3408
"39347",4425,885,3540
"39348",4390,878,3512
"39349",11295,2259,9036
"39350",4800,960,3840
"39351",4170,834,3336
"39352",4575,915,3660
"39353",3765,753,3012
"39354",5005,1001,4004
"39355",5125,1025,4100
"39356",5035,1007,4028
"39357",4580,916,3664
"39358",6065,1213,4852
"39359",4505,901,3604
"39360",5255,1051,4204
"39361",4585,917,3668
"39362",5285,1057,4228
"39363",6240,1248,4992
"39364",4535,907,3628
"39365",3705,741,2964
"39366",5930,1186,4744
"39367",4095,819,3276
"39368",4735,947,3788
"39369",3480,696,2784
"39370",6465,1293,5172
"39371",6175,1235,4940
"39372",3710,742,2968
"39373",4100,820,3280
"39374",3575,715,2860
"39375",7370,1474,5896
"39376",4035,807,3228
"39377",4235,847,3388
"39378",4540,908,3632
"39379",4735,947,3788
"39380",4640,928,3712
"39381",4350,870,3480
"39382",5570,1114,4456
"39383",4570,914,3656
"39384",4850,970,3880
"39385",5605,1121,4484
"39386",4145,829,3316
"39387",4135,827,3308
"39388",4325,865,3460
"39389",3600,720,2880
"39390",4205,841,3364
"39391",5370,1074,4296
"39392",4140,828,3312
"39393",4765,953,3812
"39394",5100,1020,4080
"39395",5605,1121,4484
"39396",5195,1039,4156
"39397",5380,1076,4304
"39398",5820,1164,4656
"39399",4735,947,3788
"39400",4780,956,3824
"39401",5175,1035,4140
"39402",6340,1268,5072
"39403",4710,942,3768
"39404",3400,680,2720
"39405",4865,973,3892
"39406",5295,1059,4236
"39407",4985,997,3988
"39408",4435,887,3548
"39409",6165,1233,4932
"39410",4835,967,3868
"39411",4505,901,3604
"39412",4910,982,3928
"39413",5305,1061,4244
"39414",5560,1112,4448
"39415",5750,1150,4600
"39416",5780,1156,4624
"39417",4065,813,3252
"39418",4785,957,3828
"39419",4525,905,3620
"39420",3705,741,2964
"39421",4690,938,3752
"39422",4640,928,3712
"39423",5500,1100,4400
"39424",4005,801,3204
"39425",3675,735,2940
"39426",4430,886,3544
"39427",4345,869,3476
"39428",3935,787,3148
"39429",4620,924,3696
"39430",3645,729,2916
"39431",6985,1397,5588
"39432",4530,906,3624
"39433",4980,996,3984
"39434",6510,1302,5208
"39435",4780,956,3824
"39436",4795,959,3836
"39437",4555,911,3644
"39438",5535,1107,4428
"39439",4650,930,3720
"39440",4585,917,3668
"39441",5095,1019,4076
"39442",3980,796,3184
"39443",6395,1279,5116
"39444",5220,1044,4176
"39445",6100,1220,4880
"39446",5095,1019,4076
"39447",4060,812,3248
"39448",3660,732,2928
"39449",3895,779,3116
"39450",4815,963,3852
"39451",4320,864,3456
"39452",6780,1356,5424
"39453",4855,971,3884
"39454",4810,962,3848
"39455",4505,901,3604
"39456",4360,872,3488
"39457",4445,889,3556
"39458",5030,1006,4024
"39459",5200,1040,4160
"39460",3965,793,3172
"39461",6090,1218,4872
"39462",4500,900,3600
"39463",4960,992,3968
"39464",5615,1123,4492
"39465",5230,1046,4184
"39466",4445,889,3556
"39467",3870,774,3096
"39468",4010,802,3208
"39469",4710,942,3768
"39470",4130,826,3304
"39471",4060,812,3248
"39472",3995,799,3196
"39473",4175,835,3340
"39474",4190,838,3352
"39475",3550,710,2840
"39476",4785,957,3828
"39477",4795,959,3836
"39478",4920,984,3936
"39479",3725,745,2980
"39480",4150,830,3320
"39481",4885,977,3908
"39482",3435,687,2748
"39483",4085,817,3268
"39484",4275,855,3420
"39485",5005,1001,4004
"39486",4515,903,3612
"39487",4415,883,3532
"39488",4335,867,3468
"39489",4275,855,3420
"39490",4935,987,3948
"39491",4670,934,3736
"39492",5065,1013,4052
"39493",4790,958,3832
"39494",5340,1068,4272
"39495",4700,940,3760
"39496",4135,827,3308
"39497",4450,890,3560
"39498",5405,1081,4324
"39499",3565,713,2852
"39500",5420,1084,4336
"39501",5175,1035,4140
"39502",4705,941,3764
"39503",4380,876,3504
"39504",6690,1338,5352
"39505",3695,739,2956
"39506",4145,829,3316
"39507",6235,1247,4988
"39508",6255,1251,5004
"39509",4165,833,3332
"39510",4860,972,3888
"39511",6030,1206,4824
"39512",4280,856,3424
"39513",5185,1037,4148
"39514",4660,932,3728
"39515",4020,804,3216
"39516",4265,853,3412
"39517",4800,960,3840
"39518",5415,1083,4332
"39519",5225,1045,4180
"39520",4145,829,3316
"39521",4740,948,3792
"39522",4985,997,3988
"39523",3955,791,3164
"39524",4775,955,3820
"39525",5015,1003,4012
"39526",5110,1022,4088
"39527",3900,780,3120
"39528",4680,936,3744
"39529",4115,823,3292
"39530",4795,959,3836
"39531",4945,989,3956
"39532",4530,906,3624
"39533",5365,1073,4292
"39534",5375,1075,4300
"39535",4845,969,3876
"39536",5620,1124,4496
"39537",5285,1057,4228
"39538",4535,907,3628
"39539",5080,1016,4064
"39540",4185,837,3348
"39541",4460,892,3568
"39542",4535,907,3628
"39543",5925,1185,4740
"39544",4410,882,3528
"39545",4510,902,3608
"39546",5095,1019,4076
"39547",7015,1403,5612
"39548",3765,753,3012
"39549",4045,809,3236
"39550",4280,856,3424
"39551",6010,1202,4808
"39552",4225,845,3380
"39553",4745,949,3796
"39554",4290,858,3432
"39555",4770,954,3816
"39556",3925,785,3140
"39557",3290,658,2632
"39558",5340,1068,4272
"39559",5370,1074,4296
"39560",5270,1054,4216
"39561",3905,781,3124
"39562",3940,788,3152
"39563",5800,1160,4640
"39564",4395,879,3516
"39565",4250,850,3400
"39566",5575,1115,4460
"39567",4770,954,3816
"39568",4190,838,3352
"39569",5855,1171,4684
"39570",6310,1262,5048
"39571",5415,1083,4332
"39572",4950,990,3960
"39573",6095,1219,4876
"39574",4975,995,3980
"39575",3770,754,3016
"39576",3610,722,2888
"39577",5030,1006,4024
"39578",4090,818,3272
"39579",4635,927,3708
"39580",4230,846,3384
"39581",6300,1260,5040
"39582",4045,809,3236
"39583",4245,849,3396
"39584",4660,932,3728
"39585",4940,988,3952
"39586",5360,1072,4288
"39587",3600,720,2880
"39588",4410,882,3528
"39589",3180,636,2544
"39590",5830,1166,4664
"39591",4855,971,3884
"39592",4420,884,3536
"39593",4970,994,3976
"39594",3720,744,2976
"39595",4510,902,3608
"39596",3245,649,2596
"39597",4875,975,3900
"39598",4635,927,3708
"39599",5905,1181,4724
"39600",3795,759,3036
"39601",4360,872,3488
"39602",4395,879,3516
"39603",3765,753,3012
"39604",4555,911,3644
"39605",4305,861,3444
"39606",4780,956,3824
"39607",4575,915,3660
"39608",6110,1222,4888
"39609",3720,744,2976
"39610",4780,956,3824
"39611",4610,922,3688
"39612",4785,957,3828
"39613",5395,1079,4316
"39614",6830,1366,5464
"39615",5130,1026,4104
"39616",5390,1078,4312
"39617",5460,1092,4368
"39618",4055,811,3244
"39619",4455,891,3564
"39620",3730,746,2984
"39621",6085,1217,4868
"39622",3705,741,2964
"39623",4935,987,3948
"39624",4240,848,3392
"39625",3730,746,2984
"39626",4850,970,3880
"39627",4480,896,3584
"39628",3910,782,3128
"39629",4310,862,3448
"39630",3750,750,3000
"39631",4150,830,3320
"39632",4060,812,3248
"39633",3660,732,2928
"39634",6060,1212,4848
"39635",5795,1159,4636
"39636",4695,939,3756
"39637",4895,979,3916
"39638",4120,824,3296
"39639",3720,744,2976
"39640",4290,858,3432
"39641",4370,874,3496
"39642",4815,963,3852
"39643",5835,1167,4668
"39644",3815,763,3052
"39645",5335,1067,4268
"39646",4665,933,3732
"39647",4375,875,3500
"39648",5500,1100,4400
"39649",5750,1150,4600
"39650",7830,1566,6264
"39651",4050,810,3240
"39652",4370,874,3496
"39653",4950,990,3960
"39654",5745,1149,4596
"39655",4935,987,3948
"39656",4010,802,3208
"39657",4210,842,3368
"39658",4130,826,3304
"39659",4265,853,3412
"39660",5090,1018,4072
"39661",5105,1021,4084
"39662",3740,748,2992
"39663",4220,844,3376
"39664",6305,1261,5044
"39665",4745,949,3796
"39666",4475,895,3580
"39667",6690,1338,5352
"39668",4480,896,3584
"39669",4665,933,3732
"39670",4345,869,3476
"39671",4510,902,3608
"39672",4830,966,3864
"39673",4275,855,3420
"39674",3870,774,3096
"39675",4080,816,3264
"39676",4720,944,3776
"39677",6240,1248,4992
"39678",3510,702,2808
"39679",4695,939,3756
"39680",4085,817,3268
"39681",4225,845,3380
"39682",5105,1021,4084
"39683",4695,939,3756
"39684",3965,793,3172
"39685",3835,767,3068
"39686",6310,1262,5048
"39687",5405,1081,4324
"39688",5185,1037,4148
"39689",3940,788,3152
"39690",4370,874,3496
"39691",5075,1015,4060
"39692",5755,1151,4604
"39693",4500,900,3600
"39694",4130,826,3304
"39695",5815,1163,4652
"39696",4790,958,3832
"39697",3890,778,3112
"39698",4170,834,3336
"39699",3780,756,3024
"39700",5300,1060,4240
"39701",4390,878,3512
"39702",3650,730,2920
"39703",4695,939,3756
"39704",4770,954,3816
"39705",4230,846,3384
"39706",4445,889,3556
"39707",4955,991,3964
"39708",3875,775,3100
"39709",5940,1188,4752
"39710",3950,790,3160
"39711",5550,1110,4440
"39712",6195,1239,4956
"39713",4625,925,3700
"39714",4075,815,3260
"39715",5850,1170,4680
"39716",4400,880,3520
"39717",4740,948,3792
"39718",5905,1181,4724
"39719",5030,1006,4024
"39720",5815,1163,4652
"39721",6100,1220,4880
"39722",4785,957,3828
"39723",4530,906,3624
"39724",4230,846,3384
"39725",4720,944,3776
"39726",5665,1133,4532
"39727",4555,911,3644
"39728",4785,957,3828
"39729",4205,841,3364
"39730",6555,1311,5244
"39731",4850,970,3880
"39732",4150,830,3320
"39733",4255,851,3404
"39734",3770,754,3016
"39735",3470,694,2776
"39736",5745,1149,4596
"39737",3830,766,3064
"39738",5565,1113,4452
"39739",3295,659,2636
"39740",5395,1079,4316
"39741",5345,1069,4276
"39742",4365,873,3492
"39743",4595,919,3676
"39744",3735,747,2988
"39745",4705,941,3764
"39746",3325,665,2660
"39747",4075,815,3260
"39748",4870,974,3896
"39749",5855,1171,4684
"39750",6270,1254,5016
"39751",3830,766,3064
"39752",4510,902,3608
"39753",4940,988,3952
"39754",4700,940,3760
"39755",5450,1090,4360
"39756",6230,1246,4984
"39757",5090,1018,4072
"39758",4340,868,3472
"39759",4725,945,3780
"39760",4095,819,3276
"39761",3745,749,2996
"39762",4110,822,3288
"39763",4735,947,3788
"39764",4575,915,3660
"39765",4340,868,3472
"39766",6520,1304,5216
"39767",4775,955,3820
"39768",4130,826,3304
"39769",4680,936,3744
"39770",5280,1056,4224
"39771",4720,944,3776
"39772",4825,965,3860
"39773",4805,961,3844
"39774",4415,883,3532
"39775",3935,787,3148
"39776",5500,1100,4400
"39777",6015,1203,4812
"39778",4360,872,3488
"39779",4685,937,3748
"39780",4955,991,3964
"39781",4030,806,3224
"39782",4695,939,3756
"39783",4020,804,3216
"39784",5165,1033,4132
"39785",6225,1245,4980
"39786",4765,953,3812
"39787",5310,1062,4248
"39788",5180,1036,4144
"39789",4275,855,3420
"39790",3775,755,3020
"39791",5140,1028,4112
"39792",5090,1018,4072
"39793",4860,972,3888
"39794",5455,1091,4364
"39795",3350,670,2680
"39796",5120,1024,4096
"39797",4485,897,3588
"39798",3870,774,3096
"39799",5635,1127,4508
"39800",4925,985,3940
"39801",4430,886,3544
"39802",4700,940,3760
"39803",5275,1055,4220
"39804",5120,1024,4096
"39805",4360,872,3488
"39806",4920,984,3936
"39807",3625,725,2900
"39808",4805,961,3844
"39809",4550,910,3640
"39810",5270,1054,4216
"39811",5845,1169,4676
"39812",3730,746,2984
"39813",4090,818,3272
"39814",4300,860,3440
"39815",4890,978,3912
"39816",4535,907,3628
"39817",4740,948,3792
"39818",4340,868,3472
"39819",5210,1042,4168
"39820",8615,1723,6892
"39821",5295,1059,4236
"39822",5440,1088,4352
"39823",4500,900,3600
"39824",4295,859,3436
"39825",4725,945,3780
"39826",5715,1143,4572
"39827",6710,1342,5368
"39828",4090,818,3272
"39829",3720,744,2976
"39830",4260,852,3408
"39831",6130,1226,4904
"39832",4800,960,3840
"39833",3565,713,2852
"39834",5090,1018,4072
"39835",5405,1081,4324
"39836",3985,797,3188
"39837",3495,699,2796
"39838",4710,942,3768
"39839",3860,772,3088
"39840",4315,863,3452
"39841",5075,1015,4060
"39842",4910,982,3928
"39843",4370,874,3496
"39844",3920,784,3136
"39845",4870,974,3896
"39846",3350,670,2680
"39847",5435,1087,4348
"39848",4250,850,3400
"39849",4770,954,3816
"39850",4640,928,3712
"39851",3735,747,2988
"39852",3755,751,3004
"39853",5040,1008,4032
"39854",4595,919,3676
"39855",3375,675,2700
"39856",4155,831,3324
"39857",5825,1165,4660
"39858",4810,962,3848
"39859",4120,824,3296
"39860",4385,877,3508
"39861",4415,883,3532
"39862",6870,1374,5496
"39863",5310,1062,4248
"39864",5150,1030,4120
"39865",5945,1189,4756
"39866",5270,1054,4216
"39867",4405,881,3524
"39868",5165,1033,4132
"39869",3870,774,3096
"39870",4515,903,3612
"39871",5785,1157,4628
"39872",5195,1039,4156
"39873",4050,810,3240
"39874",5535,1107,4428
"39875",5840,1168,4672
"39876",4030,806,3224
"39877",5685,1137,4548
"39878",3935,787,3148
"39879",4550,910,3640
"39880",4570,914,3656
"39881",4415,883,3532
"39882",3420,684,2736
"39883",4370,874,3496
"39884",4955,991,3964
"39885",4080,816,3264
"39886",4420,884,3536
"39887",3710,742,2968
"39888",4025,805,3220
"39889",4115,823,3292
"39890",4005,801,3204
"39891",5640,1128,4512
"39892",4115,823,3292
"39893",4375,875,3500
"39894",4325,865,3460
"39895",4855,971,3884
"39896",4325,865,3460
"39897",3965,793,3172
"39898",4560,912,3648
"39899",5090,1018,4072
"39900",4660,932,3728
"39901",4130,826,3304
"39902",6795,1359,5436
"39903",3940,788,3152
"39904",6180,1236,4944
"39905",4125,825,3300
"39906",5510,1102,4408
"39907",5040,1008,4032
"39908",4440,888,3552
"39909",4945,989,3956
"39910",4180,836,3344
"39911",4205,841,3364
"39912",6600,1320,5280
"39913",4995,999,3996
"39914",4295,859,3436
"39915",5270,1054,4216
"39916",3135,627,2508
"39917",4505,901,3604
"39918",3520,704,2816
"39919",5190,1038,4152
"39920",5080,1016,4064
"39921",4540,908,3632
"39922",3985,797,3188
"39923",3655,731,2924
"39924",4290,858,3432
"39925",4440,888,3552
"39926",4460,892,3568
"39927",4300,860,3440
"39928",4365,873,3492
"39929",5370,1074,4296
"39930",3940,788,3152
"39931",6195,1239,4956
"39932",5165,1033,4132
"39933",5015,1003,4012
"39934",5120,1024,4096
"39935",4700,940,3760
"39936",5010,1002,4008
"39937",4200,840,3360
"39938",4650,930,3720
"39939",5385,1077,4308
"39940",3545,709,2836
"39941",4055,811,3244
"39942",4760,952,3808
"39943",4210,842,3368
"39944",4360,872,3488
"39945",7740,1548,6192
"39946",4775,955,3820
"39947",4495,899,3596
"39948",5700,1140,4560
"39949",7445,1489,5956
"39950",5750,1150,4600
"39951",4115,823,3292
"39952",4110,822,3288
"39953",3835,767,3068
"39954",4770,954,3816
"39955",4950,990,3960
"39956",3665,733,2932
"39957",5625,1125,4500
"39958",3405,681,2724
"39959",3975,795,3180
"39960",5515,1103,4412
"39961",5290,1058,4232
"39962",3900,780,3120
"39963",4565,913,3652
"39964",5480,1096,4384
"39965",4690,938,3752
"39966",3345,669,2676
"39967",4865,973,3892
"39968",4675,935,3740
"39969",4385,877,3508
"39970",4005,801,3204
"39971",4470,894,3576
"39972",3500,700,2800
"39973",4640,928,3712
"39974",4935,987,3948
"39975",3450,690,2760
"39976",4530,906,3624
"39977",6695,1339,5356
"39978",4215,843,3372
"39979",3835,767,3068
"39980",3650,730,2920
"39981",5540,1108,4432
"39982",4590,918,3672
"39983",5355,1071,4284
"39984",4235,847,3388
"39985",3245,649,2596
"39986",5455,1091,4364
"39987",4155,831,3324
"39988",4895,979,3916
"39989",4620,924,3696
"39990",3935,787,3148
"39991",4080,816,3264
"39992",4170,834,3336
"39993",4210,842,3368
"39994",5035,1007,4028
"39995",4185,837,3348
"39996",5580,1116,4464
"39997",4270,854,3416
"39998",6040,1208,4832
"39999",4335,867,3468
"40000",5065,1013,4052
"40001",4010,802,3208
"40002",4105,821,3284
"40003",5345,1069,4276
"40004",4665,933,3732
"40005",5035,1007,4028
"40006",3930,786,3144
"40007",5950,1190,4760
"40008",4020,804,3216
"40009",3675,735,2940
"40010",4870,974,3896
"40011",3660,732,2928
"40012",5710,1142,4568
"40013",4595,919,3676
"40014",5190,1038,4152
"40015",4370,874,3496
"40016",3865,773,3092
"40017",4160,832,3328
"40018",6360,1272,5088
"40019",6645,1329,5316
"40020",4740,948,3792
"40021",4125,825,3300
"40022",3270,654,2616
"40023",4960,992,3968
"40024",4525,905,3620
"40025",7930,1586,6344
"40026",3945,789,3156
"40027",4075,815,3260
"40028",4310,862,3448
"40029",3995,799,3196
"40030",4700,940,3760
"40031",3755,751,3004
"40032",3630,726,2904
"40033",5965,1193,4772
"40034",4795,959,3836
"40035",5475,1095,4380
"40036",4470,894,3576
"40037",4520,904,3616
"40038",3720,744,2976
"40039",5400,1080,4320
"40040",4655,931,3724
"40041",4995,999,3996
"40042",4345,869,3476
"40043",3830,766,3064
"40044",3665,733,2932
"40045",5490,1098,4392
"40046",3815,763,3052
"40047",4080,816,3264
"40048",4660,932,3728
"40049",6040,1208,4832
"40050",4150,830,3320
"40051",3760,752,3008
"40052",4035,807,3228
"40053",3900,780,3120
"40054",5150,1030,4120
"40055",5680,1136,4544
"40056",4890,978,3912
"40057",4605,921,3684
"40058",4800,960,3840
"40059",4300,860,3440
"40060",4625,925,3700
"40061",4880,976,3904
"40062",4255,851,3404
"40063",3935,787,3148
"40064",4715,943,3772
"40065",3740,748,2992
"40066",4550,910,3640
"40067",4685,937,3748
"40068",5545,1109,4436
"40069",6150,1230,4920
"40070",4340,868,3472
"40071",3735,747,2988
"40072",3455,691,2764
"40073",5070,1014,4056
"40074",5295,1059,4236
"40075",4270,854,3416
"40076",5370,1074,4296
"40077",3995,799,3196
"40078",3690,738,2952
"40079",4590,918,3672
"40080",4625,925,3700
"40081",6190,1238,4952
"40082",4535,907,3628
"40083",3605,721,2884
"40084",4455,891,3564
"40085",5300,1060,4240
"40086",5180,1036,4144
"40087",4105,821,3284
"40088",3850,770,3080
"40089",5565,1113,4452
"40090",4575,915,3660
"40091",4010,802,3208
"40092",6970,1394,5576
"40093",4450,890,3560
"40094",4005,801,3204
"40095",4395,879,3516
"40096",4130,826,3304
"40097",4990,998,3992
"40098",6655,1331,5324
"40099",4325,865,3460
"40100",6490,1298,5192
"40101",4320,864,3456
"40102",3715,743,2972
"40103",5180,1036,4144
"40104",6200,1240,4960
"40105",5250,1050,4200
"40106",5015,1003,4012
"40107",4515,903,3612
"40108",4205,841,3364
"40109",4320,864,3456
"40110",5375,1075,4300
"40111",4660,932,3728
"40112",4955,991,3964
"40113",4695,939,3756
"40114",4175,835,3340
"40115",5120,1024,4096
"40116",4290,858,3432
"40117",4260,852,3408
"40118",4635,927,3708
"40119",4905,981,3924
"40120",3345,669,2676
"40121",3840,768,3072
"40122",6400,1280,5120
"40123",3880,776,3104
"40124",4335,867,3468
"40125",5280,1056,4224
"40126",7085,1417,5668
"40127",4515,903,3612
"40128",6890,1378,5512
"40129",6945,1389,5556
"40130",6285,1257,5028
"40131",4005,801,3204
"40132",4575,915,3660
"40133",5780,1156,4624
"40134",3825,765,3060
"40135",3625,725,2900
"40136",5050,1010,4040
"40137",5105,1021,4084
"40138",4790,958,3832
"40139",4520,904,3616
"40140",3745,749,2996
"40141",5865,1173,4692
"40142",4845,969,3876
"40143",3455,691,2764
"40144",5690,1138,4552
"40145",4215,843,3372
"40146",5755,1151,4604
"40147",5590,1118,4472
"40148",4465,893,3572
"40149",5810,1162,4648
"40150",4090,818,3272
"40151",4910,982,3928
"40152",4870,974,3896
"40153",4120,824,3296
"40154",3700,740,2960
"40155",5275,1055,4220
"40156",3750,750,3000
"40157",4650,930,3720
"40158",4110,822,3288
"40159",3585,717,2868
"40160",3890,778,3112
"40161",3735,747,2988
"40162",4480,896,3584
"40163",3645,729,2916
"40164",3840,768,3072
"40165",5425,1085,4340
"40166",3675,735,2940
"40167",4615,923,3692
"40168",4220,844,3376
"40169",4830,966,3864
"40170",3835,767,3068
"40171",4135,827,3308
"40172",3845,769,3076
"40173",4390,878,3512
"40174",3595,719,2876
"40175",5915,1183,4732
"40176",6315,1263,5052
"40177",6275,1255,5020
"40178",4580,916,3664
"40179",3970,794,3176
"40180",5610,1122,4488
"40181",5305,1061,4244
"40182",5510,1102,4408
"40183",5800,1160,4640
"40184",5315,1063,4252
"40185",3810,762,3048
"40186",4815,963,3852
"40187",4535,907,3628
"40188",3765,753,3012
"40189",3900,780,3120
"40190",3990,798,3192
"40191",4930,986,3944
"40192",5370,1074,4296
"40193",4420,884,3536
"40194",6090,1218,4872
"40195",5795,1159,4636
"40196",4440,888,3552
"40197",5315,1063,4252
"40198",4280,856,3424
"40199",3920,784,3136
"40200",4115,823,3292
"40201",5520,1104,4416
"40202",3835,767,3068
"40203",4370,874,3496
"40204",3715,743,2972
"40205",5935,1187,4748
"40206",5330,1066,4264
"40207",5305,1061,4244
"40208",4410,882,3528
"40209",4595,919,3676
"40210",5725,1145,4580
"40211",4045,809,3236
"40212",4400,880,3520
"40213",4245,849,3396
"40214",4995,999,3996
"40215",3625,725,2900
"40216",3880,776,3104
"40217",4250,850,3400
"40218",5325,1065,4260
"40219",4315,863,3452
"40220",3595,719,2876
"40221",4380,876,3504
"40222",4810,962,3848
"40223",5565,1113,4452
"40224",7175,1435,5740
"40225",4255,851,3404
"40226",5450,1090,4360
"40227",5655,1131,4524
"40228",4735,947,3788
"40229",5330,1066,4264
"40230",3775,755,3020
"40231",3855,771,3084
"40232",3625,725,2900
"40233",4225,845,3380
"40234",4260,852,3408
"40235",3760,752,3008
"40236",4535,907,3628
"40237",4050,810,3240
"40238",7970,1594,6376
"40239",4245,849,3396
"40240",4145,829,3316
"40241",4250,850,3400
"40242",5305,1061,4244
"40243",3810,762,3048
"40244",4160,832,3328
"40245",3770,754,3016
"40246",4390,878,3512
"40247",5275,1055,4220
"40248",7850,1570,6280
"40249",4165,833,3332
"40250",6625,1325,5300
"40251",3790,758,3032
"40252",6070,1214,4856
"40253",7185,1437,5748
"40254",4920,984,3936
"40255",4630,926,3704
"40256",4690,938,3752
"40257",4465,893,3572
"40258",5165,1033,4132
"40259",4645,929,3716
"40260",6330,1266,5064
"40261",3930,786,3144
"40262",3850,770,3080
"40263",4965,993,3972
"40264",4540,908,3632
"40265",5375,1075,4300
"40266",5480,1096,4384
"40267",5040,1008,4032
"40268",4175,835,3340
"40269",7130,1426,5704
"40270",4615,923,3692
"40271",7030,1406,5624
"40272",4565,913,3652
"40273",4530,906,3624
"40274",5055,1011,4044
"40275",4040,808,3232
"40276",4410,882,3528
"40277",6985,1397,5588
"40278",4405,881,3524
"40279",3925,785,3140
"40280",4595,919,3676
"40281",3375,675,2700
"40282",5545,1109,4436
"40283",3665,733,2932
"40284",5140,1028,4112
"40285",4560,912,3648
"40286",4150,830,3320
"40287",6255,1251,5004
"40288",4225,845,3380
"40289",3740,748,2992
"40290",3810,762,3048
"40291",6220,1244,4976
"40292",4460,892,3568
"40293",8490,1698,6792
"40294",4795,959,3836
"40295",4745,949,3796
"40296",5095,1019,4076
"40297",3755,751,3004
"40298",4225,845,3380
"40299",4220,844,3376
"40300",6450,1290,5160
"40301",4145,829,3316
"40302",4170,834,3336
"40303",4500,900,3600
"40304",4315,863,3452
"40305",4045,809,3236
"40306",3795,759,3036
"40307",3840,768,3072
"40308",4660,932,3728
"40309",4480,896,3584
"40310",5110,1022,4088
"40311",3700,740,2960
"40312",2980,596,2384
"40313",4605,921,3684
"40314",6690,1338,5352
"40315",4505,901,3604
"40316",7210,1442,5768
"40317",6970,1394,5576
"40318",4915,983,3932
"40319",4040,808,3232
"40320",4040,808,3232
"40321",4860,972,3888
"40322",3890,778,3112
"40323",6210,1242,4968
"40324",4075,815,3260
"40325",3770,754,3016
"40326",5565,1113,4452
"40327",4830,966,3864
"40328",4215,843,3372
"40329",3665,733,2932
"40330",4170,834,3336
"40331",4685,937,3748
"40332",3800,760,3040
"40333",5225,1045,4180
"40334",4150,830,3320
"40335",4385,877,3508
"40336",4655,931,3724
"40337",4125,825,3300
"40338",4270,854,3416
"40339",5460,1092,4368
"40340",4670,934,3736
"40341",4590,918,3672
"40342",4635,927,3708
"40343",5455,1091,4364
"40344",7310,1462,5848
"40345",4475,895,3580
"40346",6110,1222,4888
"40347",6725,1345,5380
"40348",4835,967,3868
"40349",3740,748,2992
"40350",6115,1223,4892
"40351",4960,992,3968
"40352",4740,948,3792
"40353",3980,796,3184
"40354",6840,1368,5472
"40355",5955,1191,4764
"40356",3370,674,2696
"40357",4450,890,3560
"40358",4040,808,3232
"40359",4845,969,3876
"40360",3645,729,2916
"40361",5030,1006,4024
"40362",6125,1225,4900
"40363",4745,949,3796
"40364",5055,1011,4044
"40365",3895,779,3116
"40366",4870,974,3896
"40367",6165,1233,4932
"40368",4055,811,3244
"40369",4820,964,3856
"40370",4850,970,3880
"40371",3560,712,2848
"40372",5085,1017,4068
"40373",5035,1007,4028
"40374",4930,986,3944
"40375",3795,759,3036
"40376",4510,902,3608
"40377",4080,816,3264
"40378",4495,899,3596
"40379",4805,961,3844
"40380",4750,950,3800
"40381",4120,824,3296
"40382",5280,1056,4224
"40383",5355,1071,4284
"40384",4410,882,3528
"40385",5075,1015,4060
"40386",5140,1028,4112
"40387",4910,982,3928
"40388",4730,946,3784
"40389",4095,819,3276
"40390",4795,959,3836
"40391",3865,773,3092
"40392",6070,1214,4856
"40393",4475,895,3580
"40394",4185,837,3348
"40395",5255,1051,4204
"40396",4180,836,3344
"40397",4210,842,3368
"40398",4180,836,3344
"40399",3520,704,2816
"40400",3805,761,3044
"40401",4450,890,3560
"40402",4795,959,3836
"40403",3715,743,2972
"40404",4340,868,3472
"40405",4660,932,3728
"40406",4215,843,3372
"40407",4570,914,3656
"40408",5510,1102,4408
"40409",4375,875,3500
"40410",5215,1043,4172
"40411",4410,882,3528
"40412",3925,785,3140
"40413",3360,672,2688
"40414",5255,1051,4204
"40415",4385,877,3508
"40416",4490,898,3592
"40417",4855,971,3884
"40418",4725,945,3780
"40419",4110,822,3288
"40420",4285,857,3428
"40421",4495,899,3596
"40422",4415,883,3532
"40423",4555,911,3644
"40424",5640,1128,4512
"40425",3720,744,2976
"40426",5545,1109,4436
"40427",4385,877,3508
"40428",3860,772,3088
"40429",4210,842,3368
"40430",3830,766,3064
"40431",3965,793,3172
"40432",5020,1004,4016
"40433",5330,1066,4264
"40434",4330,866,3464
"40435",4960,992,3968
"40436",3800,760,3040
"40437",4405,881,3524
"40438",4880,976,3904
"40439",5100,1020,4080
"40440",5080,1016,4064
"40441",3470,694,2776
"40442",5390,1078,4312
"40443",5605,1121,4484
"40444",4050,810,3240
"40445",4525,905,3620
"40446",4635,927,3708
"40447",4795,959,3836
"40448",5500,1100,4400
"40449",5460,1092,4368
"40450",4165,833,3332
"40451",5340,1068,4272
"40452",4615,923,3692
"40453",4800,960,3840
"40454",4790,958,3832
"40455",5700,1140,4560
"40456",3575,715,2860
"40457",4280,856,3424
"40458",3520,704,2816
"40459",4090,818,3272
"40460",4070,814,3256
"40461",5005,1001,4004
"40462",4255,851,3404
"40463",4570,914,3656
"40464",3960,792,3168
"40465",4810,962,3848
"40466",4075,815,3260
"40467",5950,1190,4760
"40468",5170,1034,4136
"40469",5530,1106,4424
"40470",4300,860,3440
"40471",3380,676,2704
"40472",4695,939,3756
"40473",4150,830,3320
"40474",4815,963,3852
"40475",4350,870,3480
"40476",4740,948,3792
"40477",5610,1122,4488
"40478",4000,800,3200
"40479",5700,1140,4560
"40480",4105,821,3284
"40481",5085,1017,4068
"40482",4340,868,3472
"40483",5355,1071,4284
"40484",7175,1435,5740
"40485",3830,766,3064
"40486",5230,1046,4184
"40487",6015,1203,4812
"40488",4235,847,3388
"40489",4540,908,3632
"40490",5425,1085,4340
"40491",4015,803,3212
"40492",4390,878,3512
"40493",6320,1264,5056
"40494",3615,723,2892
"40495",5945,1189,4756
"40496",3520,704,2816
"40497",3365,673,2692
"40498",4025,805,3220
"40499",4110,822,3288
"40500",3705,741,2964
"40501",5950,1190,4760
"40502",3610,722,2888
"40503",4840,968,3872
"40504",3795,759,3036
"40505",6580,1316,5264
"40506",4885,977,3908
"40507",5645,1129,4516
"40508",4115,823,3292
"40509",3935,787,3148
"40510",5505,1101,4404
"40511",5540,1108,4432
"40512",5185,1037,4148
"40513",4355,871,3484
"40514",5965,1193,4772
"40515",4145,829,3316
"40516",5085,1017,4068
"40517",4960,992,3968
"40518",5145,1029,4116
"40519",3910,782,3128
"40520",4280,856,3424
"40521",4400,880,3520
"40522",4525,905,3620
"40523",4915,983,3932
"40524",4765,953,3812
"40525",4935,987,3948
"40526",4840,968,3872
"40527",5980,1196,4784
"40528",4555,911,3644
"40529",4435,887,3548
"40530",7405,1481,5924
"40531",4595,919,3676
"40532",4505,901,3604
"40533",5455,1091,4364
"40534",5575,1115,4460
"40535",3655,731,2924
"40536",5500,1100,4400
"40537",4415,883,3532
"40538",4895,979,3916
"40539",5655,1131,4524
"40540",4255,851,3404
"40541",4705,941,3764
"40542",5960,1192,4768
"40543",5310,1062,4248
"40544",4650,930,3720
"40545",5030,1006,4024
"40546",4105,821,3284
"40547",4020,804,3216
"40548",4750,950,3800
"40549",4575,915,3660
"40550",4010,802,3208
"40551",5170,1034,4136
"40552",4150,830,3320
"40553",4285,857,3428
"40554",4850,970,3880
"40555",5060,1012,4048
"40556",5620,1124,4496
"40557",5685,1137,4548
"40558",5640,1128,4512
"40559",4820,964,3856
"40560",6095,1219,4876
"40561",4850,970,3880
"40562",5250,1050,4200
"40563",3625,725,2900
"40564",4265,853,3412
"40565",4010,802,3208
"40566",4470,894,3576
"40567",4285,857,3428
"40568",3630,726,2904
"40569",5500,1100,4400
"40570",3735,747,2988
"40571",4505,901,3604
"40572",4850,970,3880
"40573",3715,743,2972
"40574",4440,888,3552
"40575",6695,1339,5356
"40576",5350,1070,4280
"40577",4505,901,3604
"40578",7090,1418,5672
"40579",5040,1008,4032
"40580",4840,968,3872
"40581",4645,929,3716
"40582",3695,739,2956
"40583",5785,1157,4628
"40584",4615,923,3692
"40585",3800,760,3040
"40586",4245,849,3396
"40587",3585,717,2868
"40588",5010,1002,4008
"40589",4890,978,3912
"40590",5155,1031,4124
"40591",5425,1085,4340
"40592",3495,699,2796
"40593",4150,830,3320
"40594",3750,750,3000
"40595",4490,898,3592
"40596",4675,935,3740
"40597",5410,1082,4328
"40598",5000,1000,4000
"40599",4810,962,3848
"40600",4725,945,3780
"40601",6720,1344,5376
"40602",3830,766,3064
"40603",3585,717,2868
"40604",5455,1091,4364
"40605",4530,906,3624
"40606",4110,822,3288
"40607",4610,922,3688
"40608",4795,959,3836
"40609",5035,1007,4028
"40610",7315,1463,5852
"40611",4890,978,3912
"40612",4820,964,3856
"40613",4535,907,3628
"40614",4140,828,3312
"40615",4790,958,3832
"40616",4055,811,3244
"40617",5445,1089,4356
"40618",4130,826,3304
"40619",3500,700,2800
"40620",5235,1047,4188
"40621",3985,797,3188
"40622",5395,1079,4316
"40623",4145,829,3316
"40624",4200,840,3360
"40625",4575,915,3660
"40626",4550,910,3640
"40627",5335,1067,4268
"40628",5355,1071,4284
"40629",6945,1389,5556
"40630",4540,908,3632
"40631",5675,1135,4540
"40632",4840,968,3872
"40633",4680,936,3744
"40634",3395,679,2716
"40635",4770,954,3816
"40636",6850,1370,5480
"40637",5555,1111,4444
"40638",5445,1089,4356
"40639",3740,748,2992
"40640",4370,874,3496
"40641",4640,928,3712
"40642",4615,923,3692
"40643",4750,950,3800
"40644",4330,866,3464
"40645",5625,1125,4500
"40646",4380,876,3504
"40647",5880,1176,4704
"40648",5720,1144,4576
"40649",6250,1250,5000
"40650",6075,1215,4860
"40651",4780,956,3824
"40652",5495,1099,4396
"40653",4810,962,3848
"40654",5125,1025,4100
"40655",5305,1061,4244
"40656",4330,866,3464
"40657",5565,1113,4452
"40658",4070,814,3256
"40659",5435,1087,4348
"40660",4270,854,3416
"40661",4455,891,3564
"40662",5970,1194,4776
"40663",4925,985,3940
"40664",5530,1106,4424
"40665",4495,899,3596
"40666",5375,1075,4300
"40667",3615,723,2892
"40668",4220,844,3376
"40669",4260,852,3408
"40670",5465,1093,4372
"40671",4880,976,3904
"40672",7020,1404,5616
"40673",6305,1261,5044
"40674",5205,1041,4164
"40675",6045,1209,4836
"40676",4525,905,3620
"40677",4445,889,3556
"40678",3660,732,2928
"40679",4495,899,3596
"40680",5275,1055,4220
"40681",5685,1137,4548
"40682",5320,1064,4256
"40683",5975,1195,4780
"40684",4400,880,3520
"40685",4820,964,3856
"40686",4430,886,3544
"40687",5575,1115,4460
"40688",4120,824,3296
"40689",4870,974,3896
"40690",4215,843,3372
"40691",4580,916,3664
"40692",5230,1046,4184
"40693",3370,674,2696
"40694",4465,893,3572
"40695",3800,760,3040
"40696",5100,1020,4080
"40697",5995,1199,4796
"40698",4420,884,3536
"40699",5065,1013,4052
"40700",4375,875,3500
"40701",3900,780,3120
"40702",3875,775,3100
"40703",4490,898,3592
"40704",6670,1334,5336
"40705",8660,1732,6928
"40706",5045,1009,4036
"40707",6280,1256,5024
"40708",4780,956,3824
"40709",4205,841,3364
"40710",5015,1003,4012
"40711",4690,938,3752
"40712",4385,877,3508
"40713",4590,918,3672
"40714",5700,1140,4560
"40715",6690,1338,5352
"40716",4470,894,3576
"40717",5840,1168,4672
"40718",5565,1113,4452
"40719",4415,883,3532
"40720",4510,902,3608
"40721",4340,868,3472
"40722",4015,803,3212
"40723",4895,979,3916
"40724",4335,867,3468
"40725",4100,820,3280
"40726",4445,889,3556
"40727",3655,731,2924
"40728",4485,897,3588
"40729",5620,1124,4496
"40730",5165,1033,4132
"40731",4230,846,3384
"40732",4045,809,3236
"40733",5010,1002,4008
"40734",4010,802,3208
"40735",6355,1271,5084
"40736",5095,1019,4076
"40737",4865,973,3892
"40738",4070,814,3256
"40739",4500,900,3600
"40740",4910,982,3928
"40741",6280,1256,5024
"40742",3470,694,2776
"40743",4500,900,3600
"40744",4650,930,3720
"40745",4795,959,3836
"40746",3885,777,3108
"40747",3870,774,3096
"40748",4200,840,3360
"40749",4520,904,3616
"40750",5115,1023,4092
"40751",4390,878,3512
"40752",4750,950,3800
"40753",4030,806,3224
"40754",5525,1105,4420
"40755",3975,795,3180
"40756",5345,1069,4276
"40757",4835,967,3868
"40758",5035,1007,4028
"40759",4260,852,3408
"40760",6345,1269,5076
"40761",4980,996,3984
"40762",4740,948,3792
"40763",3505,701,2804
"40764",6075,1215,4860
"40765",3910,782,3128
"40766",4755,951,3804
"40767",4975,995,3980
"40768",4715,943,3772
"40769",3980,796,3184
"40770",4655,931,3724
"40771",5550,1110,4440
"40772",4560,912,3648
"40773",3820,764,3056
"40774",3920,784,3136
"40775",7295,1459,5836
"40776",4905,981,3924
"40777",5975,1195,4780
"40778",4345,869,3476
"40779",4230,846,3384
"40780",5045,1009,4036
"40781",4440,888,3552
"40782",5410,1082,4328
"40783",5960,1192,4768
"40784",4470,894,3576
"40785",5100,1020,4080
"40786",4300,860,3440
"40787",4225,845,3380
"40788",4615,923,3692
"40789",5855,1171,4684
"40790",5220,1044,4176
"40791",5135,1027,4108
"40792",5005,1001,4004
"40793",4530,906,3624
"40794",4505,901,3604
"40795",4040,808,3232
"40796",5090,1018,4072
"40797",3735,747,2988
"40798",4090,818,3272
"40799",3740,748,2992
"40800",5480,1096,4384
"40801",4575,915,3660
"40802",3840,768,3072
"40803",3660,732,2928
"40804",4170,834,3336
"40805",4135,827,3308
"40806",4440,888,3552
"40807",5555,1111,4444
"40808",5050,1010,4040
"40809",4115,823,3292
"40810",5285,1057,4228
"40811",3930,786,3144
"40812",5475,1095,4380
"40813",5690,1138,4552
"40814",5990,1198,4792
"40815",6580,1316,5264
"40816",5120,1024,4096
"40817",5645,1129,4516
"40818",4570,914,3656
"40819",4480,896,3584
"40820",4215,843,3372
"40821",4600,920,3680
"40822",3930,786,3144
"40823",5735,1147,4588
"40824",3695,739,2956
"40825",5350,1070,4280
"40826",6245,1249,4996
"40827",4680,936,3744
"40828",4700,940,3760
"40829",5070,1014,4056
"40830",4215,843,3372
"40831",5975,1195,4780
"40832",3550,710,2840
"40833",4565,913,3652
"40834",4310,862,3448
"40835",5475,1095,4380
"40836",4610,922,3688
"40837",5260,1052,4208
"40838",4495,899,3596
"40839",5015,1003,4012
"40840",4260,852,3408
"40841",4710,942,3768
"40842",4640,928,3712
"40843",4810,962,3848
"40844",5495,1099,4396
"40845",3640,728,2912
"40846",4525,905,3620
"40847",4000,800,3200
"40848",4465,893,3572
"40849",4360,872,3488
"40850",5075,1015,4060
"40851",3950,790,3160
"40852",5690,1138,4552
"40853",4900,980,3920
"40854",3670,734,2936
"40855",5950,1190,4760
"40856",6115,1223,4892
"40857",5020,1004,4016
"40858",5290,1058,4232
"40859",6320,1264,5056
"40860",3810,762,3048
"40861",5035,1007,4028
"40862",4975,995,3980
"40863",4225,845,3380
"40864",3295,659,2636
"40865",3885,777,3108
"40866",5870,1174,4696
"40867",4615,923,3692
"40868",5090,1018,4072
"40869",4720,944,3776
"40870",5480,1096,4384
"40871",5605,1121,4484
"40872",4350,870,3480
"40873",7545,1509,6036
"40874",4350,870,3480
"40875",5840,1168,4672
"40876",4115,823,3292
"40877",5410,1082,4328
"40878",5745,1149,4596
"40879",5250,1050,4200
"40880",5385,1077,4308
"40881",6455,1291,5164
"40882",5805,1161,4644
"40883",4155,831,3324
"40884",3790,758,3032
"40885",6015,1203,4812
"40886",5105,1021,4084
"40887",4320,864,3456
"40888",5595,1119,4476
"40889",6420,1284,5136
"40890",5115,1023,4092
"40891",5435,1087,4348
"40892",5205,1041,4164
"40893",5125,1025,4100
"40894",5275,1055,4220
"40895",5650,1130,4520
"40896",4710,942,3768
"40897",4580,916,3664
"40898",4660,932,3728
"40899",4950,990,3960
"40900",7355,1471,5884
"40901",3995,799,3196
"40902",4565,913,3652
"40903",5215,1043,4172
"40904",4440,888,3552
"40905",6585,1317,5268
"40906",3745,749,2996
"40907",5475,1095,4380
"40908",5015,1003,4012
"40909",4800,960,3840
"40910",4515,903,3612
"40911",4750,950,3800
"40912",4190,838,3352
"40913",4545,909,3636
"40914",5225,1045,4180
"40915",6175,1235,4940
"40916",3745,749,2996
"40917",5480,1096,4384
"40918",5265,1053,4212
"40919",5765,1153,4612
"40920",6360,1272,5088
"40921",6065,1213,4852
"40922",8295,1659,6636
"40923",3435,687,2748
"40924",4160,832,3328
"40925",3680,736,2944
"40926",4640,928,3712
"40927",4990,998,3992
"40928",5575,1115,4460
"40929",4075,815,3260
"40930",4510,902,3608
"40931",4010,802,3208
"40932",4515,903,3612
"40933",5390,1078,4312
"40934",5680,1136,4544
"40935",4250,850,3400
"40936",4505,901,3604
"40937",4780,956,3824
"40938",3570,714,2856
"40939",3790,758,3032
"40940",4905,981,3924
"40941",5175,1035,4140
"40942",4535,907,3628
"40943",5245,1049,4196
"40944",5280,1056,4224
"40945",5060,1012,4048
"40946",4050,810,3240
"40947",4845,969,3876
"40948",3595,719,2876
"40949",4850,970,3880
"40950",5915,1183,4732
"40951",4715,943,3772
"40952",4595,919,3676
"40953",3910,782,3128
"40954",4525,905,3620
"40955",6330,1266,5064
"40956",4400,880,3520
"40957",4140,828,3312
"40958",5740,1148,4592
"40959",3995,799,3196
"40960",4245,849,3396
"40961",4795,959,3836
"40962",4895,979,3916
"40963",4440,888,3552
"40964",4540,908,3632
"40965",5115,1023,4092
"40966",4545,909,3636
"40967",6050,1210,4840
"40968",4250,850,3400
"40969",4465,893,3572
"40970",3985,797,3188
"40971",4475,895,3580
"40972",3870,774,3096
"40973",7745,1549,6196
"40974",4570,914,3656
"40975",3760,752,3008
"40976",4355,871,3484
"40977",4420,884,3536
"40978",5310,1062,4248
"40979",6140,1228,4912
"40980",4270,854,3416
"40981",5140,1028,4112
"40982",5300,1060,4240
"40983",4425,885,3540
"40984",4490,898,3592
"40985",3970,794,3176
"40986",5830,1166,4664
"40987",5840,1168,4672
"40988",5355,1071,4284
"40989",4100,820,3280
"40990",4245,849,3396
"40991",4685,937,3748
"40992",4110,822,3288
"40993",5805,1161,4644
"40994",3780,756,3024
"40995",3580,716,2864
"40996",5770,1154,4616
"40997",3655,731,2924
"40998",5150,1030,4120
"40999",5125,1025,4100
"41000",5135,1027,4108
"41001",4330,866,3464
"41002",4690,938,3752
"41003",5735,1147,4588
"41004",5665,1133,4532
"41005",8820,1764,7056
"41006",4060,812,3248
"41007",4115,823,3292
"41008",4290,858,3432
"41009",5445,1089,4356
"41010",3910,782,3128
"41011",3810,762,3048
"41012",4450,890,3560
"41013",4840,968,3872
"41014",3975,795,3180
"41015",3525,705,2820
"41016",4055,811,3244
"41017",5125,1025,4100
"41018",3875,775,3100
"41019",4110,822,3288
"41020",4150,830,3320
"41021",6075,1215,4860
"41022",4910,982,3928
"41023",5195,1039,4156
"41024",4860,972,3888
"41025",5290,1058,4232
"41026",4820,964,3856
"41027",4030,806,3224
"41028",4070,814,3256
"41029",3830,766,3064
"41030",6365,1273,5092
"41031",4215,843,3372
"41032",3760,752,3008
"41033",3495,699,2796
"41034",7375,1475,5900
"41035",4225,845,3380
"41036",4830,966,3864
"41037",3970,794,3176
"41038",4980,996,3984
"41039",4340,868,3472
"41040",4245,849,3396
"41041",5355,1071,4284
"41042",5990,1198,4792
"41043",4360,872,3488
"41044",4095,819,3276
"41045",6915,1383,5532
"41046",4380,876,3504
"41047",3870,774,3096
"41048",4620,924,3696
"41049",4965,993,3972
"41050",5020,1004,4016
"41051",4490,898,3592
"41052",7095,1419,5676
"41053",4295,859,3436
"41054",3690,738,2952
"41055",3965,793,3172
"41056",5280,1056,4224
"41057",4745,949,3796
"41058",5145,1029,4116
"41059",4510,902,3608
"41060",3940,788,3152
"41061",4290,858,3432
"41062",4675,935,3740
"41063",3855,771,3084
"41064",5350,1070,4280
"41065",4585,917,3668
"41066",5130,1026,4104
"41067",4115,823,3292
"41068",5605,1121,4484
"41069",5235,1047,4188
"41070",4155,831,3324
"41071",6615,1323,5292
"41072",3750,750,3000
"41073",5185,1037,4148
"41074",4350,870,3480
"41075",4545,909,3636
"41076",4460,892,3568
"41077",6645,1329,5316
"41078",4565,913,3652
"41079",4935,987,3948
"41080",3575,715,2860
"41081",4600,920,3680
"41082",5400,1080,4320
"41083",6260,1252,5008
"41084",5425,1085,4340
"41085",3785,757,3028
"41086",4395,879,3516
"41087",4990,998,3992
"41088",5585,1117,4468
"41089",4520,904,3616
"41090",5810,1162,4648
"41091",5145,1029,4116
"41092",4755,951,3804
"41093",5480,1096,4384
"41094",4895,979,3916
"41095",4660,932,3728
"41096",4505,901,3604
"41097",4485,897,3588
"41098",4390,878,3512
"41099",5380,1076,4304
"41100",5490,1098,4392
"41101",4895,979,3916
"41102",4810,962,3848
"41103",5145,1029,4116
"41104",5335,1067,4268
"41105",3865,773,3092
"41106",4255,851,3404
"41107",4865,973,3892
"41108",6785,1357,5428
"41109",4070,814,3256
"41110",5235,1047,4188
"41111",5000,1000,4000
"41112",4755,951,3804
"41113",4155,831,3324
"41114",5680,1136,4544
"41115",5110,1022,4088
"41116",4890,978,3912
"41117",4205,841,3364
"41118",3080,616,2464
"41119",4575,915,3660
"41120",4145,829,3316
"41121",4380,876,3504
"41122",3990,798,3192
"41123",4705,941,3764
"41124",5265,1053,4212
"41125",3940,788,3152
"41126",5805,1161,4644
"41127",4555,911,3644
"41128",7395,1479,5916
"41129",6495,1299,5196
"41130",5195,1039,4156
"41131",4885,977,3908
"41132",4710,942,3768
"41133",3485,697,2788
"41134",4355,871,3484
"41135",5275,1055,4220
"41136",4330,866,3464
"41137",4035,807,3228
"41138",4800,960,3840
"41139",4020,804,3216
"41140",4820,964,3856
"41141",4850,970,3880
"41142",5410,1082,4328
"41143",4500,900,3600
"41144",4880,976,3904
"41145",3445,689,2756
"41146",5315,1063,4252
"41147",4050,810,3240
"41148",4410,882,3528
"41149",4105,821,3284
"41150",3565,713,2852
"41151",4455,891,3564
"41152",3355,671,2684
"41153",4180,836,3344
"41154",4935,987,3948
"41155",6520,1304,5216
"41156",4460,892,3568
"41157",4010,802,3208
"41158",4745,949,3796
"41159",4860,972,3888
"41160",4080,816,3264
"41161",3920,784,3136
"41162",4120,824,3296
"41163",4790,958,3832
"41164",5320,1064,4256
"41165",5460,1092,4368
"41166",6980,1396,5584
"41167",3265,653,2612
"41168",7390,1478,5912
"41169",5575,1115,4460
"41170",4260,852,3408
"41171",4330,866,3464
"41172",4625,925,3700
"41173",4935,987,3948
"41174",5320,1064,4256
"41175",4065,813,3252
"41176",4750,950,3800
"41177",6660,1332,5328
"41178",4745,949,3796
"41179",4530,906,3624
"41180",4865,973,3892
"41181",5775,1155,4620
"41182",4520,904,3616
"41183",5475,1095,4380
"41184",5400,1080,4320
"41185",5275,1055,4220
"41186",4350,870,3480
"41187",4615,923,3692
"41188",4995,999,3996
"41189",4940,988,3952
"41190",4515,903,3612
"41191",4400,880,3520
"41192",3595,719,2876
"41193",3590,718,2872
"41194",4995,999,3996
"41195",5435,1087,4348
"41196",4765,953,3812
"41197",4520,904,3616
"41198",6840,1368,5472
"41199",4575,915,3660
"41200",3920,784,3136
"41201",4610,922,3688
"41202",4230,846,3384
"41203",4395,879,3516
"41204",5010,1002,4008
"41205",5000,1000,4000
"41206",4575,915,3660
"41207",6635,1327,5308
"41208",4535,907,3628
"41209",4560,912,3648
"41210",4125,825,3300
"41211",5885,1177,4708
"41212",3995,799,3196
"41213",5125,1025,4100
"41214",8160,1632,6528
"41215",3905,781,3124
"41216",4390,878,3512
"41217",5645,1129,4516
"41218",4195,839,3356
"41219",4785,957,3828
"41220",6185,1237,4948
"41221",3680,736,2944
"41222",5780,1156,4624
"41223",5775,1155,4620
"41224",3885,777,3108
"41225",3940,788,3152
"41226",4220,844,3376
"41227",3920,784,3136
"41228",5680,1136,4544
"41229",5865,1173,4692
"41230",3595,719,2876
"41231",4060,812,3248
"41232",4130,826,3304
"41233",4205,841,3364
"41234",4790,958,3832
"41235",3995,799,3196
"41236",4115,823,3292
"41237",4490,898,3592
"41238",4505,901,3604
"41239",4460,892,3568
"41240",5630,1126,4504
"41241",3900,780,3120
"41242",5655,1131,4524
"41243",4775,955,3820
"41244",6325,1265,5060
"41245",6520,1304,5216
"41246",4725,945,3780
"41247",5055,1011,4044
"41248",4715,943,3772
"41249",4120,824,3296
"41250",4665,933,3732
"41251",3615,723,2892
"41252",4020,804,3216
"41253",4895,979,3916
"41254",4470,894,3576
"41255",3860,772,3088
"41256",3820,764,3056
"41257",5115,1023,4092
"41258",5680,1136,4544
"41259",4620,924,3696
"41260",4350,870,3480
"41261",5690,1138,4552
"41262",6370,1274,5096
"41263",4255,851,3404
"41264",4640,928,3712
"41265",5850,1170,4680
"41266",3820,764,3056
"41267",4905,981,3924
"41268",6695,1339,5356
"41269",5360,1072,4288
"41270",4505,901,3604
"41271",4380,876,3504
"41272",4825,965,3860
"41273",5145,1029,4116
"41274",5935,1187,4748
"41275",3795,759,3036
"41276",5375,1075,4300
"41277",4355,871,3484
"41278",4140,828,3312
"41279",4840,968,3872
"41280",4615,923,3692
"41281",4535,907,3628
"41282",4440,888,3552
"41283",5215,1043,4172
"41284",4875,975,3900
"41285",3565,713,2852
"41286",4995,999,3996
"41287",3470,694,2776
"41288",3525,705,2820
"41289",4760,952,3808
"41290",3820,764,3056
"41291",3900,780,3120
"41292",5600,1120,4480
"41293",4805,961,3844
"41294",4875,975,3900
"41295",4490,898,3592
"41296",4805,961,3844
"41297",4460,892,3568
"41298",4660,932,3728
"41299",4420,884,3536
"41300",4940,988,3952
"41301",3805,761,3044
"41302",4490,898,3592
"41303",4255,851,3404
"41304",4240,848,3392
"41305",4060,812,3248
"41306",4880,976,3904
"41307",4505,901,3604
"41308",4640,928,3712
"41309",3975,795,3180
"41310",4815,963,3852
"41311",4870,974,3896
"41312",5260,1052,4208
"41313",4950,990,3960
"41314",4350,870,3480
"41315",4900,980,3920
"41316",3925,785,3140
"41317",3990,798,3192
"41318",4540,908,3632
"41319",4990,998,3992
"41320",4195,839,3356
"41321",4835,967,3868
"41322",5485,1097,4388
"41323",4985,997,3988
"41324",4395,879,3516
"41325",4535,907,3628
"41326",4775,955,3820
"41327",4270,854,3416
"41328",4280,856,3424
"41329",4175,835,3340
"41330",3970,794,3176
"41331",3685,737,2948
"41332",6250,1250,5000
"41333",5680,1136,4544
"41334",4130,826,3304
"41335",6515,1303,5212
"41336",5235,1047,4188
"41337",4680,936,3744
"41338",4395,879,3516
"41339",3385,677,2708
"41340",3920,784,3136
"41341",4545,909,3636
"41342",3330,666,2664
"41343",4980,996,3984
"41344",4220,844,3376
"41345",3830,766,3064
"41346",3535,707,2828
"41347",4890,978,3912
"41348",4885,977,3908
"41349",4150,830,3320
"41350",3430,686,2744
"41351",5470,1094,4376
"41352",4570,914,3656
"41353",4105,821,3284
"41354",4660,932,3728
"41355",4245,849,3396
"41356",4220,844,3376
"41357",6080,1216,4864
"41358",5430,1086,4344
"41359",3565,713,2852
"41360",4990,998,3992
"41361",6720,1344,5376
"41362",4965,993,3972
"41363",3440,688,2752
"41364",4225,845,3380
"41365",4960,992,3968
"41366",5480,1096,4384
"41367",4920,984,3936
"41368",3650,730,2920
"41369",6870,1374,5496
"41370",5085,1017,4068
"41371",4480,896,3584
"41372",4085,817,3268
"41373",4570,914,3656
"41374",5060,1012,4048
"41375",4220,844,3376
"41376",3745,749,2996
"41377",4425,885,3540
"41378",4055,811,3244
"41379",4115,823,3292
"41380",4620,924,3696
"41381",3650,730,2920
"41382",4175,835,3340
"41383",4665,933,3732
"41384",4010,802,3208
"41385",4405,881,3524
"41386",3115,623,2492
"41387",4105,821,3284
"41388",5020,1004,4016
"41389",5570,1114,4456
"41390",5120,1024,4096
"41391",4770,954,3816
"41392",4950,990,3960
"41393",4290,858,3432
"41394",4750,950,3800
"41395",4755,951,3804
"41396",4385,877,3508
"41397",4750,950,3800
"41398",4805,961,3844
"41399",4060,812,3248
"41400",4920,984,3936
"41401",4630,926,3704
"41402",3480,696,2784
"41403",4770,954,3816
"41404",4375,875,3500
"41405",4735,947,3788
"41406",5480,1096,4384
"41407",5365,1073,4292
"41408",4160,832,3328
"41409",3900,780,3120
"41410",3800,760,3040
"41411",4260,852,3408
"41412",3725,745,2980
"41413",3695,739,2956
"41414",4315,863,3452
"41415",6510,1302,5208
"41416",5775,1155,4620
"41417",3995,799,3196
"41418",5035,1007,4028
"41419",3775,755,3020
"41420",4145,829,3316
"41421",4050,810,3240
"41422",5720,1144,4576
"41423",4675,935,3740
"41424",5290,1058,4232
"41425",3735,747,2988
"41426",5160,1032,4128
"41427",4500,900,3600
"41428",3740,748,2992
"41429",4010,802,3208
"41430",4760,952,3808
"41431",6010,1202,4808
"41432",4415,883,3532
"41433",4230,846,3384
"41434",3610,722,2888
"41435",4465,893,3572
"41436",4320,864,3456
"41437",5750,1150,4600
"41438",4530,906,3624
"41439",4375,875,3500
"41440",4310,862,3448
"41441",4575,915,3660
"41442",4125,825,3300
"41443",6160,1232,4928
"41444",4785,957,3828
"41445",5755,1151,4604
"41446",4445,889,3556
"41447",5480,1096,4384
"41448",5135,1027,4108
"41449",4555,911,3644
"41450",4130,826,3304
"41451",5845,1169,4676
"41452",6105,1221,4884
"41453",4545,909,3636
"41454",5620,1124,4496
"41455",4360,872,3488
"41456",4810,962,3848
"41457",4990,998,3992
"41458",3875,775,3100
"41459",5195,1039,4156
"41460",4570,914,3656
"41461",4340,868,3472
"41462",4350,870,3480
"41463",4410,882,3528
"41464",4315,863,3452
"41465",3865,773,3092
"41466",4180,836,3344
"41467",5275,1055,4220
"41468",3985,797,3188
"41469",5315,1063,4252
"41470",5825,1165,4660
"41471",4585,917,3668
"41472",4250,850,3400
"41473",3595,719,2876
"41474",4445,889,3556
"41475",5070,1014,4056
"41476",6245,1249,4996
"41477",5700,1140,4560
"41478",4395,879,3516
"41479",3545,709,2836
"41480",5640,1128,4512
"41481",3905,781,3124
"41482",8105,1621,6484
"41483",4670,934,3736
"41484",4005,801,3204
"41485",4875,975,3900
"41486",4985,997,3988
"41487",4185,837,3348
"41488",4175,835,3340
"41489",4315,863,3452
"41490",4185,837,3348
"41491",5250,1050,4200
"41492",4295,859,3436
"41493",4845,969,3876
"41494",4525,905,3620
"41495",4590,918,3672
"41496",5495,1099,4396
"41497",4700,940,3760
"41498",4640,928,3712
"41499",4025,805,3220
"41500",5475,1095,4380
"41501",5695,1139,4556
"41502",3960,792,3168
"41503",3475,695,2780
"41504",4865,973,3892
"41505",3740,748,2992
"41506",4795,959,3836
"41507",4155,831,3324
"41508",4305,861,3444
"41509",3975,795,3180
"41510",3875,775,3100
"41511",5225,1045,4180
"41512",4210,842,3368
"41513",5200,1040,4160
"41514",4655,931,3724
"41515",5755,1151,4604
"41516",3550,710,2840
"41517",6125,1225,4900
"41518",5755,1151,4604
"41519",3935,787,3148
"41520",4105,821,3284
"41521",3840,768,3072
"41522",4465,893,3572
"41523",4405,881,3524
"41524",4465,893,3572
"41525",3960,792,3168
"41526",5065,1013,4052
"41527",4835,967,3868
"41528",5285,1057,4228
"41529",4135,827,3308
"41530",4485,897,3588
"41531",4905,981,3924
"41532",4450,890,3560
"41533",5115,1023,4092
"41534",3390,678,2712
"41535",4410,882,3528
"41536",5490,1098,4392
"41537",4725,945,3780
"41538",5015,1003,4012
"41539",4425,885,3540
"41540",5055,1011,4044
"41541",5940,1188,4752
"41542",3705,741,2964
"41543",5835,1167,4668
"41544",6270,1254,5016
"41545",5740,1148,4592
"41546",3495,699,2796
"41547",4960,992,3968
"41548",4350,870,3480
"41549",3805,761,3044
"41550",3610,722,2888
"41551",4495,899,3596
"41552",4620,924,3696
"41553",3785,757,3028
"41554",6605,1321,5284
"41555",5310,1062,4248
"41556",4075,815,3260
"41557",3930,786,3144
"41558",5690,1138,4552
"41559",3995,799,3196
"41560",3795,759,3036
"41561",5505,1101,4404
"41562",4550,910,3640
"41563",4320,864,3456
"41564",3910,782,3128
"41565",4780,956,3824
"41566",4870,974,3896
"41567",5540,1108,4432
"41568",4815,963,3852
"41569",4185,837,3348
"41570",5030,1006,4024
"41571",5245,1049,4196
"41572",5225,1045,4180
"41573",6650,1330,5320
"41574",6385,1277,5108
"41575",3975,795,3180
"41576",4825,965,3860
"41577",5675,1135,4540
"41578",4930,986,3944
"41579",3780,756,3024
"41580",7140,1428,5712
"41581",5000,1000,4000
"41582",5710,1142,4568
"41583",5930,1186,4744
"41584",4430,886,3544
"41585",5345,1069,4276
"41586",3630,726,2904
"41587",4320,864,3456
"41588",5300,1060,4240
"41589",4195,839,3356
"41590",4825,965,3860
"41591",3660,732,2928
"41592",4300,860,3440
"41593",8750,1750,7000
"41594",4085,817,3268
"41595",3890,778,3112
"41596",3860,772,3088
"41597",4210,842,3368
"41598",5410,1082,4328
"41599",4070,814,3256
"41600",5730,1146,4584
"41601",3840,768,3072
"41602",5110,1022,4088
"41603",3125,625,2500
"41604",3265,653,2612
"41605",5055,1011,4044
"41606",5425,1085,4340
"41607",6680,1336,5344
"41608",5895,1179,4716
"41609",4705,941,3764
"41610",4335,867,3468
"41611",3555,711,2844
"41612",3850,770,3080
"41613",4920,984,3936
"41614",3770,754,3016
"41615",4355,871,3484
"41616",3715,743,2972
"41617",3495,699,2796
"41618",5105,1021,4084
"41619",4690,938,3752
"41620",5335,1067,4268
"41621",5175,1035,4140
"41622",3275,655,2620
"41623",3565,713,2852
"41624",5560,1112,4448
"41625",3945,789,3156
"41626",5025,1005,4020
"41627",3545,709,2836
"41628",5535,1107,4428
"41629",5320,1064,4256
"41630",4555,911,3644
"41631",4940,988,3952
"41632",3840,768,3072
"41633",4645,929,3716
"41634",4155,831,3324
"41635",4030,806,3224
"41636",4420,884,3536
"41637",5445,1089,4356
"41638",4205,841,3364
"41639",5315,1063,4252
"41640",5695,1139,4556
"41641",4200,840,3360
"41642",5020,1004,4016
"41643",4925,985,3940
"41644",5675,1135,4540
"41645",5015,1003,4012
"41646",4990,998,3992
"41647",4985,997,3988
"41648",6375,1275,5100
"41649",8495,1699,6796
"41650",5190,1038,4152
"41651",4620,924,3696
"41652",4670,934,3736
"41653",4845,969,3876
"41654",8610,1722,6888
"41655",4030,806,3224
"41656",3575,715,2860
"41657",4050,810,3240
"41658",4760,952,3808
"41659",4160,832,3328
"41660",3950,790,3160
"41661",4585,917,3668
"41662",4715,943,3772
"41663",3645,729,2916
"41664",8195,1639,6556
"41665",5225,1045,4180
"41666",4310,862,3448
"41667",5575,1115,4460
"41668",4060,812,3248
"41669",4670,934,3736
"41670",5175,1035,4140
"41671",5550,1110,4440
"41672",5630,1126,4504
"41673",3910,782,3128
"41674",4270,854,3416
"41675",4200,840,3360
"41676",4195,839,3356
"41677",4700,940,3760
"41678",3910,782,3128
"41679",3120,624,2496
"41680",4670,934,3736
"41681",6325,1265,5060
"41682",4450,890,3560
"41683",3715,743,2972
"41684",5420,1084,4336
"41685",4030,806,3224
"41686",4505,901,3604
"41687",5340,1068,4272
"41688",5140,1028,4112
"41689",4845,969,3876
"41690",5130,1026,4104
"41691",4420,884,3536
"41692",6345,1269,5076
"41693",5085,1017,4068
"41694",4305,861,3444
"41695",4890,978,3912
"41696",4580,916,3664
"41697",4600,920,3680
"41698",4545,909,3636
"41699",4510,902,3608
"41700",5510,1102,4408
"41701",5450,1090,4360
"41702",5985,1197,4788
"41703",4095,819,3276
"41704",3635,727,2908
"41705",3000,600,2400
"41706",4530,906,3624
"41707",4110,822,3288
"41708",3490,698,2792
"41709",4210,842,3368
"41710",5325,1065,4260
"41711",4995,999,3996
"41712",5415,1083,4332
"41713",4585,917,3668
"41714",4405,881,3524
"41715",4605,921,3684
"41716",4175,835,3340
"41717",4435,887,3548
"41718",5790,1158,4632
"41719",4460,892,3568
"41720",4845,969,3876
"41721",3850,770,3080
"41722",5425,1085,4340
"41723",5830,1166,4664
"41724",5530,1106,4424
"41725",4105,821,3284
"41726",3605,721,2884
"41727",4040,808,3232
"41728",5085,1017,4068
"41729",4585,917,3668
"41730",4900,980,3920
"41731",4375,875,3500
"41732",3945,789,3156
"41733",3195,639,2556
"41734",4580,916,3664
"41735",3395,679,2716
"41736",4830,966,3864
"41737",4710,942,3768
"41738",6160,1232,4928
"41739",6285,1257,5028
"41740",5965,1193,4772
"41741",4890,978,3912
"41742",3620,724,2896
"41743",4005,801,3204
"41744",4985,997,3988
"41745",6995,1399,5596
"41746",4850,970,3880
"41747",5240,1048,4192
"41748",6075,1215,4860
"41749",4425,885,3540
"41750",4255,851,3404
"41751",4615,923,3692
"41752",4400,880,3520
"41753",7320,1464,5856
"41754",4270,854,3416
"41755",3835,767,3068
"41756",4315,863,3452
"41757",4330,866,3464
"41758",4500,900,3600
"41759",3975,795,3180
"41760",5005,1001,4004
"41761",4005,801,3204
"41762",3825,765,3060
"41763",4165,833,3332
"41764",3830,766,3064
"41765",5770,1154,4616
"41766",4830,966,3864
"41767",3825,765,3060
"41768",5890,1178,4712
"41769",5440,1088,4352
"41770",5100,1020,4080
"41771",5230,1046,4184
"41772",5375,1075,4300
"41773",4310,862,3448
"41774",4065,813,3252
"41775",6350,1270,5080
"41776",4645,929,3716
"41777",5760,1152,4608
"41778",4900,980,3920
"41779",5100,1020,4080
"41780",4860,972,3888
"41781",6085,1217,4868
"41782",4435,887,3548
"41783",4725,945,3780
"41784",5485,1097,4388
"41785",5050,1010,4040
"41786",5020,1004,4016
"41787",3700,740,2960
"41788",3630,726,2904
"41789",4445,889,3556
"41790",4460,892,3568
"41791",5265,1053,4212
"41792",5235,1047,4188
"41793",4500,900,3600
"41794",4780,956,3824
"41795",4105,821,3284
"41796",4905,981,3924
"41797",4025,805,3220
"41798",5245,1049,4196
"41799",5400,1080,4320
"41800",4150,830,3320
"41801",3935,787,3148
"41802",7030,1406,5624
"41803",4335,867,3468
"41804",4365,873,3492
"41805",3655,731,2924
"41806",5115,1023,4092
"41807",5220,1044,4176
"41808",5075,1015,4060
"41809",4390,878,3512
"41810",4725,945,3780
"41811",4940,988,3952
"41812",5815,1163,4652
"41813",4080,816,3264
"41814",4465,893,3572
"41815",5535,1107,4428
"41816",5430,1086,4344
"41817",5055,1011,4044
"41818",5540,1108,4432
"41819",5150,1030,4120
"41820",5925,1185,4740
"41821",5255,1051,4204
"41822",4790,958,3832
"41823",3905,781,3124
"41824",4745,949,3796
"41825",4885,977,3908
"41826",7110,1422,5688
"41827",3660,732,2928
"41828",4325,865,3460
"41829",3720,744,2976
"41830",5840,1168,4672
"41831",7650,1530,6120
"41832",8000,1600,6400
"41833",4235,847,3388
"41834",4585,917,3668
"41835",4605,921,3684
"41836",5085,1017,4068
"41837",4575,915,3660
"41838",4230,846,3384
"41839",5825,1165,4660
"41840",5380,1076,4304
"41841",5190,1038,4152
"41842",5660,1132,4528
"41843",4065,813,3252
"41844",3460,692,2768
"41845",5080,1016,4064
"41846",4890,978,3912
"41847",4575,915,3660
"41848",4530,906,3624
"41849",4030,806,3224
"41850",3585,717,2868
"41851",4185,837,3348
"41852",4250,850,3400
"41853",5435,1087,4348
"41854",4830,966,3864
"41855",4170,834,3336
"41856",3965,793,3172
"41857",4660,932,3728
"41858",4145,829,3316
"41859",4380,876,3504
"41860",4415,883,3532
"41861",4775,955,3820
"41862",5185,1037,4148
"41863",4605,921,3684
"41864",4525,905,3620
"41865",4530,906,3624
"41866",4080,816,3264
"41867",4255,851,3404
"41868",5275,1055,4220
"41869",6550,1310,5240
"41870",4950,990,3960
"41871",4485,897,3588
"41872",4480,896,3584
"41873",6235,1247,4988
"41874",5470,1094,4376
"41875",4655,931,3724
"41876",6255,1251,5004
"41877",4710,942,3768
"41878",4590,918,3672
"41879",6130,1226,4904
"41880",5080,1016,4064
"41881",3995,799,3196
"41882",5040,1008,4032
"41883",4880,976,3904
"41884",3990,798,3192
"41885",4545,909,3636
"41886",4690,938,3752
"41887",4140,828,3312
"41888",3905,781,3124
"41889",4380,876,3504
"41890",4870,974,3896
"41891",5280,1056,4224
"41892",5005,1001,4004
"41893",4355,871,3484
"41894",4425,885,3540
"41895",3785,757,3028
"41896",3855,771,3084
"41897",5375,1075,4300
"41898",5510,1102,4408
"41899",3865,773,3092
"41900",5300,1060,4240
"41901",5730,1146,4584
"41902",6870,1374,5496
"41903",3670,734,2936
"41904",5230,1046,4184
"41905",5420,1084,4336
"41906",3850,770,3080
"41907",5470,1094,4376
"41908",4710,942,3768
"41909",5005,1001,4004
"41910",5075,1015,4060
"41911",4640,928,3712
"41912",5085,1017,4068
"41913",4700,940,3760
"41914",5195,1039,4156
"41915",4675,935,3740
"41916",4165,833,3332
"41917",4510,902,3608
"41918",4335,867,3468
"41919",4960,992,3968
"41920",5835,1167,4668
"41921",5635,1127,4508
"41922",4870,974,3896
"41923",3615,723,2892
"41924",4480,896,3584
"41925",6855,1371,5484
"41926",4075,815,3260
"41927",3385,677,2708
"41928",3805,761,3044
"41929",5400,1080,4320
"41930",4705,941,3764
"41931",4545,909,3636
"41932",4435,887,3548
"41933",4025,805,3220
"41934",7220,1444,5776
"41935",5200,1040,4160
"41936",7010,1402,5608
"41937",4460,892,3568
"41938",5630,1126,4504
"41939",5270,1054,4216
"41940",7625,1525,6100
"41941",3745,749,2996
"41942",4335,867,3468
"41943",8180,1636,6544
"41944",4920,984,3936
"41945",4940,988,3952
"41946",5480,1096,4384
"41947",5305,1061,4244
"41948",5985,1197,4788
"41949",4035,807,3228
"41950",4530,906,3624
"41951",4010,802,3208
"41952",6035,1207,4828
"41953",5175,1035,4140
"41954",5275,1055,4220
"41955",5065,1013,4052
"41956",4350,870,3480
"41957",5390,1078,4312
"41958",4290,858,3432
"41959",5355,1071,4284
"41960",4420,884,3536
"41961",5070,1014,4056
"41962",3775,755,3020
"41963",4660,932,3728
"41964",4715,943,3772
"41965",4750,950,3800
"41966",4820,964,3856
"41967",4120,824,3296
"41968",6305,1261,5044
"41969",3960,792,3168
"41970",5515,1103,4412
"41971",3955,791,3164
"41972",5455,1091,4364
"41973",4445,889,3556
"41974",4665,933,3732
"41975",4250,850,3400
"41976",4055,811,3244
"41977",4225,845,3380
"41978",4525,905,3620
"41979",4955,991,3964
"41980",4620,924,3696
"41981",7230,1446,5784
"41982",4840,968,3872
"41983",5610,1122,4488
"41984",4140,828,3312
"41985",5745,1149,4596
"41986",4055,811,3244
"41987",4440,888,3552
"41988",3190,638,2552
"41989",3525,705,2820
"41990",5415,1083,4332
"41991",5300,1060,4240
"41992",6985,1397,5588
"41993",5320,1064,4256
"41994",4940,988,3952
"41995",3740,748,2992
"41996",4970,994,3976
"41997",5590,1118,4472
"41998",3625,725,2900
"41999",3890,778,3112
"42000",3625,725,2900
"42001",3595,719,2876
"42002",6790,1358,5432
"42003",5400,1080,4320
"42004",3985,797,3188
"42005",5650,1130,4520
"42006",3875,775,3100
"42007",4270,854,3416
"42008",4795,959,3836
"42009",5410,1082,4328
"42010",3580,716,2864
"42011",6650,1330,5320
"42012",5165,1033,4132
"42013",4655,931,3724
"42014",3740,748,2992
"42015",3990,798,3192
"42016",6095,1219,4876
"42017",5225,1045,4180
"42018",4170,834,3336
"42019",5110,1022,4088
"42020",4565,913,3652
"42021",3530,706,2824
"42022",3975,795,3180
"42023",5620,1124,4496
"42024",5535,1107,4428
"42025",5285,1057,4228
"42026",4610,922,3688
"42027",4725,945,3780
"42028",4225,845,3380
"42029",5735,1147,4588
"42030",5365,1073,4292
"42031",4550,910,3640
"42032",4735,947,3788
"42033",4535,907,3628
"42034",3640,728,2912
"42035",4075,815,3260
"42036",5645,1129,4516
"42037",5105,1021,4084
"42038",4330,866,3464
"42039",6460,1292,5168
"42040",5480,1096,4384
"42041",4950,990,3960
"42042",5155,1031,4124
"42043",5095,1019,4076
"42044",4415,883,3532
"42045",5115,1023,4092
"42046",3890,778,3112
"42047",5225,1045,4180
"42048",3900,780,3120
"42049",4750,950,3800
"42050",4385,877,3508
"42051",4565,913,3652
"42052",4075,815,3260
"42053",5525,1105,4420
"42054",4815,963,3852
"42055",4930,986,3944
"42056",3915,783,3132
"42057",4735,947,3788
"42058",4775,955,3820
"42059",6505,1301,5204
"42060",4865,973,3892
"42061",6410,1282,5128
"42062",7375,1475,5900
"42063",4690,938,3752
"42064",4340,868,3472
"42065",4195,839,3356
"42066",4810,962,3848
"42067",3710,742,2968
"42068",5305,1061,4244
"42069",4560,912,3648
"42070",4740,948,3792
"42071",4800,960,3840
"42072",3415,683,2732
"42073",5090,1018,4072
"42074",6120,1224,4896
"42075",4835,967,3868
"42076",5305,1061,4244
"42077",4910,982,3928
"42078",4560,912,3648
"42079",4915,983,3932
"42080",5325,1065,4260
"42081",6215,1243,4972
"42082",3890,778,3112
"42083",4285,857,3428
"42084",4315,863,3452
"42085",4520,904,3616
"42086",4175,835,3340
"42087",5655,1131,4524
"42088",4925,985,3940
"42089",4750,950,3800
"42090",4245,849,3396
"42091",4625,925,3700
"42092",4850,970,3880
"42093",4400,880,3520
"42094",5600,1120,4480
"42095",3985,797,3188
"42096",4710,942,3768
"42097",3465,693,2772
"42098",3735,747,2988
"42099",3600,720,2880
"42100",4270,854,3416
"42101",3570,714,2856
"42102",5155,1031,4124
"42103",3850,770,3080
"42104",5480,1096,4384
"42105",3515,703,2812
"42106",4605,921,3684
"42107",4995,999,3996
"42108",5845,1169,4676
"42109",4675,935,3740
"42110",7015,1403,5612
"42111",4410,882,3528
"42112",5020,1004,4016
"42113",5030,1006,4024
"42114",4255,851,3404
"42115",4540,908,3632
"42116",7920,1584,6336
"42117",5070,1014,4056
"42118",3805,761,3044
"42119",5230,1046,4184
"42120",5555,1111,4444
"42121",4175,835,3340
"42122",4360,872,3488
"42123",3910,782,3128
"42124",5430,1086,4344
"42125",5215,1043,4172
"42126",5460,1092,4368
"42127",7300,1460,5840
"42128",4090,818,3272
"42129",3895,779,3116
"42130",5380,1076,4304
"42131",4690,938,3752
"42132",7455,1491,5964
"42133",4710,942,3768
"42134",5215,1043,4172
"42135",4260,852,3408
"42136",5775,1155,4620
"42137",4475,895,3580
"42138",5155,1031,4124
"42139",6850,1370,5480
"42140",6150,1230,4920
"42141",5995,1199,4796
"42142",6025,1205,4820
"42143",3950,790,3160
"42144",4245,849,3396
"42145",3965,793,3172
"42146",4900,980,3920
"42147",5660,1132,4528
"42148",3820,764,3056
"42149",5265,1053,4212
"42150",5390,1078,4312
"42151",5665,1133,4532
"42152",5635,1127,4508
"42153",4320,864,3456
"42154",3760,752,3008
"42155",5320,1064,4256
"42156",4330,866,3464
"42157",6095,1219,4876
"42158",4415,883,3532
"42159",4620,924,3696
"42160",4930,986,3944
"42161",6650,1330,5320
"42162",5070,1014,4056
"42163",4050,810,3240
"42164",4225,845,3380
"42165",4725,945,3780
"42166",4630,926,3704
"42167",4485,897,3588
"42168",4600,920,3680
"42169",6190,1238,4952
"42170",5255,1051,4204
"42171",4215,843,3372
"42172",4775,955,3820
"42173",4585,917,3668
"42174",3865,773,3092
"42175",3910,782,3128
"42176",4855,971,3884
"42177",4360,872,3488
"42178",4640,928,3712
"42179",4580,916,3664
"42180",3650,730,2920
"42181",3940,788,3152
"42182",3850,770,3080
"42183",4410,882,3528
"42184",3645,729,2916
"42185",4195,839,3356
"42186",4645,929,3716
"42187",5110,1022,4088
"42188",3755,751,3004
"42189",4625,925,3700
"42190",4600,920,3680
"42191",4415,883,3532
"42192",5205,1041,4164
"42193",4375,875,3500
"42194",5425,1085,4340
"42195",4130,826,3304
"42196",5105,1021,4084
"42197",4735,947,3788
"42198",4000,800,3200
"42199",4875,975,3900
"42200",6105,1221,4884
"42201",5320,1064,4256
"42202",4025,805,3220
"42203",3995,799,3196
"42204",5065,1013,4052
"42205",4700,940,3760
"42206",4285,857,3428
"42207",3545,709,2836
"42208",5670,1134,4536
"42209",4320,864,3456
"42210",4260,852,3408
"42211",7330,1466,5864
"42212",3500,700,2800
"42213",4085,817,3268
"42214",5120,1024,4096
"42215",5705,1141,4564
"42216",4860,972,3888
"42217",5010,1002,4008
"42218",5105,1021,4084
"42219",4665,933,3732
"42220",4110,822,3288
"42221",4380,876,3504
"42222",4390,878,3512
"42223",4380,876,3504
"42224",5405,1081,4324
"42225",5555,1111,4444
"42226",5955,1191,4764
"42227",4960,992,3968
"42228",5210,1042,4168
"42229",5645,1129,4516
"42230",5510,1102,4408
"42231",4615,923,3692
"42232",4560,912,3648
"42233",4305,861,3444
"42234",4245,849,3396
"42235",4485,897,3588
"42236",4695,939,3756
"42237",3935,787,3148
"42238",4350,870,3480
"42239",4825,965,3860
"42240",7210,1442,5768
"42241",4535,907,3628
"42242",4320,864,3456
"42243",5925,1185,4740
"42244",4070,814,3256
"42245",4505,901,3604
"42246",3995,799,3196
"42247",5180,1036,4144
"42248",6270,1254,5016
"42249",5190,1038,4152
"42250",4435,887,3548
"42251",3835,767,3068
"42252",4225,845,3380
"42253",4040,808,3232
"42254",4980,996,3984
"42255",4140,828,3312
"42256",4705,941,3764
"42257",5015,1003,4012
"42258",4545,909,3636
"42259",3945,789,3156
"42260",6205,1241,4964
"42261",5095,1019,4076
"42262",3960,792,3168
"42263",3840,768,3072
"42264",3835,767,3068
"42265",5715,1143,4572
"42266",4045,809,3236
"42267",4880,976,3904
"42268",5525,1105,4420
"42269",4240,848,3392
"42270",4945,989,3956
"42271",4835,967,3868
"42272",4445,889,3556
"42273",3915,783,3132
"42274",4390,878,3512
"42275",4945,989,3956
"42276",6520,1304,5216
"42277",4370,874,3496
"42278",4250,850,3400
"42279",4285,857,3428
"42280",4990,998,3992
"42281",3840,768,3072
"42282",5760,1152,4608
"42283",7525,1505,6020
"42284",3855,771,3084
"42285",3985,797,3188
"42286",4000,800,3200
"42287",4315,863,3452
"42288",4020,804,3216
"42289",4250,850,3400
"42290",4120,824,3296
"42291",4185,837,3348
"42292",4140,828,3312
"42293",3960,792,3168
"42294",3805,761,3044
"42295",5735,1147,4588
"42296",6140,1228,4912
"42297",3595,719,2876
"42298",4120,824,3296
"42299",3385,677,2708
"42300",5155,1031,4124
"42301",3825,765,3060
"42302",4325,865,3460
"42303",4370,874,3496
"42304",4345,869,3476
"42305",4210,842,3368
"42306",4580,916,3664
"42307",4840,968,3872
"42308",3605,721,2884
"42309",4200,840,3360
"42310",7215,1443,5772
"42311",5740,1148,4592
"42312",4095,819,3276
"42313",5395,1079,4316
"42314",5520,1104,4416
"42315",4245,849,3396
"42316",4470,894,3576
"42317",5030,1006,4024
"42318",5415,1083,4332
"42319",4935,987,3948
"42320",3855,771,3084
"42321",4420,884,3536
"42322",5150,1030,4120
"42323",5830,1166,4664
"42324",3670,734,2936
"42325",4860,972,3888
"42326",4480,896,3584
"42327",3480,696,2784
"42328",5055,1011,4044
"42329",4865,973,3892
"42330",4655,931,3724
"42331",4275,855,3420
"42332",3860,772,3088
"42333",3965,793,3172
"42334",3620,724,2896
"42335",5365,1073,4292
"42336",4805,961,3844
"42337",4725,945,3780
"42338",3500,700,2800
"42339",3905,781,3124
"42340",4365,873,3492
"42341",4845,969,3876
"42342",4900,980,3920
"42343",5270,1054,4216
"42344",5675,1135,4540
"42345",4350,870,3480
"42346",4755,951,3804
"42347",4670,934,3736
"42348",4105,821,3284
"42349",5175,1035,4140
"42350",4295,859,3436
"42351",4980,996,3984
"42352",4200,840,3360
"42353",5280,1056,4224
"42354",4930,986,3944
"42355",5465,1093,4372
"42356",4530,906,3624
"42357",5965,1193,4772
"42358",4345,869,3476
"42359",7160,1432,5728
"42360",5425,1085,4340
"42361",4235,847,3388
"42362",4235,847,3388
"42363",4875,975,3900
"42364",3825,765,3060
"42365",4495,899,3596
"42366",4025,805,3220
"42367",4770,954,3816
"42368",6620,1324,5296
"42369",4955,991,3964
"42370",3880,776,3104
"42371",3620,724,2896
"42372",4365,873,3492
"42373",3605,721,2884
"42374",4835,967,3868
"42375",5405,1081,4324
"42376",6170,1234,4936
"42377",4515,903,3612
"42378",5155,1031,4124
"42379",3870,774,3096
"42380",4010,802,3208
"42381",4775,955,3820
"42382",5930,1186,4744
"42383",4415,883,3532
"42384",4060,812,3248
"42385",5290,1058,4232
"42386",5075,1015,4060
"42387",4175,835,3340
"42388",3875,775,3100
"42389",3870,774,3096
"42390",4040,808,3232
"42391",5710,1142,4568
"42392",4625,925,3700
"42393",4910,982,3928
"42394",4505,901,3604
"42395",4595,919,3676
"42396",5320,1064,4256
"42397",4825,965,3860
"42398",4385,877,3508
"42399",4690,938,3752
"42400",5255,1051,4204
"42401",4130,826,3304
"42402",4105,821,3284
"42403",4595,919,3676
"42404",4235,847,3388
"42405",3575,715,2860
"42406",4910,982,3928
"42407",4395,879,3516
"42408",6140,1228,4912
"42409",4675,935,3740
"42410",4610,922,3688
"42411",4965,993,3972
"42412",4150,830,3320
"42413",5225,1045,4180
"42414",4080,816,3264
"42415",6500,1300,5200
"42416",5145,1029,4116
"42417",3550,710,2840
"42418",4645,929,3716
"42419",4485,897,3588
"42420",4250,850,3400
"42421",3210,642,2568
"42422",4475,895,3580
"42423",4220,844,3376
"42424",4750,950,3800
"42425",5030,1006,4024
"42426",5945,1189,4756
"42427",5130,1026,4104
"42428",4420,884,3536
"42429",4925,985,3940
"42430",6945,1389,5556
"42431",3985,797,3188
"42432",3665,733,2932
"42433",6130,1226,4904
"42434",4790,958,3832
"42435",3490,698,2792
"42436",3700,740,2960
"42437",4170,834,3336
"42438",4420,884,3536
"42439",3820,764,3056
"42440",4250,850,3400
"42441",4890,978,3912
"42442",3360,672,2688
"42443",4455,891,3564
"42444",4265,853,3412
"42445",6995,1399,5596
"42446",3855,771,3084
"42447",4030,806,3224
"42448",5045,1009,4036
"42449",3870,774,3096
"42450",3835,767,3068
"42451",4225,845,3380
"42452",3675,735,2940
"42453",4355,871,3484
"42454",4070,814,3256
"42455",4025,805,3220
"42456",4140,828,3312
"42457",4805,961,3844
"42458",4470,894,3576
"42459",2990,598,2392
"42460",4300,860,3440
"42461",5725,1145,4580
"42462",4875,975,3900
"42463",3660,732,2928
"42464",4660,932,3728
"42465",4760,952,3808
"42466",4070,814,3256
"42467",4995,999,3996
"42468",4275,855,3420
"42469",4685,937,3748
"42470",4555,911,3644
"42471",5945,1189,4756
"42472",5325,1065,4260
"42473",5310,1062,4248
"42474",5685,1137,4548
"42475",4760,952,3808
"42476",3790,758,3032
"42477",7205,1441,5764
"42478",4250,850,3400
"42479",3865,773,3092
"42480",6435,1287,5148
"42481",3425,685,2740
"42482",4780,956,3824
"42483",4400,880,3520
"42484",7675,1535,6140
"42485",4535,907,3628
"42486",6045,1209,4836
"42487",4350,870,3480
"42488",6005,1201,4804
"42489",3860,772,3088
"42490",4915,983,3932
"42491",5275,1055,4220
"42492",5140,1028,4112
"42493",6940,1388,5552
"42494",3885,777,3108
"42495",4610,922,3688
"42496",6000,1200,4800
"42497",3810,762,3048
"42498",4490,898,3592
"42499",7390,1478,5912
"42500",4780,956,3824
"42501",7375,1475,5900
"42502",4685,937,3748
"42503",4780,956,3824
"42504",3665,733,2932
"42505",5255,1051,4204
"42506",4030,806,3224
"42507",3505,701,2804
"42508",5740,1148,4592
"42509",4595,919,3676
"42510",5395,1079,4316
"42511",3565,713,2852
"42512",3895,779,3116
"42513",5615,1123,4492
"42514",3845,769,3076
"42515",3750,750,3000
"42516",5060,1012,4048
"42517",5135,1027,4108
"42518",5945,1189,4756
"42519",5165,1033,4132
"42520",3995,799,3196
"42521",4225,845,3380
"42522",7185,1437,5748
"42523",3530,706,2824
"42524",4180,836,3344
"42525",4620,924,3696
"42526",4715,943,3772
"42527",4310,862,3448
"42528",4185,837,3348
"42529",4240,848,3392
"42530",5080,1016,4064
"42531",5800,1160,4640
"42532",4435,887,3548
"42533",3745,749,2996
"42534",5420,1084,4336
"42535",4910,982,3928
"42536",4295,859,3436
"42537",4840,968,3872
"42538",3795,759,3036
"42539",4240,848,3392
"42540",4605,921,3684
"42541",4370,874,3496
"42542",3600,720,2880
"42543",4540,908,3632
"42544",3520,704,2816
"42545",4015,803,3212
"42546",4950,990,3960
"42547",3820,764,3056
"42548",6340,1268,5072
"42549",4285,857,3428
"42550",3750,750,3000
"42551",4410,882,3528
"42552",3510,702,2808
"42553",3560,712,2848
"42554",4880,976,3904
"42555",4605,921,3684
"42556",4210,842,3368
"42557",5505,1101,4404
"42558",5870,1174,4696
"42559",4785,957,3828
"42560",4440,888,3552
"42561",5085,1017,4068
"42562",4035,807,3228
"42563",4420,884,3536
"42564",4995,999,3996
"42565",4150,830,3320
"42566",4170,834,3336
"42567",4925,985,3940
"42568",3750,750,3000
"42569",4075,815,3260
"42570",6925,1385,5540
"42571",5145,1029,4116
"42572",3945,789,3156
"42573",3970,794,3176
"42574",5870,1174,4696
"42575",4370,874,3496
"42576",5070,1014,4056
"42577",4830,966,3864
"42578",4765,953,3812
"42579",4380,876,3504
"42580",5290,1058,4232
"42581",4215,843,3372
"42582",4915,983,3932
"42583",5270,1054,4216
"42584",6465,1293,5172
"42585",4315,863,3452
"42586",4260,852,3408
"42587",4175,835,3340
"42588",4455,891,3564
"42589",4680,936,3744
"42590",5440,1088,4352
"42591",4110,822,3288
"42592",4970,994,3976
"42593",4340,868,3472
"42594",5765,1153,4612
"42595",4370,874,3496
"42596",5600,1120,4480
"42597",4045,809,3236
"42598",3950,790,3160
"42599",4195,839,3356
"42600",4360,872,3488
"42601",3705,741,2964
"42602",4890,978,3912
"42603",4810,962,3848
"42604",6170,1234,4936
"42605",5845,1169,4676
"42606",4080,816,3264
"42607",4730,946,3784
"42608",4745,949,3796
"42609",3770,754,3016
"42610",4790,958,3832
"42611",4085,817,3268
"42612",4350,870,3480
"42613",4685,937,3748
"42614",3375,675,2700
"42615",5220,1044,4176
"42616",3555,711,2844
"42617",3750,750,3000
"42618",3735,747,2988
"42619",3640,728,2912
"42620",4780,956,3824
"42621",6265,1253,5012
"42622",4405,881,3524
"42623",4750,950,3800
"42624",4790,958,3832
"42625",3505,701,2804
"42626",4345,869,3476
"42627",3335,667,2668
"42628",4920,984,3936
"42629",5240,1048,4192
"42630",4685,937,3748
"42631",4180,836,3344
"42632",5035,1007,4028
"42633",3145,629,2516
"42634",5085,1017,4068
"42635",4715,943,3772
"42636",3690,738,2952
"42637",4890,978,3912
"42638",4635,927,3708
"42639",5235,1047,4188
"42640",3880,776,3104
"42641",6530,1306,5224
"42642",5440,1088,4352
"42643",4035,807,3228
"42644",4280,856,3424
"42645",4815,963,3852
"42646",4340,868,3472
"42647",6270,1254,5016
"42648",5735,1147,4588
"42649",5055,1011,4044
"42650",3975,795,3180
"42651",3785,757,3028
"42652",3785,757,3028
"42653",4100,820,3280
"42654",5340,1068,4272
"42655",3610,722,2888
"42656",5905,1181,4724
"42657",4450,890,3560
"42658",4420,884,3536
"42659",5790,1158,4632
"42660",4130,826,3304
"42661",5250,1050,4200
"42662",5720,1144,4576
"42663",4360,872,3488
"42664",4080,816,3264
"42665",5515,1103,4412
"42666",4475,895,3580
"42667",4855,971,3884
"42668",4905,981,3924
"42669",4820,964,3856
"42670",4215,843,3372
"42671",6070,1214,4856
"42672",4425,885,3540
"42673",3265,653,2612
"42674",3485,697,2788
"42675",4345,869,3476
"42676",4060,812,3248
"42677",4450,890,3560
"42678",4505,901,3604
"42679",4750,950,3800
"42680",3835,767,3068
"42681",4175,835,3340
"42682",4780,956,3824
"42683",5165,1033,4132
"42684",4600,920,3680
"42685",4390,878,3512
"42686",5350,1070,4280
"42687",4200,840,3360
"42688",3800,760,3040
"42689",5250,1050,4200
"42690",4840,968,3872
"42691",4350,870,3480
"42692",5025,1005,4020
"42693",3840,768,3072
"42694",3605,721,2884
"42695",5295,1059,4236
"42696",4270,854,3416
"42697",5025,1005,4020
"42698",5245,1049,4196
"42699",3525,705,2820
"42700",5315,1063,4252
"42701",5900,1180,4720
"42702",5715,1143,4572
"42703",6320,1264,5056
"42704",4095,819,3276
"42705",4320,864,3456
"42706",5565,1113,4452
"42707",4605,921,3684
"42708",4540,908,3632
"42709",5125,1025,4100
"42710",5290,1058,4232
"42711",4120,824,3296
"42712",4110,822,3288
"42713",4685,937,3748
"42714",3875,775,3100
"42715",4970,994,3976
"42716",5210,1042,4168
"42717",5075,1015,4060
"42718",4625,925,3700
"42719",4770,954,3816
"42720",5570,1114,4456
"42721",4655,931,3724
"42722",3700,740,2960
"42723",4695,939,3756
"42724",4215,843,3372
"42725",4560,912,3648
"42726",3710,742,2968
"42727",4340,868,3472
"42728",6680,1336,5344
"42729",5505,1101,4404
"42730",4255,851,3404
"42731",4165,833,3332
"42732",4130,826,3304
"42733",4800,960,3840
"42734",3820,764,3056
"42735",5165,1033,4132
"42736",4750,950,3800
"42737",4230,846,3384
"42738",3720,744,2976
"42739",4205,841,3364
"42740",3510,702,2808
"42741",5350,1070,4280
"42742",3925,785,3140
"42743",3775,755,3020
"42744",5555,1111,4444
"42745",3885,777,3108
"42746",5385,1077,4308
"42747",4180,836,3344
"42748",3625,725,2900
"42749",4390,878,3512
"42750",4725,945,3780
"42751",3725,745,2980
"42752",4885,977,3908
"42753",4525,905,3620
"42754",6305,1261,5044
"42755",4585,917,3668
"42756",4330,866,3464
"42757",4000,800,3200
"42758",5435,1087,4348
"42759",4170,834,3336
"42760",4250,850,3400
"42761",4745,949,3796
"42762",4795,959,3836
"42763",3440,688,2752
"42764",4960,992,3968
"42765",4110,822,3288
"42766",4600,920,3680
"42767",4455,891,3564
"42768",8005,1601,6404
"42769",3460,692,2768
"42770",6150,1230,4920
"42771",4205,841,3364
"42772",5400,1080,4320
"42773",3990,798,3192
"42774",5920,1184,4736
"42775",4775,955,3820
"42776",4535,907,3628
"42777",3220,644,2576
"42778",5100,1020,4080
"42779",3850,770,3080
"42780",4450,890,3560
"42781",5875,1175,4700
"42782",4820,964,3856
"42783",4930,986,3944
"42784",5980,1196,4784
"42785",3875,775,3100
"42786",7200,1440,5760
"42787",4840,968,3872
"42788",3830,766,3064
"42789",4600,920,3680
"42790",4540,908,3632
"42791",5015,1003,4012
"42792",5200,1040,4160
"42793",5245,1049,4196
"42794",5035,1007,4028
"42795",3595,719,2876
"42796",4550,910,3640
"42797",4470,894,3576
"42798",3880,776,3104
"42799",4165,833,3332
"42800",5765,1153,4612
"42801",5605,1121,4484
"42802",4210,842,3368
"42803",6130,1226,4904
"42804",3885,777,3108
"42805",3240,648,2592
"42806",3830,766,3064
"42807",4815,963,3852
"42808",4805,961,3844
"42809",4720,944,3776
"42810",5090,1018,4072
"42811",3820,764,3056
"42812",3640,728,2912
"42813",3970,794,3176
"42814",4140,828,3312
"42815",5630,1126,4504
"42816",4550,910,3640
"42817",3940,788,3152
"42818",3670,734,2936
"42819",5090,1018,4072
"42820",4365,873,3492
"42821",4210,842,3368
"42822",3750,750,3000
"42823",5775,1155,4620
"42824",4570,914,3656
"42825",4860,972,3888
"42826",4520,904,3616
"42827",4590,918,3672
"42828",4380,876,3504
"42829",5045,1009,4036
"42830",6800,1360,5440
"42831",4420,884,3536
"42832",4805,961,3844
"42833",5025,1005,4020
"42834",4555,911,3644
"42835",4120,824,3296
"42836",3845,769,3076
"42837",4250,850,3400
"42838",4395,879,3516
"42839",4080,816,3264
"42840",5820,1164,4656
"42841",5925,1185,4740
"42842",4335,867,3468
"42843",4255,851,3404
"42844",4395,879,3516
"42845",5150,1030,4120
"42846",5200,1040,4160
"42847",3980,796,3184
"42848",5640,1128,4512
"42849",4795,959,3836
"42850",5200,1040,4160
"42851",4305,861,3444
"42852",6745,1349,5396
"42853",7475,1495,5980
"42854",4015,803,3212
"42855",4895,979,3916
"42856",4655,931,3724
"42857",3845,769,3076
"42858",4800,960,3840
"42859",3455,691,2764
"42860",4900,980,3920
"42861",6015,1203,4812
"42862",3940,788,3152
"42863",3765,753,3012
"42864",5805,1161,4644
"42865",4445,889,3556
"42866",4225,845,3380
"42867",3895,779,3116
"42868",4000,800,3200
"42869",4970,994,3976
"42870",4035,807,3228
"42871",5090,1018,4072
"42872",6250,1250,5000
"42873",4375,875,3500
"42874",4410,882,3528
"42875",4135,827,3308
"42876",4450,890,3560
"42877",6925,1385,5540
"42878",4725,945,3780
"42879",3670,734,2936
"42880",4755,951,3804
"42881",3805,761,3044
"42882",6220,1244,4976
"42883",5865,1173,4692
"42884",4365,873,3492
"42885",4370,874,3496
"42886",3990,798,3192
"42887",6065,1213,4852
"42888",4200,840,3360
"42889",5380,1076,4304
"42890",6260,1252,5008
"42891",3990,798,3192
"42892",4260,852,3408
"42893",5595,1119,4476
"42894",4230,846,3384
"42895",4560,912,3648
"42896",4265,853,3412
"42897",3750,750,3000
"42898",4580,916,3664
"42899",4385,877,3508
"42900",5955,1191,4764
"42901",4750,950,3800
"42902",5000,1000,4000
"42903",5575,1115,4460
"42904",3650,730,2920
"42905",4485,897,3588
"42906",4785,957,3828
"42907",4445,889,3556
"42908",4250,850,3400
"42909",4175,835,3340
"42910",5370,1074,4296
"42911",4435,887,3548
"42912",3335,667,2668
"42913",4200,840,3360
"42914",4740,948,3792
"42915",4495,899,3596
"42916",5125,1025,4100
"42917",4820,964,3856
"42918",5070,1014,4056
"42919",4750,950,3800
"42920",4735,947,3788
"42921",4260,852,3408
"42922",5645,1129,4516
"42923",4800,960,3840
"42924",5150,1030,4120
"42925",4660,932,3728
"42926",5340,1068,4272
"42927",3500,700,2800
"42928",4285,857,3428
"42929",4725,945,3780
"42930",6290,1258,5032
"42931",4615,923,3692
"42932",5775,1155,4620
"42933",4105,821,3284
"42934",5365,1073,4292
"42935",4290,858,3432
"42936",4360,872,3488
"42937",5295,1059,4236
"42938",4835,967,3868
"42939",4245,849,3396
"42940",5255,1051,4204
"42941",4780,956,3824
"42942",7375,1475,5900
"42943",4670,934,3736
"42944",5445,1089,4356
"42945",6185,1237,4948
"42946",5680,1136,4544
"42947",4605,921,3684
"42948",4910,982,3928
"42949",3855,771,3084
"42950",4780,956,3824
"42951",5745,1149,4596
"42952",5495,1099,4396
"42953",5180,1036,4144
"42954",4060,812,3248
"42955",5915,1183,4732
"42956",4530,906,3624
"42957",5690,1138,4552
"42958",5865,1173,4692
"42959",3950,790,3160
"42960",4555,911,3644
"42961",5015,1003,4012
"42962",5110,1022,4088
"42963",4695,939,3756
"42964",4360,872,3488
"42965",4460,892,3568
"42966",5020,1004,4016
"42967",4430,886,3544
"42968",4565,913,3652
"42969",4020,804,3216
"42970",4740,948,3792
"42971",5655,1131,4524
"42972",3625,725,2900
"42973",4525,905,3620
"42974",5620,1124,4496
"42975",5995,1199,4796
"42976",5215,1043,4172
"42977",4810,962,3848
"42978",5250,1050,4200
"42979",9570,1914,7656
"42980",6965,1393,5572
"42981",5215,1043,4172
"42982",4415,883,3532
"42983",5860,1172,4688
"42984",4345,869,3476
"42985",5345,1069,4276
"42986",4340,868,3472
"42987",4420,884,3536
"42988",4360,872,3488
"42989",4695,939,3756
"42990",3895,779,3116
"42991",5310,1062,4248
"42992",5260,1052,4208
"42993",3715,743,2972
"42994",6910,1382,5528
"42995",4680,936,3744
"42996",3945,789,3156
"42997",5905,1181,4724
"42998",4160,832,3328
"42999",6175,1235,4940
"43000",4250,850,3400
"43001",5090,1018,4072
"43002",4185,837,3348
"43003",4585,917,3668
"43004",4245,849,3396
"43005",4650,930,3720
"43006",4995,999,3996
"43007",3650,730,2920
"43008",6100,1220,4880
"43009",4155,831,3324
"43010",4690,938,3752
"43011",5765,1153,4612
"43012",5575,1115,4460
"43013",6595,1319,5276
"43014",5795,1159,4636
"43015",4650,930,3720
"43016",4700,940,3760
"43017",4570,914,3656
"43018",4500,900,3600
"43019",5180,1036,4144
"43020",4475,895,3580
"43021",5220,1044,4176
"43022",3465,693,2772
"43023",4270,854,3416
"43024",4025,805,3220
"43025",3840,768,3072
"43026",4230,846,3384
"43027",4760,952,3808
"43028",4005,801,3204
"43029",4595,919,3676
"43030",4720,944,3776
"43031",4250,850,3400
"43032",3610,722,2888
"43033",5285,1057,4228
"43034",4815,963,3852
"43035",4160,832,3328
"43036",5860,1172,4688
"43037",4595,919,3676
"43038",3955,791,3164
"43039",5190,1038,4152
"43040",4985,997,3988
"43041",3745,749,2996
"43042",5515,1103,4412
"43043",5135,1027,4108
"43044",5340,1068,4272
"43045",4190,838,3352
"43046",5395,1079,4316
"43047",5265,1053,4212
"43048",4435,887,3548
"43049",5010,1002,4008
"43050",4380,876,3504
"43051",3995,799,3196
"43052",4505,901,3604
"43053",3895,779,3116
"43054",4210,842,3368
"43055",4430,886,3544
"43056",4750,950,3800
"43057",3750,750,3000
"43058",5195,1039,4156
"43059",5310,1062,4248
"43060",4335,867,3468
"43061",4535,907,3628
"43062",5700,1140,4560
"43063",5105,1021,4084
"43064",4515,903,3612
"43065",5110,1022,4088
"43066",4355,871,3484
"43067",5065,1013,4052
"43068",4495,899,3596
"43069",3815,763,3052
"43070",4265,853,3412
"43071",4090,818,3272
"43072",3860,772,3088
"43073",6545,1309,5236
"43074",4315,863,3452
"43075",4405,881,3524
"43076",6200,1240,4960
"43077",6230,1246,4984
"43078",4745,949,3796
"43079",3660,732,2928
"43080",4780,956,3824
"43081",4985,997,3988
"43082",6405,1281,5124
"43083",3625,725,2900
"43084",4220,844,3376
"43085",4270,854,3416
"43086",5025,1005,4020
"43087",3815,763,3052
"43088",6530,1306,5224
"43089",4975,995,3980
"43090",4375,875,3500
"43091",4825,965,3860
"43092",4140,828,3312
"43093",5970,1194,4776
"43094",4365,873,3492
"43095",4535,907,3628
"43096",4060,812,3248
"43097",4635,927,3708
"43098",5075,1015,4060
"43099",4925,985,3940
"43100",3695,739,2956
"43101",3760,752,3008
"43102",3980,796,3184
"43103",3965,793,3172
"43104",5300,1060,4240
"43105",5885,1177,4708
"43106",5120,1024,4096
"43107",6490,1298,5192
"43108",4120,824,3296
"43109",5485,1097,4388
"43110",3860,772,3088
"43111",4065,813,3252
"43112",4070,814,3256
"43113",5935,1187,4748
"43114",4610,922,3688
"43115",7040,1408,5632
"43116",4515,903,3612
"43117",4220,844,3376
"43118",5135,1027,4108
"43119",5370,1074,4296
"43120",5270,1054,4216
"43121",5595,1119,4476
"43122",3735,747,2988
"43123",4070,814,3256
"43124",4910,982,3928
"43125",5350,1070,4280
"43126",4645,929,3716
"43127",3925,785,3140
"43128",3680,736,2944
"43129",4420,884,3536
"43130",4230,846,3384
"43131",7070,1414,5656
"43132",4080,816,3264
"43133",6400,1280,5120
"43134",5895,1179,4716
"43135",4700,940,3760
"43136",4380,876,3504
"43137",4615,923,3692
"43138",5335,1067,4268
"43139",4655,931,3724
"43140",4120,824,3296
"43141",4235,847,3388
"43142",5345,1069,4276
"43143",6480,1296,5184
"43144",4365,873,3492
"43145",3920,784,3136
"43146",4425,885,3540
"43147",4085,817,3268
"43148",4495,899,3596
"43149",3185,637,2548
"43150",4895,979,3916
"43151",4440,888,3552
"43152",4555,911,3644
"43153",3990,798,3192
"43154",6990,1398,5592
"43155",4035,807,3228
"43156",5265,1053,4212
"43157",5650,1130,4520
"43158",4540,908,3632
"43159",3645,729,2916
"43160",4355,871,3484
"43161",3270,654,2616
"43162",4930,986,3944
"43163",4905,981,3924
"43164",4715,943,3772
"43165",5030,1006,4024
"43166",4010,802,3208
"43167",4820,964,3856
"43168",3360,672,2688
"43169",5635,1127,4508
"43170",4655,931,3724
"43171",4835,967,3868
"43172",5935,1187,4748
"43173",7425,1485,5940
"43174",6585,1317,5268
"43175",4105,821,3284
"43176",4315,863,3452
"43177",4070,814,3256
"43178",7705,1541,6164
"43179",4455,891,3564
"43180",3530,706,2824
"43181",5320,1064,4256
"43182",4490,898,3592
"43183",4415,883,3532
"43184",4400,880,3520
"43185",4775,955,3820
"43186",3355,671,2684
"43187",5155,1031,4124
"43188",4290,858,3432
"43189",4110,822,3288
"43190",3420,684,2736
"43191",4705,941,3764
"43192",4020,804,3216
"43193",3940,788,3152
"43194",4735,947,3788
"43195",4645,929,3716
"43196",3995,799,3196
"43197",5530,1106,4424
"43198",5695,1139,4556
"43199",7200,1440,5760
"43200",5565,1113,4452
"43201",4935,987,3948
"43202",4010,802,3208
"43203",5110,1022,4088
"43204",4285,857,3428
"43205",6450,1290,5160
"43206",4675,935,3740
"43207",4475,895,3580
"43208",4915,983,3932
"43209",8630,1726,6904
"43210",3340,668,2672
"43211",4935,987,3948
"43212",4190,838,3352
"43213",3325,665,2660
"43214",4455,891,3564
"43215",5350,1070,4280
"43216",4790,958,3832
"43217",4855,971,3884
"43218",6350,1270,5080
"43219",4850,970,3880
"43220",5745,1149,4596
"43221",4290,858,3432
"43222",4925,985,3940
"43223",4530,906,3624
"43224",5250,1050,4200
"43225",4515,903,3612
"43226",4755,951,3804
"43227",3955,791,3164
"43228",3940,788,3152
"43229",3820,764,3056
"43230",4545,909,3636
"43231",4760,952,3808
"43232",5515,1103,4412
"43233",4575,915,3660
"43234",4725,945,3780
"43235",3910,782,3128
"43236",4295,859,3436
"43237",4280,856,3424
"43238",4785,957,3828
"43239",4870,974,3896
"43240",4765,953,3812
"43241",4530,906,3624
"43242",3910,782,3128
"43243",5615,1123,4492
"43244",3960,792,3168
"43245",4770,954,3816
"43246",3820,764,3056
"43247",4135,827,3308
"43248",4775,955,3820
"43249",3760,752,3008
"43250",4795,959,3836
"43251",4550,910,3640
"43252",3865,773,3092
"43253",4710,942,3768
"43254",4405,881,3524
"43255",6030,1206,4824
"43256",5105,1021,4084
"43257",4515,903,3612
"43258",4145,829,3316
"43259",3610,722,2888
"43260",3295,659,2636
"43261",6140,1228,4912
"43262",4080,816,3264
"43263",4825,965,3860
"43264",4935,987,3948
"43265",5460,1092,4368
"43266",5145,1029,4116
"43267",4050,810,3240
"43268",3645,729,2916
"43269",4385,877,3508
"43270",6060,1212,4848
"43271",4080,816,3264
"43272",5415,1083,4332
"43273",5585,1117,4468
"43274",4180,836,3344
"43275",4835,967,3868
"43276",4150,830,3320
"43277",5920,1184,4736
"43278",5335,1067,4268
"43279",5190,1038,4152
"43280",4375,875,3500
"43281",3695,739,2956
"43282",4735,947,3788
"43283",4345,869,3476
"43284",4730,946,3784
"43285",4375,875,3500
"43286",5305,1061,4244
"43287",4850,970,3880
"43288",6075,1215,4860
"43289",5335,1067,4268
"43290",4765,953,3812
"43291",3970,794,3176
"43292",4980,996,3984
"43293",4935,987,3948
"43294",4850,970,3880
"43295",4640,928,3712
"43296",4005,801,3204
"43297",3315,663,2652
"43298",5130,1026,4104
"43299",4445,889,3556
"43300",3675,735,2940
"43301",4385,877,3508
"43302",3635,727,2908
"43303",5610,1122,4488
"43304",4200,840,3360
"43305",3910,782,3128
"43306",5480,1096,4384
"43307",3930,786,3144
"43308",5110,1022,4088
"43309",5140,1028,4112
"43310",4500,900,3600
"43311",5525,1105,4420
"43312",6625,1325,5300
"43313",4140,828,3312
"43314",4550,910,3640
"43315",3855,771,3084
"43316",4410,882,3528
"43317",3460,692,2768
"43318",4310,862,3448
"43319",5445,1089,4356
"43320",5440,1088,4352
"43321",3905,781,3124
"43322",3955,791,3164
"43323",3700,740,2960
"43324",3640,728,2912
"43325",3810,762,3048
"43326",4760,952,3808
"43327",5795,1159,4636
"43328",4490,898,3592
"43329",4510,902,3608
"43330",3900,780,3120
"43331",5255,1051,4204
"43332",4970,994,3976
"43333",5210,1042,4168
"43334",5060,1012,4048
"43335",5020,1004,4016
"43336",4435,887,3548
"43337",5410,1082,4328
"43338",4290,858,3432
"43339",4860,972,3888
"43340",5280,1056,4224
"43341",4505,901,3604
"43342",4150,830,3320
"43343",4125,825,3300
"43344",4980,996,3984
"43345",5815,1163,4652
"43346",4390,878,3512
"43347",6790,1358,5432
"43348",5155,1031,4124
"43349",4160,832,3328
"43350",5075,1015,4060
"43351",4325,865,3460
"43352",3995,799,3196
"43353",3925,785,3140
"43354",4685,937,3748
"43355",3915,783,3132
"43356",5110,1022,4088
"43357",5430,1086,4344
"43358",5090,1018,4072
"43359",5720,1144,4576
"43360",5410,1082,4328
"43361",4065,813,3252
"43362",3730,746,2984
"43363",4045,809,3236
"43364",3970,794,3176
"43365",3415,683,2732
"43366",4305,861,3444
"43367",4440,888,3552
"43368",3585,717,2868
"43369",6365,1273,5092
"43370",4565,913,3652
"43371",4605,921,3684
"43372",4250,850,3400
"43373",4280,856,3424
"43374",4235,847,3388
"43375",4235,847,3388
"43376",5065,1013,4052
"43377",4590,918,3672
"43378",5100,1020,4080
"43379",5460,1092,4368
"43380",4765,953,3812
"43381",4455,891,3564
"43382",4925,985,3940
"43383",5325,1065,4260
"43384",5775,1155,4620
"43385",4070,814,3256
"43386",3815,763,3052
"43387",5420,1084,4336
"43388",5025,1005,4020
"43389",3775,755,3020
"43390",4155,831,3324
"43391",5490,1098,4392
"43392",3575,715,2860
"43393",4395,879,3516
"43394",4870,974,3896
"43395",4400,880,3520
"43396",4370,874,3496
"43397",3975,795,3180
"43398",3815,763,3052
"43399",4175,835,3340
"43400",5040,1008,4032
"43401",5310,1062,4248
"43402",3555,711,2844
"43403",4335,867,3468
"43404",4270,854,3416
"43405",4520,904,3616
"43406",5230,1046,4184
"43407",5565,1113,4452
"43408",5150,1030,4120
"43409",5320,1064,4256
"43410",4585,917,3668
"43411",3925,785,3140
"43412",3925,785,3140
"43413",5910,1182,4728
"43414",4475,895,3580
"43415",4300,860,3440
"43416",4605,921,3684
"43417",4745,949,3796
"43418",3330,666,2664
"43419",6190,1238,4952
"43420",5210,1042,4168
"43421",4200,840,3360
"43422",4475,895,3580
"43423",6010,1202,4808
"43424",4300,860,3440
"43425",3845,769,3076
"43426",4815,963,3852
"43427",4405,881,3524
"43428",4245,849,3396
"43429",3890,778,3112
"43430",4960,992,3968
"43431",6905,1381,5524
"43432",4890,978,3912
"43433",4345,869,3476
"43434",5370,1074,4296
"43435",6160,1232,4928
"43436",5515,1103,4412
"43437",5175,1035,4140
"43438",4765,953,3812
"43439",4255,851,3404
"43440",5305,1061,4244
"43441",3260,652,2608
"43442",4370,874,3496
"43443",4695,939,3756
"43444",4740,948,3792
"43445",3870,774,3096
"43446",4325,865,3460
"43447",5085,1017,4068
"43448",4155,831,3324
"43449",6775,1355,5420
"43450",3720,744,2976
"43451",3825,765,3060
"43452",3385,677,2708
"43453",4170,834,3336
"43454",4070,814,3256
"43455",4735,947,3788
"43456",6125,1225,4900
"43457",4275,855,3420
"43458",6230,1246,4984
"43459",5080,1016,4064
"43460",5405,1081,4324
"43461",6075,1215,4860
"43462",4030,806,3224
"43463",5175,1035,4140
"43464",3505,701,2804
"43465",5750,1150,4600
"43466",3625,725,2900
"43467",5565,1113,4452
"43468",3420,684,2736
"43469",4810,962,3848
"43470",3915,783,3132
"43471",4895,979,3916
"43472",3800,760,3040
"43473",4885,977,3908
"43474",3820,764,3056
"43475",4270,854,3416
"43476",4755,951,3804
"43477",5435,1087,4348
"43478",5225,1045,4180
"43479",4025,805,3220
"43480",4815,963,3852
"43481",3375,675,2700
"43482",3840,768,3072
"43483",4570,914,3656
"43484",3640,728,2912
"43485",6005,1201,4804
"43486",5550,1110,4440
"43487",4365,873,3492
"43488",4275,855,3420
"43489",4250,850,3400
"43490",6175,1235,4940
"43491",4920,984,3936
"43492",4225,845,3380
"43493",5285,1057,4228
"43494",6625,1325,5300
"43495",3915,783,3132
"43496",4720,944,3776
"43497",4795,959,3836
"43498",4930,986,3944
"43499",4035,807,3228
"43500",4570,914,3656
"43501",4005,801,3204
"43502",5430,1086,4344
"43503",4495,899,3596
"43504",5560,1112,4448
"43505",4260,852,3408
"43506",4470,894,3576
"43507",3970,794,3176
"43508",4835,967,3868
"43509",5095,1019,4076
"43510",4565,913,3652
"43511",5175,1035,4140
"43512",4760,952,3808
"43513",5480,1096,4384
"43514",3910,782,3128
"43515",3815,763,3052
"43516",3665,733,2932
"43517",4485,897,3588
"43518",4580,916,3664
"43519",4400,880,3520
"43520",4130,826,3304
"43521",5195,1039,4156
"43522",5095,1019,4076
"43523",6735,1347,5388
"43524",4265,853,3412
"43525",3990,798,3192
"43526",3860,772,3088
"43527",3775,755,3020
"43528",4465,893,3572
"43529",4145,829,3316
"43530",5780,1156,4624
"43531",4550,910,3640
"43532",5485,1097,4388
"43533",3950,790,3160
"43534",6905,1381,5524
"43535",4125,825,3300
"43536",4940,988,3952
"43537",4325,865,3460
"43538",4790,958,3832
"43539",4410,882,3528
"43540",4335,867,3468
"43541",3145,629,2516
"43542",3890,778,3112
"43543",4535,907,3628
"43544",4380,876,3504
"43545",5070,1014,4056
"43546",4710,942,3768
"43547",4365,873,3492
"43548",3980,796,3184
"43549",3525,705,2820
"43550",4435,887,3548
"43551",6535,1307,5228
"43552",4035,807,3228
"43553",4170,834,3336
"43554",5080,1016,4064
"43555",5530,1106,4424
"43556",5215,1043,4172
"43557",4030,806,3224
"43558",5175,1035,4140
"43559",4960,992,3968
"43560",4545,909,3636
"43561",4055,811,3244
"43562",3895,779,3116
"43563",4515,903,3612
"43564",4075,815,3260
"43565",4940,988,3952
"43566",3450,690,2760
"43567",6005,1201,4804
"43568",4050,810,3240
"43569",4535,907,3628
"43570",5570,1114,4456
"43571",4130,826,3304
"43572",6135,1227,4908
"43573",6665,1333,5332
"43574",5145,1029,4116
"43575",6645,1329,5316
"43576",5495,1099,4396
"43577",4655,931,3724
"43578",5695,1139,4556
"43579",5610,1122,4488
"43580",6070,1214,4856
"43581",4395,879,3516
"43582",4910,982,3928
"43583",4680,936,3744
"43584",5535,1107,4428
"43585",3850,770,3080
"43586",5380,1076,4304
"43587",4080,816,3264
"43588",3920,784,3136
"43589",4250,850,3400
"43590",4240,848,3392
"43591",4415,883,3532
"43592",4605,921,3684
"43593",5120,1024,4096
"43594",3590,718,2872
"43595",5085,1017,4068
"43596",4400,880,3520
"43597",5230,1046,4184
"43598",5260,1052,4208
"43599",5150,1030,4120
"43600",4790,958,3832
"43601",4080,816,3264
"43602",4270,854,3416
"43603",4820,964,3856
"43604",3685,737,2948
"43605",4795,959,3836
"43606",6155,1231,4924
"43607",6105,1221,4884
"43608",4480,896,3584
"43609",4875,975,3900
"43610",4770,954,3816
"43611",4175,835,3340
"43612",5065,1013,4052
"43613",4360,872,3488
"43614",5215,1043,4172
"43615",4155,831,3324
"43616",4080,816,3264
"43617",4750,950,3800
"43618",4905,981,3924
"43619",4440,888,3552
"43620",3920,784,3136
"43621",5280,1056,4224
"43622",4110,822,3288
"43623",4825,965,3860
"43624",5330,1066,4264
"43625",4695,939,3756
"43626",5420,1084,4336
"43627",3865,773,3092
"43628",4770,954,3816
"43629",6545,1309,5236
"43630",4335,867,3468
"43631",5935,1187,4748
"43632",4010,802,3208
"43633",5535,1107,4428
"43634",4530,906,3624
"43635",5990,1198,4792
"43636",5145,1029,4116
"43637",4745,949,3796
"43638",5920,1184,4736
"43639",3770,754,3016
"43640",5340,1068,4272
"43641",4055,811,3244
"43642",4905,981,3924
"43643",4685,937,3748
"43644",5610,1122,4488
"43645",3880,776,3104
"43646",5640,1128,4512
"43647",5155,1031,4124
"43648",5920,1184,4736
"43649",5125,1025,4100
"43650",4060,812,3248
"43651",5000,1000,4000
"43652",4630,926,3704
"43653",4405,881,3524
"43654",5255,1051,4204
"43655",4015,803,3212
"43656",4380,876,3504
"43657",5605,1121,4484
"43658",5020,1004,4016
"43659",4490,898,3592
"43660",3040,608,2432
"43661",4910,982,3928
"43662",4235,847,3388
"43663",3665,733,2932
"43664",6820,1364,5456
"43665",5030,1006,4024
"43666",3420,684,2736
"43667",4250,850,3400
"43668",4515,903,3612
"43669",4205,841,3364
"43670",4490,898,3592
"43671",3970,794,3176
"43672",5895,1179,4716
"43673",4555,911,3644
"43674",6865,1373,5492
"43675",4390,878,3512
"43676",3410,682,2728
"43677",4030,806,3224
"43678",6135,1227,4908
"43679",4825,965,3860
"43680",3900,780,3120
"43681",4525,905,3620
"43682",3875,775,3100
"43683",6420,1284,5136
"43684",4165,833,3332
"43685",4130,826,3304
"43686",5750,1150,4600
"43687",3835,767,3068
"43688",4540,908,3632
"43689",4475,895,3580
"43690",6915,1383,5532
"43691",4220,844,3376
"43692",5590,1118,4472
"43693",8385,1677,6708
"43694",4960,992,3968
"43695",4075,815,3260
"43696",3595,719,2876
"43697",4360,872,3488
"43698",4765,953,3812
"43699",5380,1076,4304
"43700",4200,840,3360
"43701",4660,932,3728
"43702",4325,865,3460
"43703",4815,963,3852
"43704",4435,887,3548
"43705",4475,895,3580
"43706",4895,979,3916
"43707",4415,883,3532
"43708",4645,929,3716
"43709",5690,1138,4552
"43710",3910,782,3128
"43711",4470,894,3576
"43712",6010,1202,4808
"43713",4465,893,3572
"43714",4330,866,3464
"43715",5295,1059,4236
"43716",4890,978,3912
"43717",5555,1111,4444
"43718",3985,797,3188
"43719",4225,845,3380
"43720",4040,808,3232
"43721",4570,914,3656
"43722",3985,797,3188
"43723",4815,963,3852
"43724",5760,1152,4608
"43725",3745,749,2996
"43726",4495,899,3596
"43727",4775,955,3820
"43728",4290,858,3432
"43729",4855,971,3884
"43730",3460,692,2768
"43731",4885,977,3908
"43732",4975,995,3980
"43733",3595,719,2876
"43734",5040,1008,4032
"43735",3735,747,2988
"43736",4820,964,3856
"43737",4095,819,3276
"43738",5070,1014,4056
"43739",6400,1280,5120
"43740",5530,1106,4424
"43741",4150,830,3320
"43742",4440,888,3552
"43743",4845,969,3876
"43744",4670,934,3736
"43745",4700,940,3760
"43746",4050,810,3240
"43747",3790,758,3032
"43748",5290,1058,4232
"43749",3930,786,3144
"43750",5375,1075,4300
"43751",5260,1052,4208
"43752",4600,920,3680
"43753",4500,900,3600
"43754",5105,1021,4084
"43755",5220,1044,4176
"43756",4000,800,3200
"43757",4050,810,3240
"43758",5035,1007,4028
"43759",5330,1066,4264
"43760",4415,883,3532
"43761",5060,1012,4048
"43762",5575,1115,4460
"43763",6100,1220,4880
"43764",3730,746,2984
"43765",3770,754,3016
"43766",4345,869,3476
"43767",4420,884,3536
"43768",4790,958,3832
"43769",5235,1047,4188
"43770",4480,896,3584
"43771",5585,1117,4468
"43772",4250,850,3400
"43773",4820,964,3856
"43774",4490,898,3592
"43775",5175,1035,4140
"43776",4200,840,3360
"43777",3780,756,3024
"43778",3775,755,3020
"43779",6145,1229,4916
"43780",4160,832,3328
"43781",5495,1099,4396
"43782",5955,1191,4764
"43783",3840,768,3072
"43784",4475,895,3580
"43785",4575,915,3660
"43786",4680,936,3744
"43787",4670,934,3736
"43788",4365,873,3492
"43789",6405,1281,5124
"43790",3990,798,3192
"43791",4580,916,3664
"43792",4545,909,3636
"43793",4545,909,3636
"43794",4480,896,3584
"43795",3015,603,2412
"43796",4800,960,3840
"43797",5455,1091,4364
"43798",3670,734,2936
"43799",4690,938,3752
"43800",3865,773,3092
"43801",5000,1000,4000
"43802",6025,1205,4820
"43803",5190,1038,4152
"43804",4685,937,3748
"43805",5300,1060,4240
"43806",6125,1225,4900
"43807",6795,1359,5436
"43808",4480,896,3584
"43809",4865,973,3892
"43810",4170,834,3336
"43811",3160,632,2528
"43812",3605,721,2884
"43813",4390,878,3512
"43814",6280,1256,5024
"43815",3725,745,2980
"43816",4190,838,3352
"43817",5795,1159,4636
"43818",4860,972,3888
"43819",4575,915,3660
"43820",5450,1090,4360
"43821",6705,1341,5364
"43822",5450,1090,4360
"43823",4680,936,3744
"43824",4010,802,3208
"43825",5620,1124,4496
"43826",3590,718,2872
"43827",5695,1139,4556
"43828",3425,685,2740
"43829",5340,1068,4272
"43830",4580,916,3664
"43831",3990,798,3192
"43832",4035,807,3228
"43833",4770,954,3816
"43834",4290,858,3432
"43835",4780,956,3824
"43836",4880,976,3904
"43837",5075,1015,4060
"43838",3835,767,3068
"43839",3580,716,2864
"43840",4885,977,3908
"43841",4350,870,3480
"43842",4105,821,3284
"43843",4075,815,3260
"43844",4980,996,3984
"43845",4210,842,3368
"43846",5500,1100,4400
"43847",6945,1389,5556
"43848",5035,1007,4028
"43849",4720,944,3776
"43850",4635,927,3708
"43851",5370,1074,4296
"43852",4520,904,3616
"43853",5750,1150,4600
"43854",4025,805,3220
"43855",4035,807,3228
"43856",5580,1116,4464
"43857",5505,1101,4404
"43858",6515,1303,5212
"43859",4240,848,3392
"43860",4170,834,3336
"43861",4760,952,3808
"43862",5115,1023,4092
"43863",4920,984,3936
"43864",5605,1121,4484
"43865",5575,1115,4460
"43866",6460,1292,5168
"43867",7690,1538,6152
"43868",5130,1026,4104
"43869",4625,925,3700
"43870",5780,1156,4624
"43871",5280,1056,4224
"43872",5035,1007,4028
"43873",5325,1065,4260
"43874",5285,1057,4228
"43875",3825,765,3060
"43876",4315,863,3452
"43877",3860,772,3088
"43878",4425,885,3540
"43879",4965,993,3972
"43880",3720,744,2976
"43881",6205,1241,4964
"43882",4795,959,3836
"43883",6000,1200,4800
"43884",4695,939,3756
"43885",3905,781,3124
"43886",3870,774,3096
"43887",4325,865,3460
"43888",4275,855,3420
"43889",3560,712,2848
"43890",3845,769,3076
"43891",4770,954,3816
"43892",3425,685,2740
"43893",4550,910,3640
"43894",3410,682,2728
"43895",6355,1271,5084
"43896",5020,1004,4016
"43897",5265,1053,4212
"43898",4395,879,3516
"43899",4480,896,3584
"43900",4245,849,3396
"43901",4440,888,3552
"43902",5195,1039,4156
"43903",4960,992,3968
"43904",3660,732,2928
"43905",4605,921,3684
"43906",3865,773,3092
"43907",5215,1043,4172
"43908",5430,1086,4344
"43909",3690,738,2952
"43910",4785,957,3828
"43911",4635,927,3708
"43912",6230,1246,4984
"43913",5875,1175,4700
"43914",4980,996,3984
"43915",3810,762,3048
"43916",4470,894,3576
"43917",6600,1320,5280
"43918",4360,872,3488
"43919",4365,873,3492
"43920",4355,871,3484
"43921",5515,1103,4412
"43922",5455,1091,4364
"43923",4255,851,3404
"43924",5715,1143,4572
"43925",4140,828,3312
"43926",4055,811,3244
"43927",4230,846,3384
"43928",6300,1260,5040
"43929",5580,1116,4464
"43930",3935,787,3148
"43931",4545,909,3636
"43932",4110,822,3288
"43933",4035,807,3228
"43934",4450,890,3560
"43935",3545,709,2836
"43936",4535,907,3628
"43937",4190,838,3352
"43938",4090,818,3272
"43939",4275,855,3420
"43940",4365,873,3492
"43941",7640,1528,6112
"43942",5135,1027,4108
"43943",4215,843,3372
"43944",5180,1036,4144
"43945",4925,985,3940
"43946",5145,1029,4116
"43947",3710,742,2968
"43948",5320,1064,4256
"43949",3315,663,2652
"43950",4335,867,3468
"43951",4080,816,3264
"43952",5520,1104,4416
"43953",5140,1028,4112
"43954",4235,847,3388
"43955",4235,847,3388
"43956",4630,926,3704
"43957",4200,840,3360
"43958",4025,805,3220
"43959",4440,888,3552
"43960",3610,722,2888
"43961",4605,921,3684
"43962",3890,778,3112
"43963",3800,760,3040
"43964",4790,958,3832
"43965",3340,668,2672
"43966",5330,1066,4264
"43967",4270,854,3416
"43968",5635,1127,4508
"43969",5225,1045,4180
"43970",3755,751,3004
"43971",3615,723,2892
"43972",3725,745,2980
"43973",4915,983,3932
"43974",4360,872,3488
"43975",4920,984,3936
"43976",4475,895,3580
"43977",4150,830,3320
"43978",4155,831,3324
"43979",4655,931,3724
"43980",3785,757,3028
"43981",3990,798,3192
"43982",4315,863,3452
"43983",3695,739,2956
"43984",4335,867,3468
"43985",5785,1157,4628
"43986",5720,1144,4576
"43987",4970,994,3976
"43988",4890,978,3912
"43989",3980,796,3184
"43990",4810,962,3848
"43991",3685,737,2948
"43992",7670,1534,6136
"43993",4845,969,3876
"43994",5415,1083,4332
"43995",5240,1048,4192
"43996",4555,911,3644
"43997",6485,1297,5188
"43998",4195,839,3356
"43999",4165,833,3332
"44000",4400,880,3520
"44001",6310,1262,5048
"44002",5800,1160,4640
"44003",4810,962,3848
"44004",4905,981,3924
"44005",6365,1273,5092
"44006",4195,839,3356
"44007",5635,1127,4508
"44008",5300,1060,4240
"44009",7450,1490,5960
"44010",3040,608,2432
"44011",5010,1002,4008
"44012",4530,906,3624
"44013",3865,773,3092
"44014",7435,1487,5948
"44015",3840,768,3072
"44016",4775,955,3820
"44017",5575,1115,4460
"44018",3385,677,2708
"44019",4940,988,3952
"44020",4080,816,3264
"44021",4580,916,3664
"44022",5535,1107,4428
"44023",4830,966,3864
"44024",3500,700,2800
"44025",4585,917,3668
"44026",4805,961,3844
"44027",4835,967,3868
"44028",4985,997,3988
"44029",6625,1325,5300
"44030",4350,870,3480
"44031",4505,901,3604
"44032",4225,845,3380
"44033",6680,1336,5344
"44034",4985,997,3988
"44035",4760,952,3808
"44036",4880,976,3904
"44037",4405,881,3524
"44038",6020,1204,4816
"44039",4860,972,3888
"44040",4215,843,3372
"44041",4100,820,3280
"44042",4280,856,3424
"44043",4255,851,3404
"44044",4910,982,3928
"44045",4005,801,3204
"44046",6020,1204,4816
"44047",4955,991,3964
"44048",4990,998,3992
"44049",4200,840,3360
"44050",3705,741,2964
"44051",4745,949,3796
"44052",4630,926,3704
"44053",4480,896,3584
"44054",4365,873,3492
"44055",5755,1151,4604
"44056",3290,658,2632
"44057",3900,780,3120
"44058",4180,836,3344
"44059",5045,1009,4036
"44060",5280,1056,4224
"44061",5365,1073,4292
"44062",4125,825,3300
"44063",7810,1562,6248
"44064",4220,844,3376
"44065",4505,901,3604
"44066",4015,803,3212
"44067",5030,1006,4024
"44068",4215,843,3372
"44069",3960,792,3168
"44070",4820,964,3856
"44071",4080,816,3264
"44072",3630,726,2904
"44073",5155,1031,4124
"44074",4535,907,3628
"44075",4615,923,3692
"44076",5230,1046,4184
"44077",4525,905,3620
"44078",5815,1163,4652
"44079",3755,751,3004
"44080",4380,876,3504
"44081",6175,1235,4940
"44082",3980,796,3184
"44083",5495,1099,4396
"44084",4165,833,3332
"44085",5545,1109,4436
"44086",3655,731,2924
"44087",3450,690,2760
"44088",4620,924,3696
"44089",4040,808,3232
"44090",5320,1064,4256
"44091",4210,842,3368
"44092",3735,747,2988
"44093",4195,839,3356
"44094",5290,1058,4232
"44095",4135,827,3308
"44096",5750,1150,4600
"44097",5715,1143,4572
"44098",4895,979,3916
"44099",3655,731,2924
"44100",4445,889,3556
"44101",4265,853,3412
"44102",6025,1205,4820
"44103",4660,932,3728
"44104",4950,990,3960
"44105",3000,600,2400
"44106",7085,1417,5668
"44107",6155,1231,4924
"44108",5125,1025,4100
"44109",4525,905,3620
"44110",4910,982,3928
"44111",5315,1063,4252
"44112",5520,1104,4416
"44113",3655,731,2924
"44114",7725,1545,6180
"44115",4300,860,3440
"44116",5760,1152,4608
"44117",4380,876,3504
"44118",4385,877,3508
"44119",3565,713,2852
"44120",3885,777,3108
"44121",5445,1089,4356
"44122",5730,1146,4584
"44123",4000,800,3200
"44124",4230,846,3384
"44125",5535,1107,4428
"44126",4060,812,3248
"44127",5055,1011,4044
"44128",6970,1394,5576
"44129",5350,1070,4280
"44130",4615,923,3692
"44131",4330,866,3464
"44132",5160,1032,4128
"44133",5765,1153,4612
"44134",3945,789,3156
"44135",4125,825,3300
"44136",4195,839,3356
"44137",4950,990,3960
"44138",4305,861,3444
"44139",4310,862,3448
"44140",4795,959,3836
"44141",4805,961,3844
"44142",5075,1015,4060
"44143",4450,890,3560
"44144",3965,793,3172
"44145",3575,715,2860
"44146",5760,1152,4608
"44147",3925,785,3140
"44148",3960,792,3168
"44149",4000,800,3200
"44150",4700,940,3760
"44151",4685,937,3748
"44152",5120,1024,4096
"44153",3945,789,3156
"44154",4095,819,3276
"44155",6255,1251,5004
"44156",3745,749,2996
"44157",4730,946,3784
"44158",4740,948,3792
"44159",4265,853,3412
"44160",4435,887,3548
"44161",4565,913,3652
"44162",4025,805,3220
"44163",3645,729,2916
"44164",4365,873,3492
"44165",4760,952,3808
"44166",4930,986,3944
"44167",4960,992,3968
"44168",3930,786,3144
"44169",4300,860,3440
"44170",5100,1020,4080
"44171",3585,717,2868
"44172",4485,897,3588
"44173",5410,1082,4328
"44174",5440,1088,4352
"44175",4775,955,3820
"44176",3450,690,2760
"44177",5330,1066,4264
"44178",4620,924,3696
"44179",4860,972,3888
"44180",3810,762,3048
"44181",4370,874,3496
"44182",5675,1135,4540
"44183",3800,760,3040
"44184",3955,791,3164
"44185",3460,692,2768
"44186",3775,755,3020
"44187",6120,1224,4896
"44188",5280,1056,4224
"44189",4400,880,3520
"44190",4165,833,3332
"44191",4440,888,3552
"44192",5625,1125,4500
"44193",6670,1334,5336
"44194",4615,923,3692
"44195",3835,767,3068
"44196",3985,797,3188
"44197",4795,959,3836
"44198",5225,1045,4180
"44199",4855,971,3884
"44200",4525,905,3620
"44201",4475,895,3580
"44202",4695,939,3756
"44203",3905,781,3124
"44204",4415,883,3532
"44205",5205,1041,4164
"44206",4910,982,3928
"44207",3655,731,2924
"44208",4975,995,3980
"44209",3890,778,3112
"44210",7045,1409,5636
"44211",4545,909,3636
"44212",4715,943,3772
"44213",3675,735,2940
"44214",5985,1197,4788
"44215",5200,1040,4160
"44216",4300,860,3440
"44217",4660,932,3728
"44218",3455,691,2764
"44219",4045,809,3236
"44220",3705,741,2964
"44221",5725,1145,4580
"44222",5705,1141,4564
"44223",5095,1019,4076
"44224",4885,977,3908
"44225",3585,717,2868
"44226",4730,946,3784
"44227",5280,1056,4224
"44228",3505,701,2804
"44229",5935,1187,4748
"44230",4200,840,3360
"44231",4355,871,3484
"44232",4265,853,3412
"44233",4305,861,3444
"44234",4210,842,3368
"44235",5060,1012,4048
"44236",4820,964,3856
"44237",3900,780,3120
"44238",4340,868,3472
"44239",4035,807,3228
"44240",4400,880,3520
"44241",4780,956,3824
"44242",4595,919,3676
"44243",4755,951,3804
"44244",4715,943,3772
"44245",5305,1061,4244
"44246",5225,1045,4180
"44247",3850,770,3080
"44248",4950,990,3960
"44249",5200,1040,4160
"44250",4695,939,3756
"44251",5150,1030,4120
"44252",3955,791,3164
"44253",4990,998,3992
"44254",5855,1171,4684
"44255",4770,954,3816
"44256",3740,748,2992
"44257",4375,875,3500
"44258",4455,891,3564
"44259",4910,982,3928
"44260",4870,974,3896
"44261",4790,958,3832
"44262",9770,1954,7816
"44263",4600,920,3680
"44264",6725,1345,5380
"44265",3475,695,2780
"44266",5580,1116,4464
"44267",4815,963,3852
"44268",5355,1071,4284
"44269",4430,886,3544
"44270",4965,993,3972
"44271",4945,989,3956
"44272",3930,786,3144
"44273",4545,909,3636
"44274",5410,1082,4328
"44275",4575,915,3660
"44276",4990,998,3992
"44277",4070,814,3256
"44278",3655,731,2924
"44279",4020,804,3216
"44280",5130,1026,4104
"44281",6010,1202,4808
"44282",5705,1141,4564
"44283",5510,1102,4408
"44284",4870,974,3896
"44285",4080,816,3264
"44286",3905,781,3124
"44287",4605,921,3684
"44288",5510,1102,4408
"44289",5355,1071,4284
"44290",4870,974,3896
"44291",4695,939,3756
"44292",6085,1217,4868
"44293",4795,959,3836
"44294",6645,1329,5316
"44295",4540,908,3632
"44296",4650,930,3720
"44297",3855,771,3084
"44298",4505,901,3604
"44299",6865,1373,5492
"44300",4240,848,3392
"44301",4920,984,3936
"44302",4860,972,3888
"44303",5135,1027,4108
"44304",4585,917,3668
"44305",3770,754,3016
"44306",3475,695,2780
"44307",4905,981,3924
"44308",4610,922,3688
"44309",5710,1142,4568
"44310",3895,779,3116
"44311",3915,783,3132
"44312",5705,1141,4564
"44313",5620,1124,4496
"44314",4205,841,3364
"44315",5310,1062,4248
"44316",5085,1017,4068
"44317",4915,983,3932
"44318",4665,933,3732
"44319",5050,1010,4040
"44320",4295,859,3436
"44321",7725,1545,6180
"44322",3870,774,3096
"44323",3830,766,3064
"44324",5610,1122,4488
"44325",4960,992,3968
"44326",5020,1004,4016
"44327",3815,763,3052
"44328",3965,793,3172
"44329",4480,896,3584
"44330",4780,956,3824
"44331",4235,847,3388
"44332",4595,919,3676
"44333",4470,894,3576
"44334",4320,864,3456
"44335",3870,774,3096
"44336",4270,854,3416
"44337",5400,1080,4320
"44338",5415,1083,4332
"44339",3860,772,3088
"44340",5400,1080,4320
"44341",4100,820,3280
"44342",4345,869,3476
"44343",3610,722,2888
"44344",4295,859,3436
"44345",5770,1154,4616
"44346",3370,674,2696
"44347",4735,947,3788
"44348",4955,991,3964
"44349",5120,1024,4096
"44350",4115,823,3292
"44351",4780,956,3824
"44352",4875,975,3900
"44353",4510,902,3608
"44354",5230,1046,4184
"44355",5285,1057,4228
"44356",4345,869,3476
"44357",5835,1167,4668
"44358",4045,809,3236
"44359",4600,920,3680
"44360",4215,843,3372
"44361",4470,894,3576
"44362",4415,883,3532
"44363",4900,980,3920
"44364",5030,1006,4024
"44365",3710,742,2968
"44366",5035,1007,4028
"44367",4055,811,3244
"44368",3730,746,2984
"44369",4165,833,3332
"44370",3980,796,3184
"44371",4040,808,3232
"44372",4220,844,3376
"44373",4110,822,3288
"44374",5285,1057,4228
"44375",7820,1564,6256
"44376",4450,890,3560
"44377",4615,923,3692
"44378",4180,836,3344
"44379",6270,1254,5016
"44380",5115,1023,4092
"44381",4040,808,3232
"44382",3590,718,2872
"44383",4550,910,3640
"44384",6115,1223,4892
"44385",4490,898,3592
"44386",3890,778,3112
"44387",3885,777,3108
"44388",4955,991,3964
"44389",4245,849,3396
"44390",6030,1206,4824
"44391",4485,897,3588
"44392",5615,1123,4492
"44393",4090,818,3272
"44394",4250,850,3400
"44395",5150,1030,4120
"44396",4185,837,3348
"44397",5140,1028,4112
"44398",4685,937,3748
"44399",4710,942,3768
"44400",4360,872,3488
"44401",4095,819,3276
"44402",5740,1148,4592
"44403",4085,817,3268
"44404",4630,926,3704
"44405",4490,898,3592
"44406",6195,1239,4956
"44407",4080,816,3264
"44408",4160,832,3328
"44409",4680,936,3744
"44410",4880,976,3904
"44411",3625,725,2900
"44412",4485,897,3588
"44413",5100,1020,4080
"44414",3865,773,3092
"44415",6560,1312,5248
"44416",3940,788,3152
"44417",4480,896,3584
"44418",7865,1573,6292
"44419",4365,873,3492
"44420",3975,795,3180
"44421",5825,1165,4660
"44422",4240,848,3392
"44423",3840,768,3072
"44424",7930,1586,6344
"44425",4835,967,3868
"44426",3540,708,2832
"44427",9110,1822,7288
"44428",4235,847,3388
"44429",5215,1043,4172
"44430",5455,1091,4364
"44431",4450,890,3560
"44432",4655,931,3724
"44433",5235,1047,4188
"44434",4185,837,3348
"44435",4655,931,3724
"44436",4890,978,3912
"44437",3735,747,2988
"44438",3455,691,2764
"44439",4445,889,3556
"44440",3945,789,3156
"44441",5665,1133,4532
"44442",7610,1522,6088
"44443",3630,726,2904
"44444",4655,931,3724
"44445",4490,898,3592
"44446",5120,1024,4096
"44447",3385,677,2708
"44448",6500,1300,5200
"44449",3755,751,3004
"44450",4470,894,3576
"44451",4585,917,3668
"44452",4770,954,3816
"44453",4975,995,3980
"44454",4255,851,3404
"44455",5725,1145,4580
"44456",5365,1073,4292
"44457",5710,1142,4568
"44458",4935,987,3948
"44459",4070,814,3256
"44460",4765,953,3812
"44461",4990,998,3992
"44462",4815,963,3852
"44463",3840,768,3072
"44464",4335,867,3468
"44465",4405,881,3524
"44466",4370,874,3496
"44467",6410,1282,5128
"44468",5135,1027,4108
"44469",4450,890,3560
"44470",5900,1180,4720
"44471",5295,1059,4236
"44472",4505,901,3604
"44473",5490,1098,4392
"44474",4095,819,3276
"44475",5095,1019,4076
"44476",4715,943,3772
"44477",5095,1019,4076
"44478",4205,841,3364
"44479",4690,938,3752
"44480",5070,1014,4056
"44481",3835,767,3068
"44482",3970,794,3176
"44483",4520,904,3616
"44484",5035,1007,4028
"44485",4930,986,3944
"44486",4330,866,3464
"44487",4860,972,3888
"44488",3850,770,3080
"44489",4020,804,3216
"44490",4955,991,3964
"44491",4605,921,3684
"44492",5225,1045,4180
"44493",4120,824,3296
"44494",4130,826,3304
"44495",5005,1001,4004
"44496",4865,973,3892
"44497",4050,810,3240
"44498",4405,881,3524
"44499",4345,869,3476
"44500",4540,908,3632
"44501",6030,1206,4824
"44502",4310,862,3448
"44503",5345,1069,4276
"44504",5085,1017,4068
"44505",4475,895,3580
"44506",3645,729,2916
"44507",4075,815,3260
"44508",4210,842,3368
"44509",4785,957,3828
"44510",4280,856,3424
"44511",5555,1111,4444
"44512",4405,881,3524
"44513",4695,939,3756
"44514",4450,890,3560
"44515",5700,1140,4560
"44516",5245,1049,4196
"44517",4925,985,3940
"44518",4165,833,3332
"44519",4560,912,3648
"44520",6435,1287,5148
"44521",4035,807,3228
"44522",5410,1082,4328
"44523",4810,962,3848
"44524",5560,1112,4448
"44525",5345,1069,4276
"44526",4430,886,3544
"44527",4385,877,3508
"44528",4995,999,3996
"44529",4870,974,3896
"44530",5575,1115,4460
"44531",4870,974,3896
"44532",4445,889,3556
"44533",4415,883,3532
"44534",4115,823,3292
"44535",4610,922,3688
"44536",4610,922,3688
"44537",5210,1042,4168
"44538",4735,947,3788
"44539",3945,789,3156
"44540",6035,1207,4828
"44541",4355,871,3484
"44542",4060,812,3248
"44543",4090,818,3272
"44544",4615,923,3692
"44545",6460,1292,5168
"44546",4260,852,3408
"44547",4635,927,3708
"44548",5615,1123,4492
"44549",5490,1098,4392
"44550",5215,1043,4172
"44551",4120,824,3296
"44552",4600,920,3680
"44553",4635,927,3708
"44554",3460,692,2768
"44555",4750,950,3800
"44556",4285,857,3428
"44557",4105,821,3284
"44558",4600,920,3680
"44559",4250,850,3400
"44560",4055,811,3244
"44561",3715,743,2972
"44562",4110,822,3288
"44563",7225,1445,5780
"44564",4280,856,3424
"44565",5135,1027,4108
"44566",3805,761,3044
"44567",4465,893,3572
"44568",4770,954,3816
"44569",5030,1006,4024
"44570",4035,807,3228
"44571",4030,806,3224
"44572",3920,784,3136
"44573",3890,778,3112
"44574",4665,933,3732
"44575",4345,869,3476
"44576",5515,1103,4412
"44577",4590,918,3672
"44578",3995,799,3196
"44579",4040,808,3232
"44580",5820,1164,4656
"44581",4585,917,3668
"44582",4885,977,3908
"44583",6380,1276,5104
"44584",3895,779,3116
"44585",5015,1003,4012
"44586",3565,713,2852
"44587",12275,2455,9820
"44588",7010,1402,5608
"44589",4100,820,3280
"44590",6355,1271,5084
"44591",5030,1006,4024
"44592",6465,1293,5172
"44593",4540,908,3632
"44594",5855,1171,4684
"44595",4640,928,3712
"44596",5360,1072,4288
"44597",3610,722,2888
"44598",4215,843,3372
"44599",4295,859,3436
"44600",3940,788,3152
"44601",3330,666,2664
"44602",4575,915,3660
"44603",6395,1279,5116
"44604",3810,762,3048
"44605",5420,1084,4336
"44606",4370,874,3496
"44607",4830,966,3864
"44608",5100,1020,4080
"44609",3760,752,3008
"44610",6135,1227,4908
"44611",3730,746,2984
"44612",5185,1037,4148
"44613",4860,972,3888
"44614",4695,939,3756
"44615",4450,890,3560
"44616",5060,1012,4048
"44617",4075,815,3260
"44618",4085,817,3268
"44619",5345,1069,4276
"44620",5045,1009,4036
"44621",4175,835,3340
"44622",3725,745,2980
"44623",3615,723,2892
"44624",3455,691,2764
"44625",4960,992,3968
"44626",5500,1100,4400
"44627",5355,1071,4284
"44628",4385,877,3508
"44629",4840,968,3872
"44630",4330,866,3464
"44631",3560,712,2848
"44632",5635,1127,4508
"44633",4840,968,3872
"44634",4185,837,3348
"44635",3715,743,2972
"44636",4190,838,3352
"44637",4085,817,3268
"44638",5300,1060,4240
"44639",4225,845,3380
"44640",4460,892,3568
"44641",4410,882,3528
"44642",4420,884,3536
"44643",4735,947,3788
"44644",3710,742,2968
"44645",4090,818,3272
"44646",4510,902,3608
"44647",4890,978,3912
"44648",3810,762,3048
"44649",4600,920,3680
"44650",4800,960,3840
"44651",4225,845,3380
"44652",5415,1083,4332
"44653",4395,879,3516
"44654",4800,960,3840
"44655",5765,1153,4612
"44656",5190,1038,4152
"44657",5215,1043,4172
"44658",4605,921,3684
"44659",5305,1061,4244
"44660",4075,815,3260
"44661",4980,996,3984
"44662",4585,917,3668
"44663",6725,1345,5380
"44664",4855,971,3884
"44665",4995,999,3996
"44666",4150,830,3320
"44667",4890,978,3912
"44668",5900,1180,4720
"44669",4200,840,3360
"44670",4585,917,3668
"44671",4215,843,3372
"44672",6310,1262,5048
"44673",5850,1170,4680
"44674",3905,781,3124
"44675",4595,919,3676
"44676",4780,956,3824
"44677",4850,970,3880
"44678",4160,832,3328
"44679",5355,1071,4284
"44680",5185,1037,4148
"44681",5480,1096,4384
"44682",4230,846,3384
"44683",3890,778,3112
"44684",3540,708,2832
"44685",3505,701,2804
"44686",4785,957,3828
"44687",4240,848,3392
"44688",3415,683,2732
"44689",5360,1072,4288
"44690",3650,730,2920
"44691",6190,1238,4952
"44692",4675,935,3740
"44693",5045,1009,4036
"44694",5800,1160,4640
"44695",4615,923,3692
"44696",4140,828,3312
"44697",6765,1353,5412
"44698",5360,1072,4288
"44699",5685,1137,4548
"44700",4905,981,3924
"44701",5155,1031,4124
"44702",5080,1016,4064
"44703",4780,956,3824
"44704",3600,720,2880
"44705",4665,933,3732
"44706",4630,926,3704
"44707",4230,846,3384
"44708",5740,1148,4592
"44709",5450,1090,4360
"44710",4000,800,3200
"44711",4350,870,3480
"44712",5740,1148,4592
"44713",3760,752,3008
"44714",3885,777,3108
"44715",5160,1032,4128
"44716",6770,1354,5416
"44717",5495,1099,4396
"44718",3545,709,2836
"44719",4760,952,3808
"44720",4785,957,3828
"44721",4080,816,3264
"44722",3990,798,3192
"44723",5325,1065,4260
"44724",4560,912,3648
"44725",5455,1091,4364
"44726",4265,853,3412
"44727",5270,1054,4216
"44728",4550,910,3640
"44729",4880,976,3904
"44730",3945,789,3156
"44731",4755,951,3804
"44732",3945,789,3156
"44733",5805,1161,4644
"44734",5370,1074,4296
"44735",4900,980,3920
"44736",5545,1109,4436
"44737",7050,1410,5640
"44738",4605,921,3684
"44739",5375,1075,4300
"44740",4840,968,3872
"44741",5210,1042,4168
"44742",5675,1135,4540
"44743",5115,1023,4092
"44744",4465,893,3572
"44745",3755,751,3004
"44746",4945,989,3956
"44747",4915,983,3932
"44748",4465,893,3572
"44749",4040,808,3232
"44750",3970,794,3176
"44751",4655,931,3724
"44752",4660,932,3728
"44753",3400,680,2720
"44754",4570,914,3656
"44755",3175,635,2540
"44756",5270,1054,4216
"44757",5180,1036,4144
"44758",4535,907,3628
"44759",6535,1307,5228
"44760",3940,788,3152
"44761",4795,959,3836
"44762",4920,984,3936
"44763",3935,787,3148
"44764",6820,1364,5456
"44765",4810,962,3848
"44766",4195,839,3356
"44767",4870,974,3896
"44768",5130,1026,4104
"44769",4190,838,3352
"44770",5565,1113,4452
"44771",4020,804,3216
"44772",5310,1062,4248
"44773",6735,1347,5388
"44774",4115,823,3292
"44775",5620,1124,4496
"44776",4760,952,3808
"44777",4875,975,3900
"44778",4560,912,3648
"44779",4905,981,3924
"44780",3770,754,3016
"44781",5835,1167,4668
"44782",6515,1303,5212
"44783",4515,903,3612
"44784",4205,841,3364
"44785",5365,1073,4292
"44786",4975,995,3980
"44787",4585,917,3668
"44788",4565,913,3652
"44789",3570,714,2856
"44790",4970,994,3976
"44791",4555,911,3644
"44792",5430,1086,4344
"44793",4590,918,3672
"44794",4225,845,3380
"44795",4150,830,3320
"44796",4725,945,3780
"44797",4635,927,3708
"44798",5950,1190,4760
"44799",5260,1052,4208
"44800",5945,1189,4756
"44801",4500,900,3600
"44802",4305,861,3444
"44803",5615,1123,4492
"44804",4300,860,3440
"44805",5025,1005,4020
"44806",4130,826,3304
"44807",4390,878,3512
"44808",5145,1029,4116
"44809",3735,747,2988
"44810",4940,988,3952
"44811",4480,896,3584
"44812",4510,902,3608
"44813",4980,996,3984
"44814",4135,827,3308
"44815",4200,840,3360
"44816",5985,1197,4788
"44817",4905,981,3924
"44818",4530,906,3624
"44819",6150,1230,4920
"44820",5390,1078,4312
"44821",3845,769,3076
"44822",4025,805,3220
"44823",5175,1035,4140
"44824",4240,848,3392
"44825",4400,880,3520
"44826",5210,1042,4168
"44827",4620,924,3696
"44828",5400,1080,4320
"44829",4320,864,3456
"44830",3520,704,2816
"44831",4050,810,3240
"44832",4360,872,3488
"44833",4280,856,3424
"44834",4540,908,3632
"44835",6035,1207,4828
"44836",4920,984,3936
"44837",5065,1013,4052
"44838",4610,922,3688
"44839",5290,1058,4232
"44840",4960,992,3968
"44841",4745,949,3796
"44842",5750,1150,4600
"44843",4040,808,3232
"44844",4310,862,3448
"44845",5145,1029,4116
"44846",4475,895,3580
"44847",3970,794,3176
"44848",5670,1134,4536
"44849",5380,1076,4304
"44850",3840,768,3072
"44851",5710,1142,4568
"44852",4035,807,3228
"44853",4530,906,3624
"44854",3730,746,2984
"44855",4210,842,3368
"44856",3785,757,3028
"44857",3735,747,2988
"44858",5230,1046,4184
"44859",4660,932,3728
"44860",6350,1270,5080
"44861",4720,944,3776
"44862",4825,965,3860
"44863",4335,867,3468
"44864",4715,943,3772
"44865",3660,732,2928
"44866",5340,1068,4272
"44867",6755,1351,5404
"44868",5410,1082,4328
"44869",4065,813,3252
"44870",3985,797,3188
"44871",4080,816,3264
"44872",5555,1111,4444
"44873",4135,827,3308
"44874",4490,898,3592
"44875",6265,1253,5012
"44876",4505,901,3604
"44877",3985,797,3188
"44878",4055,811,3244
"44879",4625,925,3700
"44880",4505,901,3604
"44881",5035,1007,4028
"44882",5205,1041,4164
"44883",3995,799,3196
"44884",4010,802,3208
"44885",4080,816,3264
"44886",4150,830,3320
"44887",5455,1091,4364
"44888",4425,885,3540
"44889",4275,855,3420
"44890",5155,1031,4124
"44891",4575,915,3660
"44892",4285,857,3428
"44893",5430,1086,4344
"44894",4720,944,3776
"44895",4745,949,3796
"44896",3950,790,3160
"44897",4885,977,3908
"44898",3550,710,2840
"44899",4565,913,3652
"44900",7115,1423,5692
"44901",4910,982,3928
"44902",5905,1181,4724
"44903",3285,657,2628
"44904",5585,1117,4468
"44905",5775,1155,4620
"44906",4345,869,3476
"44907",4380,876,3504
"44908",3860,772,3088
"44909",4345,869,3476
"44910",4135,827,3308
"44911",7425,1485,5940
"44912",4495,899,3596
"44913",3720,744,2976
"44914",4140,828,3312
"44915",4615,923,3692
"44916",5455,1091,4364
"44917",4095,819,3276
"44918",4600,920,3680
"44919",4440,888,3552
"44920",4765,953,3812
"44921",4490,898,3592
"44922",4270,854,3416
"44923",5390,1078,4312
"44924",6235,1247,4988
"44925",4615,923,3692
"44926",4670,934,3736
"44927",4190,838,3352
"44928",3715,743,2972
"44929",3915,783,3132
"44930",5070,1014,4056
"44931",4270,854,3416
"44932",5335,1067,4268
"44933",5125,1025,4100
"44934",5185,1037,4148
"44935",5100,1020,4080
"44936",4170,834,3336
"44937",4670,934,3736
"44938",4050,810,3240
"44939",4935,987,3948
"44940",5230,1046,4184
"44941",4720,944,3776
"44942",3975,795,3180
"44943",4245,849,3396
"44944",5050,1010,4040
"44945",4205,841,3364
"44946",4160,832,3328
"44947",5290,1058,4232
"44948",4760,952,3808
"44949",4625,925,3700
"44950",4550,910,3640
"44951",3820,764,3056
"44952",4815,963,3852
"44953",5340,1068,4272
"44954",5240,1048,4192
"44955",5140,1028,4112
"44956",4675,935,3740
"44957",4265,853,3412
"44958",4885,977,3908
"44959",5480,1096,4384
"44960",6935,1387,5548
"44961",6400,1280,5120
"44962",5585,1117,4468
"44963",5650,1130,4520
"44964",5435,1087,4348
"44965",4550,910,3640
"44966",4100,820,3280
"44967",4560,912,3648
"44968",4640,928,3712
"44969",5765,1153,4612
"44970",3570,714,2856
"44971",4455,891,3564
"44972",3580,716,2864
"44973",4730,946,3784
"44974",4585,917,3668
"44975",4990,998,3992
"44976",6950,1390,5560
"44977",6515,1303,5212
"44978",3565,713,2852
"44979",4865,973,3892
"44980",3815,763,3052
"44981",5350,1070,4280
"44982",4125,825,3300
"44983",4490,898,3592
"44984",4845,969,3876
"44985",4365,873,3492
"44986",4170,834,3336
"44987",4640,928,3712
"44988",4780,956,3824
"44989",4040,808,3232
"44990",3940,788,3152
"44991",4595,919,3676
"44992",5525,1105,4420
"44993",5495,1099,4396
"44994",4510,902,3608
"44995",4750,950,3800
"44996",5880,1176,4704
"44997",4080,816,3264
"44998",5955,1191,4764
"44999",4350,870,3480
"45000",5420,1084,4336
"45001",4635,927,3708
"45002",4925,985,3940
"45003",3480,696,2784
"45004",4105,821,3284
"45005",4720,944,3776
"45006",5375,1075,4300
"45007",4245,849,3396
"45008",3960,792,3168
"45009",3430,686,2744
"45010",6170,1234,4936
"45011",4450,890,3560
"45012",4195,839,3356
"45013",4625,925,3700
"45014",4860,972,3888
"45015",4980,996,3984
"45016",4555,911,3644
"45017",4465,893,3572
"45018",5935,1187,4748
"45019",5310,1062,4248
"45020",4450,890,3560
"45021",4570,914,3656
"45022",4650,930,3720
"45023",4935,987,3948
"45024",6835,1367,5468
"45025",5450,1090,4360
"45026",5115,1023,4092
"45027",5335,1067,4268
"45028",5490,1098,4392
"45029",4080,816,3264
"45030",4085,817,3268
"45031",5950,1190,4760
"45032",5770,1154,4616
"45033",6745,1349,5396
"45034",5600,1120,4480
"45035",3775,755,3020
"45036",7225,1445,5780
"45037",3655,731,2924
"45038",5215,1043,4172
"45039",5005,1001,4004
"45040",3855,771,3084
"45041",5085,1017,4068
"45042",5185,1037,4148
"45043",4625,925,3700
"45044",3670,734,2936
"45045",4025,805,3220
"45046",4280,856,3424
"45047",4005,801,3204
"45048",5200,1040,4160
"45049",5735,1147,4588
"45050",3570,714,2856
"45051",4145,829,3316
"45052",4170,834,3336
"45053",6320,1264,5056
"45054",3720,744,2976
"45055",4175,835,3340
"45056",4450,890,3560
"45057",4890,978,3912
"45058",5905,1181,4724
"45059",4560,912,3648
"45060",3350,670,2680
"45061",3875,775,3100
"45062",5015,1003,4012
"45063",4760,952,3808
"45064",3735,747,2988
"45065",3990,798,3192
"45066",4895,979,3916
"45067",4420,884,3536
"45068",5695,1139,4556
"45069",3710,742,2968
"45070",3940,788,3152
"45071",3945,789,3156
"45072",5465,1093,4372
"45073",4985,997,3988
"45074",4840,968,3872
"45075",4335,867,3468
"45076",5715,1143,4572
"45077",5640,1128,4512
"45078",4850,970,3880
"45079",3525,705,2820
"45080",4300,860,3440
"45081",4245,849,3396
"45082",4550,910,3640
"45083",4895,979,3916
"45084",5310,1062,4248
"45085",3530,706,2824
"45086",4080,816,3264
"45087",4665,933,3732
"45088",5815,1163,4652
"45089",5805,1161,4644
"45090",4640,928,3712
"45091",4890,978,3912
"45092",3535,707,2828
"45093",4055,811,3244
"45094",4470,894,3576
"45095",4100,820,3280
"45096",3545,709,2836
"45097",3920,784,3136
"45098",3145,629,2516
"45099",4605,921,3684
"45100",3775,755,3020
"45101",5610,1122,4488
"45102",3965,793,3172
"45103",3490,698,2792
"45104",4020,804,3216
"45105",5335,1067,4268
"45106",5415,1083,4332
"45107",4115,823,3292
"45108",4660,932,3728
"45109",5125,1025,4100
"45110",5195,1039,4156
"45111",3970,794,3176
"45112",5745,1149,4596
"45113",4250,850,3400
"45114",3900,780,3120
"45115",4415,883,3532
"45116",5190,1038,4152
"45117",4590,918,3672
"45118",3885,777,3108
"45119",4490,898,3592
"45120",5525,1105,4420
"45121",4325,865,3460
"45122",3915,783,3132
"45123",5355,1071,4284
"45124",4615,923,3692
"45125",4610,922,3688
"45126",6510,1302,5208
"45127",3785,757,3028
"45128",4955,991,3964
"45129",4330,866,3464
"45130",5405,1081,4324
"45131",4495,899,3596
"45132",5745,1149,4596
"45133",5620,1124,4496
"45134",4335,867,3468
"45135",4205,841,3364
"45136",4075,815,3260
"45137",4890,978,3912
"45138",4285,857,3428
"45139",5840,1168,4672
"45140",3510,702,2808
"45141",4185,837,3348
"45142",4750,950,3800
"45143",5190,1038,4152
"45144",7150,1430,5720
"45145",4340,868,3472
"45146",4425,885,3540
"45147",3755,751,3004
"45148",4595,919,3676
"45149",5135,1027,4108
"45150",6180,1236,4944
"45151",4140,828,3312
"45152",3820,764,3056
"45153",4245,849,3396
"45154",4280,856,3424
"45155",4655,931,3724
"45156",3605,721,2884
"45157",6125,1225,4900
"45158",3825,765,3060
"45159",3980,796,3184
"45160",4875,975,3900
"45161",4130,826,3304
"45162",4785,957,3828
"45163",4735,947,3788
"45164",5415,1083,4332
"45165",3555,711,2844
"45166",6270,1254,5016
"45167",5925,1185,4740
"45168",4280,856,3424
"45169",4010,802,3208
"45170",6420,1284,5136
"45171",5370,1074,4296
"45172",4110,822,3288
"45173",4730,946,3784
"45174",4225,845,3380
"45175",3965,793,3172
"45176",3630,726,2904
"45177",3770,754,3016
"45178",6695,1339,5356
"45179",4065,813,3252
"45180",4305,861,3444
"45181",4405,881,3524
"45182",6795,1359,5436
"45183",5235,1047,4188
"45184",4200,840,3360
"45185",4605,921,3684
"45186",4565,913,3652
"45187",6270,1254,5016
"45188",3600,720,2880
"45189",4905,981,3924
"45190",6030,1206,4824
"45191",5675,1135,4540
"45192",4410,882,3528
"45193",4705,941,3764
"45194",4095,819,3276
"45195",4945,989,3956
"45196",4480,896,3584
"45197",4610,922,3688
"45198",4695,939,3756
"45199",4820,964,3856
"45200",4650,930,3720
"45201",8015,1603,6412
"45202",3510,702,2808
"45203",4935,987,3948
"45204",4880,976,3904
"45205",4565,913,3652
"45206",4310,862,3448
"45207",5945,1189,4756
"45208",4815,963,3852
"45209",3540,708,2832
"45210",3715,743,2972
"45211",4220,844,3376
"45212",5230,1046,4184
"45213",3805,761,3044
"45214",4230,846,3384
"45215",4535,907,3628
"45216",4090,818,3272
"45217",4565,913,3652
"45218",3815,763,3052
"45219",7095,1419,5676
"45220",4600,920,3680
"45221",6710,1342,5368
"45222",4590,918,3672
"45223",5400,1080,4320
"45224",4205,841,3364
"45225",4315,863,3452
"45226",5000,1000,4000
"45227",4180,836,3344
"45228",4890,978,3912
"45229",4595,919,3676
"45230",4245,849,3396
"45231",4640,928,3712
"45232",4800,960,3840
"45233",4615,923,3692
"45234",4380,876,3504
"45235",4400,880,3520
"45236",5585,1117,4468
"45237",3775,755,3020
"45238",4000,800,3200
"45239",5190,1038,4152
"45240",6560,1312,5248
"45241",4415,883,3532
"45242",7095,1419,5676
"45243",4310,862,3448
"45244",5855,1171,4684
"45245",4230,846,3384
"45246",3265,653,2612
"45247",4115,823,3292
"45248",4790,958,3832
"45249",5205,1041,4164
"45250",3335,667,2668
"45251",3730,746,2984
"45252",3670,734,2936
"45253",7640,1528,6112
"45254",4345,869,3476
"45255",6620,1324,5296
"45256",4275,855,3420
"45257",5365,1073,4292
"45258",4265,853,3412
"45259",4065,813,3252
"45260",4650,930,3720
"45261",4350,870,3480
"45262",3850,770,3080
"45263",4655,931,3724
"45264",4075,815,3260
"45265",5375,1075,4300
"45266",4590,918,3672
"45267",4690,938,3752
"45268",4235,847,3388
"45269",4470,894,3576
"45270",5980,1196,4784
"45271",4255,851,3404
"45272",3925,785,3140
"45273",3290,658,2632
"45274",3835,767,3068
"45275",5455,1091,4364
"45276",3755,751,3004
"45277",3850,770,3080
"45278",4745,949,3796
"45279",4000,800,3200
"45280",5745,1149,4596
"45281",4015,803,3212
"45282",4245,849,3396
"45283",4185,837,3348
"45284",3700,740,2960
"45285",5050,1010,4040
"45286",4955,991,3964
"45287",3495,699,2796
"45288",5345,1069,4276
"45289",4195,839,3356
"45290",4055,811,3244
"45291",4135,827,3308
"45292",3765,753,3012
"45293",3695,739,2956
"45294",3760,752,3008
"45295",6755,1351,5404
"45296",6045,1209,4836
"45297",4050,810,3240
"45298",4540,908,3632
"45299",5120,1024,4096
"45300",4060,812,3248
"45301",4175,835,3340
"45302",5740,1148,4592
"45303",4445,889,3556
"45304",4190,838,3352
"45305",4675,935,3740
"45306",5680,1136,4544
"45307",5420,1084,4336
"45308",5120,1024,4096
"45309",6690,1338,5352
"45310",4915,983,3932
"45311",5050,1010,4040
"45312",5900,1180,4720
"45313",3845,769,3076
"45314",3970,794,3176
"45315",6255,1251,5004
"45316",4490,898,3592
"45317",3890,778,3112
"45318",4845,969,3876
"45319",3995,799,3196
"45320",4555,911,3644
"45321",5005,1001,4004
"45322",4435,887,3548
"45323",5940,1188,4752
"45324",6790,1358,5432
"45325",4570,914,3656
"45326",5170,1034,4136
"45327",6885,1377,5508
"45328",4700,940,3760
"45329",4290,858,3432
"45330",4775,955,3820
"45331",3600,720,2880
"45332",3180,636,2544
"45333",3775,755,3020
"45334",3630,726,2904
"45335",4770,954,3816
"45336",4280,856,3424
"45337",4555,911,3644
"45338",4335,867,3468
"45339",4260,852,3408
"45340",5760,1152,4608
"45341",3005,601,2404
"45342",4605,921,3684
"45343",4615,923,3692
"45344",5325,1065,4260
"45345",6115,1223,4892
"45346",4605,921,3684
"45347",4895,979,3916
"45348",4660,932,3728
"45349",4235,847,3388
"45350",3895,779,3116
"45351",6005,1201,4804
"45352",5510,1102,4408
"45353",4920,984,3936
"45354",5010,1002,4008
"45355",4485,897,3588
"45356",4995,999,3996
"45357",3820,764,3056
"45358",4255,851,3404
"45359",5060,1012,4048
"45360",3900,780,3120
"45361",5075,1015,4060
"45362",4685,937,3748
"45363",4660,932,3728
"45364",3480,696,2784
"45365",4635,927,3708
"45366",5740,1148,4592
"45367",5995,1199,4796
"45368",4055,811,3244
"45369",4730,946,3784
"45370",5235,1047,4188
"45371",5600,1120,4480
"45372",4575,915,3660
"45373",3445,689,2756
"45374",3445,689,2756
"45375",5925,1185,4740
"45376",5675,1135,4540
"45377",6490,1298,5192
"45378",4285,857,3428
"45379",4170,834,3336
"45380",5150,1030,4120
"45381",4490,898,3592
"45382",4380,876,3504
"45383",4485,897,3588
"45384",5530,1106,4424
"45385",4270,854,3416
"45386",3420,684,2736
"45387",4370,874,3496
"45388",4305,861,3444
"45389",4055,811,3244
"45390",6865,1373,5492
"45391",3810,762,3048
"45392",4410,882,3528
"45393",4130,826,3304
"45394",5110,1022,4088
"45395",5605,1121,4484
"45396",5350,1070,4280
"45397",5960,1192,4768
"45398",4265,853,3412
"45399",4545,909,3636
"45400",4510,902,3608
"45401",4035,807,3228
"45402",3900,780,3120
"45403",5705,1141,4564
"45404",4710,942,3768
"45405",5270,1054,4216
"45406",5320,1064,4256
"45407",4225,845,3380
"45408",3980,796,3184
"45409",6570,1314,5256
"45410",4085,817,3268
"45411",4060,812,3248
"45412",3770,754,3016
"45413",4990,998,3992
"45414",4935,987,3948
"45415",4580,916,3664
"45416",4440,888,3552
"45417",3975,795,3180
"45418",4590,918,3672
"45419",4710,942,3768
"45420",4015,803,3212
"45421",4930,986,3944
"45422",3700,740,2960
"45423",4535,907,3628
"45424",4725,945,3780
"45425",4875,975,3900
"45426",5615,1123,4492
"45427",3345,669,2676
"45428",5065,1013,4052
"45429",5310,1062,4248
"45430",4955,991,3964
"45431",5575,1115,4460
"45432",3785,757,3028
"45433",4585,917,3668
"45434",6525,1305,5220
"45435",3830,766,3064
"45436",4610,922,3688
"45437",6110,1222,4888
"45438",6180,1236,4944
"45439",3855,771,3084
"45440",4700,940,3760
"45441",4935,987,3948
"45442",4245,849,3396
"45443",4240,848,3392
"45444",4900,980,3920
"45445",4510,902,3608
"45446",3770,754,3016
"45447",4740,948,3792
"45448",3960,792,3168
"45449",5135,1027,4108
"45450",4330,866,3464
"45451",5260,1052,4208
"45452",6115,1223,4892
"45453",5115,1023,4092
"45454",4320,864,3456
"45455",4575,915,3660
"45456",4730,946,3784
"45457",5870,1174,4696
"45458",4330,866,3464
"45459",5330,1066,4264
"45460",5760,1152,4608
"45461",5225,1045,4180
"45462",4820,964,3856
"45463",5640,1128,4512
"45464",4395,879,3516
"45465",4340,868,3472
"45466",4210,842,3368
"45467",5470,1094,4376
"45468",5175,1035,4140
"45469",5675,1135,4540
"45470",3780,756,3024
"45471",6750,1350,5400
"45472",3660,732,2928
"45473",4130,826,3304
"45474",4380,876,3504
"45475",4240,848,3392
"45476",3495,699,2796
"45477",5345,1069,4276
"45478",3520,704,2816
"45479",4160,832,3328
"45480",4210,842,3368
"45481",5170,1034,4136
"45482",4345,869,3476
"45483",5120,1024,4096
"45484",3475,695,2780
"45485",5060,1012,4048
"45486",4750,950,3800
"45487",4020,804,3216
"45488",4515,903,3612
"45489",4710,942,3768
"45490",5835,1167,4668
"45491",3965,793,3172
"45492",3935,787,3148
"45493",4530,906,3624
"45494",4210,842,3368
"45495",3765,753,3012
"45496",4480,896,3584
"45497",3765,753,3012
"45498",4395,879,3516
"45499",4710,942,3768
"45500",4175,835,3340
"45501",4720,944,3776
"45502",4420,884,3536
"45503",4660,932,3728
"45504",3400,680,2720
"45505",5120,1024,4096
"45506",4280,856,3424
"45507",3490,698,2792
"45508",5060,1012,4048
"45509",4480,896,3584
"45510",3900,780,3120
"45511",4895,979,3916
"45512",4395,879,3516
"45513",3650,730,2920
"45514",5700,1140,4560
"45515",3985,797,3188
"45516",4825,965,3860
"45517",4875,975,3900
"45518",4180,836,3344
"45519",4470,894,3576
"45520",4450,890,3560
"45521",4620,924,3696
"45522",4395,879,3516
"45523",5285,1057,4228
"45524",3905,781,3124
"45525",5325,1065,4260
"45526",3395,679,2716
"45527",6080,1216,4864
"45528",4230,846,3384
"45529",4000,800,3200
"45530",5010,1002,4008
"45531",3995,799,3196
"45532",4770,954,3816
"45533",6420,1284,5136
"45534",5575,1115,4460
"45535",9035,1807,7228
"45536",3905,781,3124
"45537",4375,875,3500
"45538",5625,1125,4500
"45539",4245,849,3396
"45540",4115,823,3292
"45541",3505,701,2804
"45542",4215,843,3372
"45543",3945,789,3156
"45544",4135,827,3308
"45545",4585,917,3668
"45546",5390,1078,4312
"45547",4405,881,3524
"45548",4825,965,3860
"45549",4660,932,3728
"45550",4465,893,3572
"45551",6460,1292,5168
"45552",5100,1020,4080
"45553",5040,1008,4032
"45554",4605,921,3684
"45555",4005,801,3204
"45556",3660,732,2928
"45557",4610,922,3688
"45558",3600,720,2880
"45559",3815,763,3052
"45560",5110,1022,4088
"45561",4745,949,3796
"45562",3495,699,2796
"45563",4465,893,3572
"45564",5295,1059,4236
"45565",4250,850,3400
"45566",4760,952,3808
"45567",4890,978,3912
"45568",5640,1128,4512
"45569",4635,927,3708
"45570",5155,1031,4124
"45571",4525,905,3620
"45572",4120,824,3296
"45573",6975,1395,5580
"45574",5880,1176,4704
"45575",3985,797,3188
"45576",4915,983,3932
"45577",3375,675,2700
"45578",4960,992,3968
"45579",5715,1143,4572
"45580",4685,937,3748
"45581",3990,798,3192
"45582",5245,1049,4196
"45583",4125,825,3300
"45584",4470,894,3576
"45585",4860,972,3888
"45586",4860,972,3888
"45587",6150,1230,4920
"45588",3785,757,3028
"45589",3865,773,3092
"45590",4085,817,3268
"45591",5045,1009,4036
"45592",5720,1144,4576
"45593",4380,876,3504
"45594",4460,892,3568
"45595",5070,1014,4056
"45596",4530,906,3624
"45597",4095,819,3276
"45598",5095,1019,4076
"45599",4300,860,3440
"45600",4650,930,3720
"45601",3455,691,2764
"45602",4450,890,3560
"45603",4780,956,3824
"45604",4575,915,3660
"45605",5950,1190,4760
"45606",3435,687,2748
"45607",4750,950,3800
"45608",6725,1345,5380
"45609",4010,802,3208
"45610",5015,1003,4012
"45611",6325,1265,5060
"45612",5615,1123,4492
"45613",4600,920,3680
"45614",5135,1027,4108
"45615",4430,886,3544
"45616",4000,800,3200
"45617",3950,790,3160
"45618",4240,848,3392
"45619",4070,814,3256
"45620",3720,744,2976
"45621",5670,1134,4536
"45622",3755,751,3004
"45623",5260,1052,4208
"45624",5275,1055,4220
"45625",4125,825,3300
"45626",4465,893,3572
"45627",4730,946,3784
"45628",4805,961,3844
"45629",5465,1093,4372
"45630",4740,948,3792
"45631",3720,744,2976
"45632",5395,1079,4316
"45633",4935,987,3948
"45634",4560,912,3648
"45635",5065,1013,4052
"45636",4755,951,3804
"45637",4970,994,3976
"45638",5345,1069,4276
"45639",4740,948,3792
"45640",6985,1397,5588
"45641",4680,936,3744
"45642",5045,1009,4036
"45643",3775,755,3020
"45644",4915,983,3932
"45645",3675,735,2940
"45646",4670,934,3736
"45647",4310,862,3448
"45648",4230,846,3384
"45649",4790,958,3832
"45650",4045,809,3236
"45651",5040,1008,4032
"45652",6060,1212,4848
"45653",4560,912,3648
"45654",4505,901,3604
"45655",4555,911,3644
"45656",3920,784,3136
"45657",4805,961,3844
"45658",4790,958,3832
"45659",3965,793,3172
"45660",7250,1450,5800
"45661",5105,1021,4084
"45662",5245,1049,4196
"45663",3835,767,3068
"45664",4520,904,3616
"45665",4420,884,3536
"45666",4380,876,3504
"45667",5035,1007,4028
"45668",4180,836,3344
"45669",4695,939,3756
"45670",4590,918,3672
"45671",7255,1451,5804
"45672",4510,902,3608
"45673",4670,934,3736
"45674",5065,1013,4052
"45675",4385,877,3508
"45676",5050,1010,4040
"45677",4345,869,3476
"45678",3920,784,3136
"45679",5395,1079,4316
"45680",4360,872,3488
"45681",3625,725,2900
"45682",4750,950,3800
"45683",6025,1205,4820
"45684",5420,1084,4336
"45685",4110,822,3288
"45686",4085,817,3268
"45687",5065,1013,4052
"45688",3215,643,2572
"45689",6770,1354,5416
"45690",4955,991,3964
"45691",5390,1078,4312
"45692",4865,973,3892
"45693",4035,807,3228
"45694",7295,1459,5836
"45695",4285,857,3428
"45696",3980,796,3184
"45697",5290,1058,4232
"45698",3475,695,2780
"45699",4515,903,3612
"45700",4860,972,3888
"45701",4740,948,3792
"45702",3740,748,2992
"45703",3745,749,2996
"45704",4335,867,3468
"45705",5100,1020,4080
"45706",5070,1014,4056
"45707",4390,878,3512
"45708",4435,887,3548
"45709",3995,799,3196
"45710",3440,688,2752
"45711",5665,1133,4532
"45712",3745,749,2996
"45713",6480,1296,5184
"45714",4515,903,3612
"45715",4640,928,3712
"45716",5510,1102,4408
"45717",5320,1064,4256
"45718",5250,1050,4200
"45719",4620,924,3696
"45720",3810,762,3048
"45721",3980,796,3184
"45722",3980,796,3184
"45723",5840,1168,4672
"45724",4260,852,3408
"45725",4170,834,3336
"45726",4615,923,3692
"45727",4665,933,3732
"45728",5025,1005,4020
"45729",4880,976,3904
"45730",6055,1211,4844
"45731",4050,810,3240
"45732",4350,870,3480
"45733",4085,817,3268
"45734",4400,880,3520
"45735",4870,974,3896
"45736",5365,1073,4292
"45737",4700,940,3760
"45738",4915,983,3932
"45739",4615,923,3692
"45740",5750,1150,4600
"45741",5780,1156,4624
"45742",4310,862,3448
"45743",5305,1061,4244
"45744",5540,1108,4432
"45745",4035,807,3228
"45746",4650,930,3720
"45747",4895,979,3916
"45748",3665,733,2932
"45749",5225,1045,4180
"45750",5100,1020,4080
"45751",5065,1013,4052
"45752",3725,745,2980
"45753",5730,1146,4584
"45754",6120,1224,4896
"45755",4275,855,3420
"45756",5465,1093,4372
"45757",4195,839,3356
"45758",5130,1026,4104
"45759",3745,749,2996
"45760",4145,829,3316
"45761",5015,1003,4012
"45762",4410,882,3528
"45763",5280,1056,4224
"45764",4705,941,3764
"45765",4230,846,3384
"45766",4040,808,3232
"45767",4630,926,3704
"45768",4370,874,3496
"45769",6880,1376,5504
"45770",4725,945,3780
"45771",5190,1038,4152
"45772",4745,949,3796
"45773",5540,1108,4432
"45774",4590,918,3672
"45775",4890,978,3912
"45776",5840,1168,4672
"45777",4355,871,3484
"45778",4615,923,3692
"45779",4455,891,3564
"45780",5955,1191,4764
"45781",5040,1008,4032
"45782",8545,1709,6836
"45783",4200,840,3360
"45784",4220,844,3376
"45785",4465,893,3572
"45786",4765,953,3812
"45787",4085,817,3268
"45788",5430,1086,4344
"45789",4765,953,3812
"45790",4235,847,3388
"45791",3725,745,2980
"45792",4955,991,3964
"45793",4535,907,3628
"45794",4225,845,3380
"45795",4210,842,3368
"45796",4765,953,3812
"45797",4685,937,3748
"45798",3375,675,2700
"45799",7205,1441,5764
"45800",4110,822,3288
"45801",7385,1477,5908
"45802",4345,869,3476
"45803",6185,1237,4948
"45804",5180,1036,4144
"45805",4530,906,3624
"45806",4210,842,3368
"45807",5415,1083,4332
"45808",5750,1150,4600
"45809",6210,1242,4968
"45810",5240,1048,4192
"45811",4570,914,3656
"45812",4355,871,3484
"45813",4560,912,3648
"45814",4950,990,3960
"45815",5995,1199,4796
"45816",3820,764,3056
"45817",3835,767,3068
"45818",5425,1085,4340
"45819",3675,735,2940
"45820",3760,752,3008
"45821",5750,1150,4600
"45822",4550,910,3640
"45823",4340,868,3472
"45824",4520,904,3616
"45825",3900,780,3120
"45826",4395,879,3516
"45827",5075,1015,4060
"45828",4600,920,3680
"45829",4235,847,3388
"45830",4600,920,3680
"45831",4220,844,3376
"45832",4545,909,3636
"45833",3890,778,3112
"45834",6070,1214,4856
"45835",4200,840,3360
"45836",4830,966,3864
"45837",4555,911,3644
"45838",3935,787,3148
"45839",3990,798,3192
"45840",4095,819,3276
"45841",5470,1094,4376
"45842",3960,792,3168
"45843",4895,979,3916
"45844",5255,1051,4204
"45845",3590,718,2872
"45846",4980,996,3984
"45847",5545,1109,4436
"45848",4945,989,3956
"45849",5310,1062,4248
"45850",4840,968,3872
"45851",4655,931,3724
"45852",4290,858,3432
"45853",6400,1280,5120
"45854",4280,856,3424
"45855",6670,1334,5336
"45856",5420,1084,4336
"45857",4400,880,3520
"45858",5495,1099,4396
"45859",3135,627,2508
"45860",4580,916,3664
"45861",3575,715,2860
"45862",4235,847,3388
"45863",4910,982,3928
"45864",4510,902,3608
"45865",4340,868,3472
"45866",4790,958,3832
"45867",5405,1081,4324
"45868",4620,924,3696
"45869",4620,924,3696
"45870",4720,944,3776
"45871",4530,906,3624
"45872",4600,920,3680
"45873",5330,1066,4264
"45874",4035,807,3228
"45875",6090,1218,4872
"45876",3930,786,3144
"45877",6770,1354,5416
"45878",7075,1415,5660
"45879",4140,828,3312
"45880",3630,726,2904
"45881",3630,726,2904
"45882",4735,947,3788
"45883",5420,1084,4336
"45884",3990,798,3192
"45885",4795,959,3836
"45886",4505,901,3604
"45887",5265,1053,4212
"45888",4255,851,3404
"45889",7155,1431,5724
"45890",4095,819,3276
"45891",4345,869,3476
"45892",3400,680,2720
"45893",4470,894,3576
"45894",3280,656,2624
"45895",5345,1069,4276
"45896",4550,910,3640
"45897",5340,1068,4272
"45898",4615,923,3692
"45899",4780,956,3824
"45900",5000,1000,4000
"45901",4060,812,3248
"45902",4015,803,3212
"45903",4545,909,3636
"45904",5545,1109,4436
"45905",4075,815,3260
"45906",5390,1078,4312
"45907",4490,898,3592
"45908",5335,1067,4268
"45909",4265,853,3412
"45910",3340,668,2672
"45911",5895,1179,4716
"45912",3775,755,3020
"45913",7510,1502,6008
"45914",4470,894,3576
"45915",4995,999,3996
"45916",4980,996,3984
"45917",4185,837,3348
"45918",4035,807,3228
"45919",4060,812,3248
"45920",4260,852,3408
"45921",4895,979,3916
"45922",4660,932,3728
"45923",4190,838,3352
"45924",3200,640,2560
"45925",4555,911,3644
"45926",3835,767,3068
"45927",3835,767,3068
"45928",4700,940,3760
"45929",6200,1240,4960
"45930",4050,810,3240
"45931",4365,873,3492
"45932",5825,1165,4660
"45933",4945,989,3956
"45934",4520,904,3616
"45935",4375,875,3500
"45936",4465,893,3572
"45937",4445,889,3556
"45938",4990,998,3992
"45939",4950,990,3960
"45940",5025,1005,4020
"45941",4130,826,3304
"45942",5790,1158,4632
"45943",5260,1052,4208
"45944",3700,740,2960
"45945",3295,659,2636
"45946",4565,913,3652
"45947",5110,1022,4088
"45948",3810,762,3048
"45949",4145,829,3316
"45950",3455,691,2764
"45951",5850,1170,4680
"45952",4330,866,3464
"45953",5585,1117,4468
"45954",5490,1098,4392
"45955",3720,744,2976
"45956",6245,1249,4996
"45957",4520,904,3616
"45958",4985,997,3988
"45959",4485,897,3588
"45960",4440,888,3552
"45961",4695,939,3756
"45962",4220,844,3376
"45963",4620,924,3696
"45964",4970,994,3976
"45965",3865,773,3092
"45966",4185,837,3348
"45967",5020,1004,4016
"45968",4645,929,3716
"45969",4885,977,3908
"45970",3750,750,3000
"45971",5630,1126,4504
"45972",4610,922,3688
"45973",4520,904,3616
"45974",4905,981,3924
"45975",4335,867,3468
"45976",5860,1172,4688
"45977",4915,983,3932
"45978",3830,766,3064
"45979",5480,1096,4384
"45980",4520,904,3616
"45981",4035,807,3228
"45982",5740,1148,4592
"45983",4145,829,3316
"45984",5245,1049,4196
"45985",5145,1029,4116
"45986",4800,960,3840
"45987",4430,886,3544
"45988",5005,1001,4004
"45989",8240,1648,6592
"45990",3695,739,2956
"45991",3845,769,3076
"45992",4270,854,3416
"45993",4915,983,3932
"45994",5530,1106,4424
"45995",6810,1362,5448
"45996",7090,1418,5672
"45997",4115,823,3292
"45998",4995,999,3996
"45999",4825,965,3860
"46000",3250,650,2600
"46001",4750,950,3800
"46002",4145,829,3316
"46003",5300,1060,4240
"46004",5810,1162,4648
"46005",4735,947,3788
"46006",3670,734,2936
"46007",4465,893,3572
"46008",5625,1125,4500
"46009",3845,769,3076
"46010",5250,1050,4200
"46011",5780,1156,4624
"46012",6415,1283,5132
"46013",5630,1126,4504
"46014",5420,1084,4336
"46015",4300,860,3440
"46016",3445,689,2756
"46017",4220,844,3376
"46018",5265,1053,4212
"46019",3450,690,2760
"46020",3565,713,2852
"46021",4255,851,3404
"46022",5735,1147,4588
"46023",3270,654,2616
"46024",4770,954,3816
"46025",5945,1189,4756
"46026",4275,855,3420
"46027",4780,956,3824
"46028",4250,850,3400
"46029",4465,893,3572
"46030",4250,850,3400
"46031",5260,1052,4208
"46032",4900,980,3920
"46033",3105,621,2484
"46034",4120,824,3296
"46035",4615,923,3692
"46036",4900,980,3920
"46037",4745,949,3796
"46038",4995,999,3996
"46039",4800,960,3840
"46040",4805,961,3844
"46041",4895,979,3916
"46042",4685,937,3748
"46043",5185,1037,4148
"46044",4550,910,3640
"46045",4490,898,3592
"46046",4675,935,3740
"46047",4805,961,3844
"46048",5935,1187,4748
"46049",4850,970,3880
"46050",4160,832,3328
"46051",5790,1158,4632
"46052",5665,1133,4532
"46053",3880,776,3104
"46054",4585,917,3668
"46055",5355,1071,4284
"46056",4735,947,3788
"46057",4540,908,3632
"46058",4295,859,3436
"46059",5090,1018,4072
"46060",6240,1248,4992
"46061",5520,1104,4416
"46062",6455,1291,5164
"46063",5495,1099,4396
"46064",3725,745,2980
"46065",4325,865,3460
"46066",5065,1013,4052
"46067",4705,941,3764
"46068",4690,938,3752
"46069",4145,829,3316
"46070",5400,1080,4320
"46071",5155,1031,4124
"46072",3930,786,3144
"46073",5315,1063,4252
"46074",3715,743,2972
"46075",5140,1028,4112
"46076",3605,721,2884
"46077",5300,1060,4240
"46078",4100,820,3280
"46079",4315,863,3452
"46080",6515,1303,5212
"46081",4610,922,3688
"46082",5205,1041,4164
"46083",4645,929,3716
"46084",5155,1031,4124
"46085",5240,1048,4192
"46086",4555,911,3644
"46087",5785,1157,4628
"46088",4120,824,3296
"46089",4360,872,3488
"46090",5920,1184,4736
"46091",4760,952,3808
"46092",4705,941,3764
"46093",4015,803,3212
"46094",4920,984,3936
"46095",3440,688,2752
"46096",5335,1067,4268
"46097",5175,1035,4140
"46098",3745,749,2996
"46099",6145,1229,4916
"46100",6915,1383,5532
"46101",4915,983,3932
"46102",4490,898,3592
"46103",4585,917,3668
"46104",4375,875,3500
"46105",3755,751,3004
"46106",4320,864,3456
"46107",5790,1158,4632
"46108",5235,1047,4188
"46109",4450,890,3560
"46110",3870,774,3096
"46111",5930,1186,4744
"46112",5615,1123,4492
"46113",6765,1353,5412
"46114",4310,862,3448
"46115",4285,857,3428
"46116",4060,812,3248
"46117",4400,880,3520
"46118",4810,962,3848
"46119",4055,811,3244
"46120",4100,820,3280
"46121",4075,815,3260
"46122",4055,811,3244
"46123",3725,745,2980
"46124",5525,1105,4420
"46125",4030,806,3224
"46126",4735,947,3788
"46127",4325,865,3460
"46128",5740,1148,4592
"46129",4130,826,3304
"46130",5110,1022,4088
"46131",4925,985,3940
"46132",3980,796,3184
"46133",4100,820,3280
"46134",4705,941,3764
"46135",5180,1036,4144
"46136",6835,1367,5468
"46137",4605,921,3684
"46138",4250,850,3400
"46139",3925,785,3140
"46140",3260,652,2608
"46141",5060,1012,4048
"46142",4040,808,3232
"46143",4400,880,3520
"46144",4665,933,3732
"46145",4250,850,3400
"46146",3775,755,3020
"46147",4640,928,3712
"46148",5320,1064,4256
"46149",3810,762,3048
"46150",4105,821,3284
"46151",4590,918,3672
"46152",5030,1006,4024
"46153",5705,1141,4564
"46154",5880,1176,4704
"46155",5605,1121,4484
"46156",4200,840,3360
"46157",4990,998,3992
"46158",4440,888,3552
"46159",5080,1016,4064
"46160",4765,953,3812
"46161",4200,840,3360
"46162",4675,935,3740
"46163",4610,922,3688
"46164",6335,1267,5068
"46165",4615,923,3692
"46166",3975,795,3180
"46167",5740,1148,4592
"46168",5780,1156,4624
"46169",4380,876,3504
"46170",4355,871,3484
"46171",5435,1087,4348
"46172",4985,997,3988
"46173",4110,822,3288
"46174",6730,1346,5384
"46175",4385,877,3508
"46176",4555,911,3644
"46177",4885,977,3908
"46178",5510,1102,4408
"46179",4935,987,3948
"46180",5205,1041,4164
"46181",5200,1040,4160
"46182",3885,777,3108
"46183",4710,942,3768
"46184",3895,779,3116
"46185",5280,1056,4224
"46186",5835,1167,4668
"46187",4420,884,3536
"46188",5075,1015,4060
"46189",6005,1201,4804
"46190",3890,778,3112
"46191",4485,897,3588
"46192",3875,775,3100
"46193",5345,1069,4276
"46194",3770,754,3016
"46195",4945,989,3956
"46196",4695,939,3756
"46197",5825,1165,4660
"46198",4725,945,3780
"46199",5530,1106,4424
"46200",5865,1173,4692
"46201",3755,751,3004
"46202",5690,1138,4552
"46203",4165,833,3332
"46204",5245,1049,4196
"46205",4075,815,3260
"46206",4455,891,3564
"46207",4540,908,3632
"46208",5320,1064,4256
"46209",4035,807,3228
"46210",3785,757,3028
"46211",4695,939,3756
"46212",4695,939,3756
"46213",5385,1077,4308
"46214",4885,977,3908
"46215",4480,896,3584
"46216",3880,776,3104
"46217",3920,784,3136
"46218",3760,752,3008
"46219",4480,896,3584
"46220",6265,1253,5012
"46221",4565,913,3652
"46222",5275,1055,4220
"46223",5110,1022,4088
"46224",5335,1067,4268
"46225",5710,1142,4568
"46226",4415,883,3532
"46227",3895,779,3116
"46228",5660,1132,4528
"46229",5435,1087,4348
"46230",4360,872,3488
"46231",4440,888,3552
"46232",4365,873,3492
"46233",6255,1251,5004
"46234",3845,769,3076
"46235",5295,1059,4236
"46236",4825,965,3860
"46237",4690,938,3752
"46238",4025,805,3220
"46239",5200,1040,4160
"46240",8455,1691,6764
"46241",4500,900,3600
"46242",4460,892,3568
"46243",5125,1025,4100
"46244",4900,980,3920
"46245",5415,1083,4332
"46246",3895,779,3116
"46247",5665,1133,4532
"46248",3515,703,2812
"46249",4360,872,3488
"46250",4325,865,3460
"46251",6435,1287,5148
"46252",5910,1182,4728
"46253",4905,981,3924
"46254",5545,1109,4436
"46255",5735,1147,4588
"46256",3985,797,3188
"46257",6035,1207,4828
"46258",3705,741,2964
"46259",5760,1152,4608
"46260",4110,822,3288
"46261",7105,1421,5684
"46262",4540,908,3632
"46263",4070,814,3256
"46264",6070,1214,4856
"46265",3900,780,3120
"46266",5575,1115,4460
"46267",5985,1197,4788
"46268",4475,895,3580
"46269",4650,930,3720
"46270",4495,899,3596
"46271",4910,982,3928
"46272",4860,972,3888
"46273",6395,1279,5116
"46274",6880,1376,5504
"46275",5640,1128,4512
"46276",4755,951,3804
"46277",5380,1076,4304
"46278",4280,856,3424
"46279",4265,853,3412
"46280",5325,1065,4260
"46281",4305,861,3444
"46282",3390,678,2712
"46283",5150,1030,4120
"46284",5020,1004,4016
"46285",4695,939,3756
"46286",4520,904,3616
"46287",5000,1000,4000
"46288",6435,1287,5148
"46289",4795,959,3836
"46290",4130,826,3304
"46291",4660,932,3728
"46292",5710,1142,4568
"46293",4990,998,3992
"46294",5495,1099,4396
"46295",6675,1335,5340
"46296",5125,1025,4100
"46297",4985,997,3988
"46298",3400,680,2720
"46299",4815,963,3852
"46300",5015,1003,4012
"46301",4235,847,3388
"46302",4990,998,3992
"46303",4665,933,3732
"46304",5260,1052,4208
"46305",4875,975,3900
"46306",4845,969,3876
"46307",4270,854,3416
"46308",3880,776,3104
"46309",3230,646,2584
"46310",4425,885,3540
"46311",5155,1031,4124
"46312",3875,775,3100
"46313",4555,911,3644
"46314",4750,950,3800
"46315",3570,714,2856
"46316",4690,938,3752
"46317",4485,897,3588
"46318",3785,757,3028
"46319",5165,1033,4132
"46320",3500,700,2800
"46321",7120,1424,5696
"46322",5410,1082,4328
"46323",5980,1196,4784
"46324",4145,829,3316
"46325",3730,746,2984
"46326",4300,860,3440
"46327",4900,980,3920
"46328",3940,788,3152
"46329",4465,893,3572
"46330",7550,1510,6040
"46331",5390,1078,4312
"46332",4695,939,3756
"46333",4340,868,3472
"46334",3485,697,2788
"46335",4620,924,3696
"46336",4600,920,3680
"46337",5355,1071,4284
"46338",5825,1165,4660
"46339",4850,970,3880
"46340",4785,957,3828
"46341",4730,946,3784
"46342",5295,1059,4236
"46343",4805,961,3844
"46344",4890,978,3912
"46345",4425,885,3540
"46346",4135,827,3308
"46347",3785,757,3028
"46348",6865,1373,5492
"46349",5965,1193,4772
"46350",4830,966,3864
"46351",5945,1189,4756
"46352",3665,733,2932
"46353",4160,832,3328
"46354",7220,1444,5776
"46355",4135,827,3308
"46356",3265,653,2612
"46357",4120,824,3296
"46358",4095,819,3276
"46359",6365,1273,5092
"46360",7540,1508,6032
"46361",3895,779,3116
"46362",6325,1265,5060
"46363",4530,906,3624
"46364",4060,812,3248
"46365",4800,960,3840
"46366",4240,848,3392
"46367",3675,735,2940
"46368",4445,889,3556
"46369",4495,899,3596
"46370",5865,1173,4692
"46371",3650,730,2920
"46372",5055,1011,4044
"46373",4210,842,3368
"46374",3375,675,2700
"46375",3820,764,3056
"46376",4625,925,3700
"46377",4985,997,3988
"46378",4640,928,3712
"46379",4385,877,3508
"46380",4305,861,3444
"46381",3680,736,2944
"46382",5260,1052,4208
"46383",4455,891,3564
"46384",4835,967,3868
"46385",5555,1111,4444
"46386",5125,1025,4100
"46387",3930,786,3144
"46388",7700,1540,6160
"46389",4785,957,3828
"46390",7640,1528,6112
"46391",6480,1296,5184
"46392",3640,728,2912
"46393",4625,925,3700
"46394",4265,853,3412
"46395",4040,808,3232
"46396",4030,806,3224
"46397",5390,1078,4312
"46398",4305,861,3444
"46399",4340,868,3472
"46400",4610,922,3688
"46401",5040,1008,4032
"46402",4340,868,3472
"46403",5630,1126,4504
"46404",4395,879,3516
"46405",4415,883,3532
"46406",3690,738,2952
"46407",4935,987,3948
"46408",5445,1089,4356
"46409",5645,1129,4516
"46410",5520,1104,4416
"46411",4345,869,3476
"46412",4795,959,3836
"46413",4700,940,3760
"46414",3940,788,3152
"46415",5945,1189,4756
"46416",4605,921,3684
"46417",3870,774,3096
"46418",5780,1156,4624
"46419",5105,1021,4084
"46420",3805,761,3044
"46421",4615,923,3692
"46422",5460,1092,4368
"46423",4060,812,3248
"46424",5325,1065,4260
"46425",4920,984,3936
"46426",5710,1142,4568
"46427",5315,1063,4252
"46428",5110,1022,4088
"46429",4555,911,3644
"46430",5190,1038,4152
"46431",4525,905,3620
"46432",6020,1204,4816
"46433",4790,958,3832
"46434",4075,815,3260
"46435",7080,1416,5664
"46436",5065,1013,4052
"46437",4435,887,3548
"46438",4390,878,3512
"46439",4440,888,3552
"46440",5310,1062,4248
"46441",5630,1126,4504
"46442",4080,816,3264
"46443",4730,946,3784
"46444",5005,1001,4004
"46445",4870,974,3896
"46446",3935,787,3148
"46447",4955,991,3964
"46448",3975,795,3180
"46449",3910,782,3128
"46450",4070,814,3256
"46451",3550,710,2840
"46452",4355,871,3484
"46453",8115,1623,6492
"46454",4540,908,3632
"46455",4295,859,3436
"46456",5420,1084,4336
"46457",5010,1002,4008
"46458",5110,1022,4088
"46459",4995,999,3996
"46460",4535,907,3628
"46461",3815,763,3052
"46462",4675,935,3740
"46463",4895,979,3916
"46464",4045,809,3236
"46465",4930,986,3944
"46466",3830,766,3064
"46467",3640,728,2912
"46468",4390,878,3512
"46469",3600,720,2880
"46470",5335,1067,4268
"46471",5170,1034,4136
"46472",4600,920,3680
"46473",5245,1049,4196
"46474",4795,959,3836
"46475",5425,1085,4340
"46476",4135,827,3308
"46477",4735,947,3788
"46478",5350,1070,4280
"46479",4630,926,3704
"46480",4295,859,3436
"46481",3755,751,3004
"46482",3515,703,2812
"46483",4950,990,3960
"46484",3425,685,2740
"46485",4185,837,3348
"46486",4640,928,3712
"46487",4205,841,3364
"46488",5555,1111,4444
"46489",4675,935,3740
"46490",3340,668,2672
"46491",4885,977,3908
"46492",5345,1069,4276
"46493",5295,1059,4236
"46494",3890,778,3112
"46495",4530,906,3624
"46496",4465,893,3572
"46497",6280,1256,5024
"46498",5700,1140,4560
"46499",6375,1275,5100
"46500",4945,989,3956
"46501",4965,993,3972
"46502",4070,814,3256
"46503",5160,1032,4128
"46504",4245,849,3396
"46505",3680,736,2944
"46506",5285,1057,4228
"46507",5165,1033,4132
"46508",4015,803,3212
"46509",4550,910,3640
"46510",4640,928,3712
"46511",5255,1051,4204
"46512",3665,733,2932
"46513",5440,1088,4352
"46514",3770,754,3016
"46515",5770,1154,4616
"46516",4195,839,3356
"46517",5265,1053,4212
"46518",4510,902,3608
"46519",5695,1139,4556
"46520",5575,1115,4460
"46521",3565,713,2852
"46522",5755,1151,4604
"46523",5095,1019,4076
"46524",3755,751,3004
"46525",4385,877,3508
"46526",4295,859,3436
"46527",4555,911,3644
"46528",4385,877,3508
"46529",3600,720,2880
"46530",3860,772,3088
"46531",4215,843,3372
"46532",4485,897,3588
"46533",5215,1043,4172
"46534",5150,1030,4120
"46535",4220,844,3376
"46536",3720,744,2976
"46537",4980,996,3984
"46538",4475,895,3580
"46539",3860,772,3088
"46540",4250,850,3400
"46541",3880,776,3104
"46542",3405,681,2724
"46543",3790,758,3032
"46544",3460,692,2768
"46545",6390,1278,5112
"46546",3985,797,3188
"46547",5710,1142,4568
"46548",4400,880,3520
"46549",6180,1236,4944
"46550",4590,918,3672
"46551",5745,1149,4596
"46552",5650,1130,4520
"46553",5050,1010,4040
"46554",4925,985,3940
"46555",3665,733,2932
"46556",4635,927,3708
"46557",5745,1149,4596
"46558",4155,831,3324
"46559",4230,846,3384
"46560",8865,1773,7092
"46561",3985,797,3188
"46562",3820,764,3056
"46563",5015,1003,4012
"46564",4875,975,3900
"46565",5340,1068,4272
"46566",5090,1018,4072
"46567",4810,962,3848
"46568",5015,1003,4012
"46569",3525,705,2820
"46570",5050,1010,4040
"46571",5860,1172,4688
"46572",3965,793,3172
"46573",3880,776,3104
"46574",5175,1035,4140
"46575",6955,1391,5564
"46576",3780,756,3024
"46577",6445,1289,5156
"46578",3725,745,2980
"46579",5520,1104,4416
"46580",5610,1122,4488
"46581",4580,916,3664
"46582",4645,929,3716
"46583",3810,762,3048
"46584",5025,1005,4020
"46585",3900,780,3120
"46586",5855,1171,4684
"46587",4415,883,3532
"46588",4820,964,3856
"46589",3945,789,3156
"46590",4585,917,3668
"46591",4405,881,3524
"46592",4055,811,3244
"46593",4795,959,3836
"46594",5475,1095,4380
"46595",4510,902,3608
"46596",6525,1305,5220
"46597",4590,918,3672
"46598",4355,871,3484
"46599",5090,1018,4072
"46600",5165,1033,4132
"46601",4830,966,3864
"46602",6235,1247,4988
"46603",4390,878,3512
"46604",4045,809,3236
"46605",5600,1120,4480
"46606",4165,833,3332
"46607",4425,885,3540
"46608",3925,785,3140
"46609",7705,1541,6164
"46610",3670,734,2936
"46611",7445,1489,5956
"46612",4990,998,3992
"46613",3640,728,2912
"46614",3970,794,3176
"46615",4935,987,3948
"46616",5055,1011,4044
"46617",3985,797,3188
"46618",4085,817,3268
"46619",6205,1241,4964
"46620",4115,823,3292
"46621",4345,869,3476
"46622",5605,1121,4484
"46623",4765,953,3812
"46624",3420,684,2736
"46625",3675,735,2940
"46626",6265,1253,5012
"46627",3720,744,2976
"46628",4165,833,3332
"46629",6905,1381,5524
"46630",3985,797,3188
"46631",4640,928,3712
"46632",4795,959,3836
"46633",4740,948,3792
"46634",4195,839,3356
"46635",5150,1030,4120
"46636",6840,1368,5472
"46637",6670,1334,5336
"46638",4430,886,3544
"46639",3215,643,2572
"46640",5200,1040,4160
"46641",3875,775,3100
"46642",5415,1083,4332
"46643",4395,879,3516
"46644",4895,979,3916
"46645",4595,919,3676
"46646",4275,855,3420
"46647",4160,832,3328
"46648",5780,1156,4624
"46649",3935,787,3148
"46650",4845,969,3876
"46651",5855,1171,4684
"46652",4645,929,3716
"46653",4130,826,3304
"46654",3715,743,2972
"46655",4790,958,3832
"46656",5260,1052,4208
"46657",4540,908,3632
"46658",6680,1336,5344
"46659",3980,796,3184
"46660",6375,1275,5100
"46661",4770,954,3816
"46662",3920,784,3136
"46663",4265,853,3412
"46664",4240,848,3392
"46665",4950,990,3960
"46666",4335,867,3468
"46667",5625,1125,4500
"46668",4430,886,3544
"46669",5855,1171,4684
"46670",4090,818,3272
"46671",5540,1108,4432
"46672",3870,774,3096
"46673",4325,865,3460
"46674",4735,947,3788
"46675",3910,782,3128
"46676",3580,716,2864
"46677",4985,997,3988
"46678",4345,869,3476
"46679",6340,1268,5072
"46680",5595,1119,4476
"46681",6480,1296,5184
"46682",6085,1217,4868
"46683",4340,868,3472
"46684",5500,1100,4400
"46685",4850,970,3880
"46686",4660,932,3728
"46687",4865,973,3892
"46688",4450,890,3560
"46689",3920,784,3136
"46690",4595,919,3676
"46691",4610,922,3688
"46692",4950,990,3960
"46693",4630,926,3704
"46694",3885,777,3108
"46695",4080,816,3264
"46696",5550,1110,4440
"46697",4625,925,3700
"46698",5335,1067,4268
"46699",4750,950,3800
"46700",4340,868,3472
"46701",4725,945,3780
"46702",6905,1381,5524
"46703",3905,781,3124
"46704",4405,881,3524
"46705",4150,830,3320
"46706",4385,877,3508
"46707",4500,900,3600
"46708",6035,1207,4828
"46709",3960,792,3168
"46710",5720,1144,4576
"46711",3470,694,2776
"46712",4780,956,3824
"46713",6430,1286,5144
"46714",5020,1004,4016
"46715",4510,902,3608
"46716",4660,932,3728
"46717",4800,960,3840
"46718",3725,745,2980
"46719",3930,786,3144
"46720",6060,1212,4848
"46721",5155,1031,4124
"46722",4895,979,3916
"46723",4055,811,3244
"46724",4270,854,3416
"46725",4480,896,3584
"46726",3680,736,2944
"46727",4530,906,3624
"46728",4775,955,3820
"46729",4845,969,3876
"46730",3955,791,3164
"46731",3825,765,3060
"46732",4780,956,3824
"46733",4615,923,3692
"46734",5450,1090,4360
"46735",4315,863,3452
"46736",5645,1129,4516
"46737",4150,830,3320
"46738",4415,883,3532
"46739",5145,1029,4116
"46740",4925,985,3940
"46741",5440,1088,4352
"46742",4005,801,3204
"46743",4245,849,3396
"46744",4540,908,3632
"46745",4080,816,3264
"46746",5745,1149,4596
"46747",3860,772,3088
"46748",4945,989,3956
"46749",4320,864,3456
"46750",7240,1448,5792
"46751",4110,822,3288
"46752",4885,977,3908
"46753",5445,1089,4356
"46754",4415,883,3532
"46755",5115,1023,4092
"46756",4610,922,3688
"46757",4060,812,3248
"46758",4935,987,3948
"46759",3945,789,3156
"46760",4175,835,3340
"46761",3805,761,3044
"46762",5260,1052,4208
"46763",3680,736,2944
"46764",4880,976,3904
"46765",4165,833,3332
"46766",5055,1011,4044
"46767",5200,1040,4160
"46768",4025,805,3220
"46769",5790,1158,4632
"46770",4115,823,3292
"46771",4820,964,3856
"46772",3520,704,2816
"46773",5930,1186,4744
"46774",4600,920,3680
"46775",4065,813,3252
"46776",3485,697,2788
"46777",5800,1160,4640
"46778",4995,999,3996
"46779",4510,902,3608
"46780",4205,841,3364
"46781",5960,1192,4768
"46782",5780,1156,4624
"46783",4520,904,3616
"46784",4870,974,3896
"46785",3830,766,3064
"46786",4450,890,3560
"46787",4570,914,3656
"46788",4660,932,3728
"46789",5100,1020,4080
"46790",3880,776,3104
"46791",4550,910,3640
"46792",4880,976,3904
"46793",4435,887,3548
"46794",5310,1062,4248
"46795",4400,880,3520
"46796",3850,770,3080
"46797",4590,918,3672
"46798",5000,1000,4000
"46799",5815,1163,4652
"46800",4400,880,3520
"46801",5400,1080,4320
"46802",4855,971,3884
"46803",4705,941,3764
"46804",4865,973,3892
"46805",5000,1000,4000
"46806",5460,1092,4368
"46807",5830,1166,4664
"46808",4480,896,3584
"46809",3705,741,2964
"46810",3925,785,3140
"46811",6165,1233,4932
"46812",4510,902,3608
"46813",4605,921,3684
"46814",3915,783,3132
"46815",5885,1177,4708
"46816",4435,887,3548
"46817",5150,1030,4120
"46818",4820,964,3856
"46819",3645,729,2916
"46820",3835,767,3068
"46821",5200,1040,4160
"46822",3420,684,2736
"46823",4545,909,3636
"46824",5295,1059,4236
"46825",7810,1562,6248
"46826",5380,1076,4304
"46827",4015,803,3212
"46828",5260,1052,4208
"46829",5505,1101,4404
"46830",4190,838,3352
"46831",4095,819,3276
"46832",5140,1028,4112
"46833",4415,883,3532
"46834",4495,899,3596
"46835",6110,1222,4888
"46836",4390,878,3512
"46837",4480,896,3584
"46838",3845,769,3076
"46839",4510,902,3608
"46840",4570,914,3656
"46841",5170,1034,4136
"46842",5425,1085,4340
"46843",5580,1116,4464
"46844",5585,1117,4468
"46845",5690,1138,4552
"46846",5060,1012,4048
"46847",3545,709,2836
"46848",5270,1054,4216
"46849",5115,1023,4092
"46850",7500,1500,6000
"46851",3960,792,3168
"46852",5090,1018,4072
"46853",4005,801,3204
"46854",4000,800,3200
"46855",3940,788,3152
"46856",4450,890,3560
"46857",3870,774,3096
"46858",4070,814,3256
"46859",4985,997,3988
"46860",5680,1136,4544
"46861",4480,896,3584
"46862",5425,1085,4340
"46863",5880,1176,4704
"46864",5740,1148,4592
"46865",3740,748,2992
"46866",4930,986,3944
"46867",4490,898,3592
"46868",7850,1570,6280
"46869",4560,912,3648
"46870",4830,966,3864
"46871",3650,730,2920
"46872",3700,740,2960
"46873",4710,942,3768
"46874",4420,884,3536
"46875",5835,1167,4668
"46876",3855,771,3084
"46877",4005,801,3204
"46878",4055,811,3244
"46879",5325,1065,4260
"46880",4045,809,3236
"46881",4615,923,3692
"46882",4410,882,3528
"46883",4000,800,3200
"46884",5760,1152,4608
"46885",5920,1184,4736
"46886",4290,858,3432
"46887",4645,929,3716
"46888",3845,769,3076
"46889",3295,659,2636
"46890",4315,863,3452
"46891",4075,815,3260
"46892",4605,921,3684
"46893",4050,810,3240
"46894",4575,915,3660
"46895",6435,1287,5148
"46896",4485,897,3588
"46897",4920,984,3936
"46898",3895,779,3116
"46899",3890,778,3112
"46900",4060,812,3248
"46901",5775,1155,4620
"46902",4760,952,3808
"46903",4520,904,3616
"46904",4835,967,3868
"46905",4440,888,3552
"46906",3435,687,2748
"46907",4835,967,3868
"46908",4390,878,3512
"46909",7120,1424,5696
"46910",5485,1097,4388
"46911",4710,942,3768
"46912",4140,828,3312
"46913",5360,1072,4288
"46914",4750,950,3800
"46915",4935,987,3948
"46916",4580,916,3664
"46917",4765,953,3812
"46918",6340,1268,5072
"46919",3650,730,2920
"46920",6635,1327,5308
"46921",5600,1120,4480
"46922",6090,1218,4872
"46923",3825,765,3060
"46924",5255,1051,4204
"46925",3935,787,3148
"46926",9525,1905,7620
"46927",4810,962,3848
"46928",4115,823,3292
"46929",4650,930,3720
"46930",5140,1028,4112
"46931",4490,898,3592
"46932",4310,862,3448
"46933",4060,812,3248
"46934",3845,769,3076
"46935",5560,1112,4448
"46936",4310,862,3448
"46937",4395,879,3516
"46938",5635,1127,4508
"46939",4765,953,3812
"46940",4215,843,3372
"46941",4010,802,3208
"46942",4665,933,3732
"46943",4840,968,3872
"46944",5520,1104,4416
"46945",4240,848,3392
"46946",4445,889,3556
"46947",4030,806,3224
"46948",5740,1148,4592
"46949",4815,963,3852
"46950",3815,763,3052
"46951",3620,724,2896
"46952",4060,812,3248
"46953",4395,879,3516
"46954",3775,755,3020
"46955",3650,730,2920
"46956",4040,808,3232
"46957",4215,843,3372
"46958",4260,852,3408
"46959",4300,860,3440
"46960",3640,728,2912
"46961",4225,845,3380
"46962",4675,935,3740
"46963",3545,709,2836
"46964",4770,954,3816
"46965",5935,1187,4748
"46966",5020,1004,4016
"46967",5400,1080,4320
"46968",6845,1369,5476
"46969",4175,835,3340
"46970",5510,1102,4408
"46971",4570,914,3656
"46972",4740,948,3792
"46973",4635,927,3708
"46974",4480,896,3584
"46975",5035,1007,4028
"46976",3630,726,2904
"46977",5145,1029,4116
"46978",4960,992,3968
"46979",4990,998,3992
"46980",6645,1329,5316
"46981",4940,988,3952
"46982",3870,774,3096
"46983",7255,1451,5804
"46984",5235,1047,4188
"46985",4785,957,3828
"46986",8210,1642,6568
"46987",6345,1269,5076
"46988",3635,727,2908
"46989",3775,755,3020
"46990",5570,1114,4456
"46991",5790,1158,4632
"46992",5495,1099,4396
"46993",4685,937,3748
"46994",3335,667,2668
"46995",4540,908,3632
"46996",5120,1024,4096
"46997",5010,1002,4008
"46998",5740,1148,4592
"46999",4240,848,3392
"47000",3925,785,3140
"47001",5235,1047,4188
"47002",4420,884,3536
"47003",4260,852,3408
"47004",4185,837,3348
"47005",5280,1056,4224
"47006",3965,793,3172
"47007",4575,915,3660
"47008",3870,774,3096
"47009",4870,974,3896
"47010",4045,809,3236
"47011",3915,783,3132
"47012",5155,1031,4124
"47013",4155,831,3324
"47014",5390,1078,4312
"47015",3915,783,3132
"47016",4450,890,3560
"47017",4210,842,3368
"47018",3985,797,3188
"47019",3960,792,3168
"47020",4695,939,3756
"47021",3820,764,3056
"47022",6485,1297,5188
"47023",4360,872,3488
"47024",4030,806,3224
"47025",4380,876,3504
"47026",4390,878,3512
"47027",4915,983,3932
"47028",4875,975,3900
"47029",4145,829,3316
"47030",3820,764,3056
"47031",4985,997,3988
"47032",5245,1049,4196
"47033",4360,872,3488
"47034",6275,1255,5020
"47035",5390,1078,4312
"47036",4360,872,3488
"47037",4340,868,3472
"47038",4800,960,3840
"47039",5830,1166,4664
"47040",5720,1144,4576
"47041",5105,1021,4084
"47042",5270,1054,4216
"47043",5095,1019,4076
"47044",3740,748,2992
"47045",5620,1124,4496
"47046",4330,866,3464
"47047",5315,1063,4252
"47048",4885,977,3908
"47049",4175,835,3340
"47050",3950,790,3160
"47051",4695,939,3756
"47052",5570,1114,4456
"47053",3780,756,3024
"47054",4870,974,3896
"47055",4460,892,3568
"47056",5670,1134,4536
"47057",4750,950,3800
"47058",5145,1029,4116
"47059",3875,775,3100
"47060",4655,931,3724
"47061",4240,848,3392
"47062",6955,1391,5564
"47063",5420,1084,4336
"47064",4025,805,3220
"47065",4060,812,3248
"47066",3415,683,2732
"47067",4850,970,3880
"47068",5230,1046,4184
"47069",5700,1140,4560
"47070",5260,1052,4208
"47071",4755,951,3804
"47072",3500,700,2800
"47073",5580,1116,4464
"47074",4080,816,3264
"47075",5725,1145,4580
"47076",4210,842,3368
"47077",4570,914,3656
"47078",3540,708,2832
"47079",4785,957,3828
"47080",3670,734,2936
"47081",3715,743,2972
"47082",4180,836,3344
"47083",6545,1309,5236
"47084",4095,819,3276
"47085",4950,990,3960
"47086",5950,1190,4760
"47087",5895,1179,4716
"47088",5620,1124,4496
"47089",3670,734,2936
"47090",5650,1130,4520
"47091",3755,751,3004
"47092",4695,939,3756
"47093",3785,757,3028
"47094",5935,1187,4748
"47095",3975,795,3180
"47096",5445,1089,4356
"47097",5545,1109,4436
"47098",4815,963,3852
"47099",5575,1115,4460
"47100",4555,911,3644
"47101",7355,1471,5884
"47102",4265,853,3412
"47103",4185,837,3348
"47104",6435,1287,5148
"47105",6080,1216,4864
"47106",4155,831,3324
"47107",4755,951,3804
"47108",3910,782,3128
"47109",3890,778,3112
"47110",5820,1164,4656
"47111",4970,994,3976
"47112",4495,899,3596
"47113",4490,898,3592
"47114",4415,883,3532
"47115",4715,943,3772
"47116",3710,742,2968
"47117",4805,961,3844
"47118",4095,819,3276
"47119",4935,987,3948
"47120",5590,1118,4472
"47121",3545,709,2836
"47122",3975,795,3180
"47123",4145,829,3316
"47124",5060,1012,4048
"47125",5570,1114,4456
"47126",5150,1030,4120
"47127",4525,905,3620
"47128",4820,964,3856
"47129",4780,956,3824
"47130",4800,960,3840
"47131",4645,929,3716
"47132",5690,1138,4552
"47133",3750,750,3000
"47134",4100,820,3280
"47135",5010,1002,4008
"47136",6130,1226,4904
"47137",4490,898,3592
"47138",4430,886,3544
"47139",4870,974,3896
"47140",4150,830,3320
"47141",5050,1010,4040
"47142",5220,1044,4176
"47143",4470,894,3576
"47144",4110,822,3288
"47145",5315,1063,4252
"47146",4665,933,3732
"47147",4370,874,3496
"47148",3840,768,3072
"47149",5005,1001,4004
"47150",4820,964,3856
"47151",4280,856,3424
"47152",6090,1218,4872
"47153",4460,892,3568
"47154",3980,796,3184
"47155",4750,950,3800
"47156",5035,1007,4028
"47157",5250,1050,4200
"47158",4300,860,3440
"47159",3875,775,3100
"47160",4000,800,3200
"47161",5130,1026,4104
"47162",3795,759,3036
"47163",6000,1200,4800
"47164",3300,660,2640
"47165",3975,795,3180
"47166",5310,1062,4248
"47167",3445,689,2756
"47168",5160,1032,4128
"47169",4345,869,3476
"47170",4945,989,3956
"47171",3610,722,2888
"47172",5780,1156,4624
"47173",3865,773,3092
"47174",4530,906,3624
"47175",4405,881,3524
"47176",4265,853,3412
"47177",4435,887,3548
"47178",5000,1000,4000
"47179",3965,793,3172
"47180",4895,979,3916
"47181",5895,1179,4716
"47182",3810,762,3048
"47183",4425,885,3540
"47184",4725,945,3780
"47185",4290,858,3432
"47186",4385,877,3508
"47187",7610,1522,6088
"47188",4030,806,3224
"47189",5720,1144,4576
"47190",4460,892,3568
"47191",3735,747,2988
"47192",4350,870,3480
"47193",4315,863,3452
"47194",4480,896,3584
"47195",4705,941,3764
"47196",6675,1335,5340
"47197",4835,967,3868
"47198",4965,993,3972
"47199",5235,1047,4188
"47200",5820,1164,4656
"47201",4485,897,3588
"47202",4065,813,3252
"47203",5230,1046,4184
"47204",4345,869,3476
"47205",4790,958,3832
"47206",4460,892,3568
"47207",4020,804,3216
"47208",4065,813,3252
"47209",5675,1135,4540
"47210",4625,925,3700
"47211",4120,824,3296
"47212",5510,1102,4408
"47213",5040,1008,4032
"47214",3975,795,3180
"47215",4680,936,3744
"47216",5080,1016,4064
"47217",6835,1367,5468
"47218",4115,823,3292
"47219",3800,760,3040
"47220",4525,905,3620
"47221",5095,1019,4076
"47222",4510,902,3608
"47223",5055,1011,4044
"47224",5050,1010,4040
"47225",4440,888,3552
"47226",5085,1017,4068
"47227",4675,935,3740
"47228",5390,1078,4312
"47229",5775,1155,4620
"47230",3605,721,2884
"47231",5090,1018,4072
"47232",4600,920,3680
"47233",4150,830,3320
"47234",5350,1070,4280
"47235",3740,748,2992
"47236",5510,1102,4408
"47237",3890,778,3112
"47238",4310,862,3448
"47239",3835,767,3068
"47240",4040,808,3232
"47241",5185,1037,4148
"47242",3955,791,3164
"47243",4630,926,3704
"47244",4615,923,3692
"47245",5510,1102,4408
"47246",6555,1311,5244
"47247",4565,913,3652
"47248",4945,989,3956
"47249",3625,725,2900
"47250",5685,1137,4548
"47251",6445,1289,5156
"47252",4645,929,3716
"47253",4575,915,3660
"47254",4895,979,3916
"47255",4850,970,3880
"47256",4370,874,3496
"47257",6365,1273,5092
"47258",4185,837,3348
"47259",8995,1799,7196
"47260",5090,1018,4072
"47261",5920,1184,4736
"47262",4485,897,3588
"47263",4750,950,3800
"47264",4360,872,3488
"47265",4945,989,3956
"47266",5580,1116,4464
"47267",4215,843,3372
"47268",5095,1019,4076
"47269",5450,1090,4360
"47270",3910,782,3128
"47271",4460,892,3568
"47272",4975,995,3980
"47273",4290,858,3432
"47274",4070,814,3256
"47275",4305,861,3444
"47276",3870,774,3096
"47277",3595,719,2876
"47278",4640,928,3712
"47279",4370,874,3496
"47280",4215,843,3372
"47281",3895,779,3116
"47282",3775,755,3020
"47283",4080,816,3264
"47284",6670,1334,5336
"47285",5350,1070,4280
"47286",3770,754,3016
"47287",4230,846,3384
"47288",6390,1278,5112
"47289",4890,978,3912
"47290",3715,743,2972
"47291",4065,813,3252
"47292",4785,957,3828
"47293",4785,957,3828
"47294",3765,753,3012
"47295",4215,843,3372
"47296",8020,1604,6416
"47297",5860,1172,4688
"47298",5410,1082,4328
"47299",3690,738,2952
"47300",5640,1128,4512
"47301",7160,1432,5728
"47302",4750,950,3800
"47303",3720,744,2976
"47304",4080,816,3264
"47305",5335,1067,4268
"47306",5005,1001,4004
"47307",4360,872,3488
"47308",4405,881,3524
"47309",5220,1044,4176
"47310",6175,1235,4940
"47311",7420,1484,5936
"47312",4555,911,3644
"47313",4430,886,3544
"47314",3905,781,3124
"47315",4770,954,3816
"47316",4545,909,3636
"47317",4435,887,3548
"47318",5950,1190,4760
"47319",3980,796,3184
"47320",3965,793,3172
"47321",3855,771,3084
"47322",4010,802,3208
"47323",3525,705,2820
"47324",5810,1162,4648
"47325",6290,1258,5032
"47326",5685,1137,4548
"47327",3775,755,3020
"47328",3800,760,3040
"47329",4990,998,3992
"47330",5125,1025,4100
"47331",7685,1537,6148
"47332",4750,950,3800
"47333",4725,945,3780
"47334",4355,871,3484
"47335",3815,763,3052
"47336",4245,849,3396
"47337",4920,984,3936
"47338",4445,889,3556
"47339",4505,901,3604
"47340",6565,1313,5252
"47341",5040,1008,4032
"47342",4105,821,3284
"47343",5160,1032,4128
"47344",4160,832,3328
"47345",3400,680,2720
"47346",5405,1081,4324
"47347",4655,931,3724
"47348",3235,647,2588
"47349",4280,856,3424
"47350",5715,1143,4572
"47351",4745,949,3796
"47352",4190,838,3352
"47353",4255,851,3404
"47354",4410,882,3528
"47355",4340,868,3472
"47356",4055,811,3244
"47357",4225,845,3380
"47358",4235,847,3388
"47359",3970,794,3176
"47360",4260,852,3408
"47361",3845,769,3076
"47362",3365,673,2692
"47363",4465,893,3572
"47364",4785,957,3828
"47365",3815,763,3052
"47366",4110,822,3288
"47367",7005,1401,5604
"47368",4745,949,3796
"47369",4065,813,3252
"47370",4585,917,3668
"47371",3880,776,3104
"47372",4635,927,3708
"47373",5225,1045,4180
"47374",4275,855,3420
"47375",4575,915,3660
"47376",3595,719,2876
"47377",3725,745,2980
"47378",4555,911,3644
"47379",3950,790,3160
"47380",4935,987,3948
"47381",3675,735,2940
"47382",5290,1058,4232
"47383",3650,730,2920
"47384",3860,772,3088
"47385",5060,1012,4048
"47386",4295,859,3436
"47387",5570,1114,4456
"47388",4815,963,3852
"47389",4175,835,3340
"47390",4695,939,3756
"47391",4120,824,3296
"47392",3765,753,3012
"47393",4965,993,3972
"47394",4960,992,3968
"47395",6380,1276,5104
"47396",6450,1290,5160
"47397",6145,1229,4916
"47398",5675,1135,4540
"47399",6120,1224,4896
"47400",4155,831,3324
"47401",3745,749,2996
"47402",4400,880,3520
"47403",3625,725,2900
"47404",4995,999,3996
"47405",5130,1026,4104
"47406",4920,984,3936
"47407",5865,1173,4692
"47408",4565,913,3652
"47409",4430,886,3544
"47410",3795,759,3036
"47411",5655,1131,4524
"47412",4050,810,3240
"47413",4565,913,3652
"47414",6815,1363,5452
"47415",4295,859,3436
"47416",4335,867,3468
"47417",4430,886,3544
"47418",4500,900,3600
"47419",3880,776,3104
"47420",4895,979,3916
"47421",3615,723,2892
"47422",4725,945,3780
"47423",6415,1283,5132
"47424",4680,936,3744
"47425",5025,1005,4020
"47426",4695,939,3756
"47427",4775,955,3820
"47428",5125,1025,4100
"47429",4775,955,3820
"47430",4555,911,3644
"47431",6125,1225,4900
"47432",4110,822,3288
"47433",3860,772,3088
"47434",3940,788,3152
"47435",4380,876,3504
"47436",4245,849,3396
"47437",5525,1105,4420
"47438",4270,854,3416
"47439",6785,1357,5428
"47440",4040,808,3232
"47441",5530,1106,4424
"47442",4310,862,3448
"47443",6660,1332,5328
"47444",4585,917,3668
"47445",5350,1070,4280
"47446",7155,1431,5724
"47447",5795,1159,4636
"47448",5000,1000,4000
"47449",3910,782,3128
"47450",5450,1090,4360
"47451",4620,924,3696
"47452",4715,943,3772
"47453",3945,789,3156
"47454",5085,1017,4068
"47455",3505,701,2804
"47456",4305,861,3444
"47457",5250,1050,4200
"47458",4040,808,3232
"47459",5275,1055,4220
"47460",4500,900,3600
"47461",4050,810,3240
"47462",4235,847,3388
"47463",5320,1064,4256
"47464",4405,881,3524
"47465",5005,1001,4004
"47466",4490,898,3592
"47467",5350,1070,4280
"47468",3610,722,2888
"47469",4925,985,3940
"47470",4700,940,3760
"47471",4575,915,3660
"47472",4760,952,3808
"47473",4970,994,3976
"47474",4885,977,3908
"47475",5165,1033,4132
"47476",7050,1410,5640
"47477",4725,945,3780
"47478",4255,851,3404
"47479",4935,987,3948
"47480",4510,902,3608
"47481",5195,1039,4156
"47482",4805,961,3844
"47483",4310,862,3448
"47484",5215,1043,4172
"47485",4500,900,3600
"47486",4210,842,3368
"47487",5480,1096,4384
"47488",5330,1066,4264
"47489",3930,786,3144
"47490",4650,930,3720
"47491",4760,952,3808
"47492",5700,1140,4560
"47493",8140,1628,6512
"47494",3645,729,2916
"47495",4460,892,3568
"47496",4495,899,3596
"47497",4260,852,3408
"47498",4605,921,3684
"47499",4635,927,3708
"47500",4980,996,3984
"47501",3645,729,2916
"47502",4270,854,3416
"47503",4145,829,3316
"47504",5020,1004,4016
"47505",4435,887,3548
"47506",5470,1094,4376
"47507",4690,938,3752
"47508",5695,1139,4556
"47509",4275,855,3420
"47510",4475,895,3580
"47511",4780,956,3824
"47512",4480,896,3584
"47513",4390,878,3512
"47514",5365,1073,4292
"47515",3865,773,3092
"47516",5390,1078,4312
"47517",3830,766,3064
"47518",4095,819,3276
"47519",5700,1140,4560
"47520",6135,1227,4908
"47521",5100,1020,4080
"47522",4755,951,3804
"47523",5185,1037,4148
"47524",4415,883,3532
"47525",4820,964,3856
"47526",5100,1020,4080
"47527",3630,726,2904
"47528",4155,831,3324
"47529",4725,945,3780
"47530",4185,837,3348
"47531",6210,1242,4968
"47532",4440,888,3552
"47533",4505,901,3604
"47534",4550,910,3640
"47535",4205,841,3364
"47536",4680,936,3744
"47537",4025,805,3220
"47538",4470,894,3576
"47539",4405,881,3524
"47540",4195,839,3356
"47541",4350,870,3480
"47542",4370,874,3496
"47543",4305,861,3444
"47544",5450,1090,4360
"47545",5765,1153,4612
"47546",4750,950,3800
"47547",4700,940,3760
"47548",5445,1089,4356
"47549",4585,917,3668
"47550",7270,1454,5816
"47551",3645,729,2916
"47552",5275,1055,4220
"47553",3850,770,3080
"47554",4705,941,3764
"47555",4635,927,3708
"47556",5460,1092,4368
"47557",5220,1044,4176
"47558",3140,628,2512
"47559",4055,811,3244
"47560",4400,880,3520
"47561",4260,852,3408
"47562",4165,833,3332
"47563",4695,939,3756
"47564",7515,1503,6012
"47565",4035,807,3228
"47566",5630,1126,4504
"47567",3500,700,2800
"47568",5435,1087,4348
"47569",4060,812,3248
"47570",3900,780,3120
"47571",4470,894,3576
"47572",3775,755,3020
"47573",4415,883,3532
"47574",4445,889,3556
"47575",5385,1077,4308
"47576",4120,824,3296
"47577",3395,679,2716
"47578",4250,850,3400
"47579",3295,659,2636
"47580",7525,1505,6020
"47581",6310,1262,5048
"47582",6215,1243,4972
"47583",4330,866,3464
"47584",4475,895,3580
"47585",3945,789,3156
"47586",5685,1137,4548
"47587",4505,901,3604
"47588",3885,777,3108
"47589",4635,927,3708
"47590",4030,806,3224
"47591",4755,951,3804
"47592",4365,873,3492
"47593",4860,972,3888
"47594",4335,867,3468
"47595",4820,964,3856
"47596",4515,903,3612
"47597",5555,1111,4444
"47598",4970,994,3976
"47599",4395,879,3516
"47600",4450,890,3560
"47601",3905,781,3124
"47602",4280,856,3424
"47603",4140,828,3312
"47604",3565,713,2852
"47605",4675,935,3740
"47606",3560,712,2848
"47607",5485,1097,4388
"47608",4165,833,3332
"47609",4055,811,3244
"47610",4940,988,3952
"47611",3705,741,2964
"47612",4030,806,3224
"47613",4490,898,3592
"47614",4345,869,3476
"47615",4035,807,3228
"47616",6630,1326,5304
"47617",4770,954,3816
"47618",4185,837,3348
"47619",5555,1111,4444
"47620",6125,1225,4900
"47621",5720,1144,4576
"47622",3995,799,3196
"47623",3910,782,3128
"47624",4230,846,3384
"47625",3950,790,3160
"47626",3560,712,2848
"47627",3885,777,3108
"47628",4385,877,3508
"47629",7340,1468,5872
"47630",4490,898,3592
"47631",5245,1049,4196
"47632",4945,989,3956
"47633",4675,935,3740
"47634",6435,1287,5148
"47635",5240,1048,4192
"47636",6165,1233,4932
"47637",4580,916,3664
"47638",5100,1020,4080
"47639",3955,791,3164
"47640",5325,1065,4260
"47641",6025,1205,4820
"47642",5620,1124,4496
"47643",4185,837,3348
"47644",7480,1496,5984
"47645",5065,1013,4052
"47646",5395,1079,4316
"47647",3865,773,3092
"47648",3360,672,2688
"47649",4410,882,3528
"47650",3780,756,3024
"47651",6775,1355,5420
"47652",3940,788,3152
"47653",3615,723,2892
"47654",6840,1368,5472
"47655",5360,1072,4288
"47656",4585,917,3668
"47657",5005,1001,4004
"47658",3975,795,3180
"47659",4870,974,3896
"47660",4560,912,3648
"47661",4320,864,3456
"47662",8925,1785,7140
"47663",3645,729,2916
"47664",3960,792,3168
"47665",4215,843,3372
"47666",3995,799,3196
"47667",4540,908,3632
"47668",3905,781,3124
"47669",4405,881,3524
"47670",4155,831,3324
"47671",5165,1033,4132
"47672",4925,985,3940
"47673",5455,1091,4364
"47674",3820,764,3056
"47675",4975,995,3980
"47676",4315,863,3452
"47677",4235,847,3388
"47678",4685,937,3748
"47679",3560,712,2848
"47680",4670,934,3736
"47681",4925,985,3940
"47682",6765,1353,5412
"47683",6385,1277,5108
"47684",5270,1054,4216
"47685",4210,842,3368
"47686",4285,857,3428
"47687",3485,697,2788
"47688",5905,1181,4724
"47689",3620,724,2896
"47690",3980,796,3184
"47691",5920,1184,4736
"47692",4710,942,3768
"47693",5840,1168,4672
"47694",4255,851,3404
"47695",4125,825,3300
"47696",4530,906,3624
"47697",4950,990,3960
"47698",4625,925,3700
"47699",3370,674,2696
"47700",4230,846,3384
"47701",3350,670,2680
"47702",4810,962,3848
"47703",4775,955,3820
"47704",4475,895,3580
"47705",3970,794,3176
"47706",5735,1147,4588
"47707",4485,897,3588
"47708",4300,860,3440
"47709",5160,1032,4128
"47710",4180,836,3344
"47711",5115,1023,4092
"47712",5440,1088,4352
"47713",3460,692,2768
"47714",4295,859,3436
"47715",4825,965,3860
"47716",5435,1087,4348
"47717",4745,949,3796
"47718",5010,1002,4008
"47719",5240,1048,4192
"47720",7220,1444,5776
"47721",5545,1109,4436
"47722",3545,709,2836
"47723",5865,1173,4692
"47724",5165,1033,4132
"47725",6495,1299,5196
"47726",4200,840,3360
"47727",4055,811,3244
"47728",4870,974,3896
"47729",5770,1154,4616
"47730",4910,982,3928
"47731",4550,910,3640
"47732",4700,940,3760
"47733",5940,1188,4752
"47734",3650,730,2920
"47735",4355,871,3484
"47736",5215,1043,4172
"47737",3890,778,3112
"47738",4475,895,3580
"47739",6115,1223,4892
"47740",4770,954,3816
"47741",5220,1044,4176
"47742",6150,1230,4920
"47743",4495,899,3596
"47744",6450,1290,5160
"47745",4190,838,3352
"47746",5730,1146,4584
"47747",4300,860,3440
"47748",4785,957,3828
"47749",5430,1086,4344
"47750",4665,933,3732
"47751",3735,747,2988
"47752",4320,864,3456
"47753",4030,806,3224
"47754",4895,979,3916
"47755",4560,912,3648
"47756",5615,1123,4492
"47757",6275,1255,5020
"47758",4185,837,3348
"47759",5220,1044,4176
"47760",7520,1504,6016
"47761",4290,858,3432
"47762",5105,1021,4084
"47763",5415,1083,4332
"47764",6420,1284,5136
"47765",4425,885,3540
"47766",3875,775,3100
"47767",7525,1505,6020
"47768",4700,940,3760
"47769",5120,1024,4096
"47770",3560,712,2848
"47771",3740,748,2992
"47772",5605,1121,4484
"47773",5110,1022,4088
"47774",4750,950,3800
"47775",4085,817,3268
"47776",4395,879,3516
"47777",3895,779,3116
"47778",5245,1049,4196
"47779",4530,906,3624
"47780",4295,859,3436
"47781",3405,681,2724
"47782",4495,899,3596
"47783",4885,977,3908
"47784",3905,781,3124
"47785",3465,693,2772
"47786",5075,1015,4060
"47787",5330,1066,4264
"47788",5050,1010,4040
"47789",4430,886,3544
"47790",6585,1317,5268
"47791",5200,1040,4160
"47792",3905,781,3124
"47793",5475,1095,4380
"47794",4655,931,3724
"47795",5355,1071,4284
"47796",4090,818,3272
"47797",4145,829,3316
"47798",4510,902,3608
"47799",4105,821,3284
"47800",3985,797,3188
"47801",3785,757,3028
"47802",4415,883,3532
"47803",5175,1035,4140
"47804",4395,879,3516
"47805",3835,767,3068
"47806",4480,896,3584
"47807",5105,1021,4084
"47808",4165,833,3332
"47809",4670,934,3736
"47810",4515,903,3612
"47811",6735,1347,5388
"47812",4455,891,3564
"47813",3915,783,3132
"47814",4575,915,3660
"47815",6200,1240,4960
"47816",4835,967,3868
"47817",4590,918,3672
"47818",3815,763,3052
"47819",4350,870,3480
"47820",4965,993,3972
"47821",3845,769,3076
"47822",4645,929,3716
"47823",5405,1081,4324
"47824",5065,1013,4052
"47825",4080,816,3264
"47826",3990,798,3192
"47827",4575,915,3660
"47828",4855,971,3884
"47829",4105,821,3284
"47830",4085,817,3268
"47831",4400,880,3520
"47832",4705,941,3764
"47833",3720,744,2976
"47834",5665,1133,4532
"47835",6965,1393,5572
"47836",5300,1060,4240
"47837",4100,820,3280
"47838",4200,840,3360
"47839",4745,949,3796
"47840",5685,1137,4548
"47841",4380,876,3504
"47842",4115,823,3292
"47843",4105,821,3284
"47844",5275,1055,4220
"47845",4395,879,3516
"47846",5170,1034,4136
"47847",5130,1026,4104
"47848",4855,971,3884
"47849",4600,920,3680
"47850",6120,1224,4896
"47851",4215,843,3372
"47852",4280,856,3424
"47853",4335,867,3468
"47854",4320,864,3456
"47855",4765,953,3812
"47856",3135,627,2508
"47857",5195,1039,4156
"47858",4705,941,3764
"47859",4730,946,3784
"47860",4660,932,3728
"47861",4115,823,3292
"47862",4615,923,3692
"47863",5065,1013,4052
"47864",5955,1191,4764
"47865",5020,1004,4016
"47866",4205,841,3364
"47867",5630,1126,4504
"47868",4725,945,3780
"47869",5760,1152,4608
"47870",5070,1014,4056
"47871",4425,885,3540
"47872",5095,1019,4076
"47873",4635,927,3708
"47874",4545,909,3636
"47875",5225,1045,4180
"47876",4120,824,3296
"47877",3765,753,3012
"47878",6385,1277,5108
"47879",6160,1232,4928
"47880",4770,954,3816
"47881",4425,885,3540
"47882",4615,923,3692
"47883",4525,905,3620
"47884",5295,1059,4236
"47885",5390,1078,4312
"47886",4685,937,3748
"47887",6090,1218,4872
"47888",4445,889,3556
"47889",5365,1073,4292
"47890",5700,1140,4560
"47891",3550,710,2840
"47892",5685,1137,4548
"47893",3765,753,3012
"47894",3950,790,3160
"47895",5720,1144,4576
"47896",5485,1097,4388
"47897",3755,751,3004
"47898",5445,1089,4356
"47899",4770,954,3816
"47900",5085,1017,4068
"47901",5005,1001,4004
"47902",4495,899,3596
"47903",3880,776,3104
"47904",4965,993,3972
"47905",4645,929,3716
"47906",5830,1166,4664
"47907",4570,914,3656
"47908",4760,952,3808
"47909",4675,935,3740
"47910",5230,1046,4184
"47911",4445,889,3556
"47912",3315,663,2652
"47913",5110,1022,4088
"47914",4575,915,3660
"47915",5195,1039,4156
"47916",4265,853,3412
"47917",5375,1075,4300
"47918",4640,928,3712
"47919",4065,813,3252
"47920",5195,1039,4156
"47921",4080,816,3264
"47922",4110,822,3288
"47923",4615,923,3692
"47924",6175,1235,4940
"47925",4385,877,3508
"47926",6150,1230,4920
"47927",3915,783,3132
"47928",4115,823,3292
"47929",5340,1068,4272
"47930",4150,830,3320
"47931",5535,1107,4428
"47932",4660,932,3728
"47933",4465,893,3572
"47934",4365,873,3492
"47935",4630,926,3704
"47936",5080,1016,4064
"47937",5140,1028,4112
"47938",5520,1104,4416
"47939",4035,807,3228
"47940",6065,1213,4852
"47941",4205,841,3364
"47942",4185,837,3348
"47943",5630,1126,4504
"47944",3970,794,3176
"47945",4275,855,3420
"47946",4055,811,3244
"47947",5480,1096,4384
"47948",5190,1038,4152
"47949",3590,718,2872
"47950",3910,782,3128
"47951",5255,1051,4204
"47952",5990,1198,4792
"47953",5235,1047,4188
"47954",4800,960,3840
"47955",4775,955,3820
"47956",4555,911,3644
"47957",4715,943,3772
"47958",4355,871,3484
"47959",4215,843,3372
"47960",4140,828,3312
"47961",4100,820,3280
"47962",5750,1150,4600
"47963",5080,1016,4064
"47964",4005,801,3204
"47965",5425,1085,4340
"47966",3875,775,3100
"47967",5025,1005,4020
"47968",6665,1333,5332
"47969",3700,740,2960
"47970",5720,1144,4576
"47971",5825,1165,4660
"47972",4645,929,3716
"47973",7495,1499,5996
"47974",4700,940,3760
"47975",4540,908,3632
"47976",4940,988,3952
"47977",5005,1001,4004
"47978",5190,1038,4152
"47979",4385,877,3508
"47980",4535,907,3628
"47981",5275,1055,4220
"47982",4410,882,3528
"47983",3745,749,2996
"47984",3850,770,3080
"47985",5525,1105,4420
"47986",5545,1109,4436
"47987",4150,830,3320
"47988",6385,1277,5108
"47989",3475,695,2780
"47990",6020,1204,4816
"47991",3975,795,3180
"47992",4190,838,3352
"47993",4890,978,3912
"47994",4440,888,3552
"47995",4455,891,3564
"47996",3820,764,3056
"47997",4215,843,3372
"47998",2945,589,2356
"47999",3855,771,3084
"48000",4050,810,3240
"48001",4810,962,3848
"48002",4435,887,3548
"48003",4095,819,3276
"48004",5680,1136,4544
"48005",3320,664,2656
"48006",5775,1155,4620
"48007",4540,908,3632
"48008",5705,1141,4564
"48009",4025,805,3220
"48010",4000,800,3200
"48011",3700,740,2960
"48012",5105,1021,4084
"48013",4040,808,3232
"48014",5440,1088,4352
"48015",4795,959,3836
"48016",4030,806,3224
"48017",3995,799,3196
"48018",3570,714,2856
"48019",4380,876,3504
"48020",4985,997,3988
"48021",4240,848,3392
"48022",4975,995,3980
"48023",4445,889,3556
"48024",4170,834,3336
"48025",4135,827,3308
"48026",5300,1060,4240
"48027",6005,1201,4804
"48028",4450,890,3560
"48029",4140,828,3312
"48030",5345,1069,4276
"48031",5410,1082,4328
"48032",3380,676,2704
"48033",5070,1014,4056
"48034",3840,768,3072
"48035",5465,1093,4372
"48036",5165,1033,4132
"48037",5315,1063,4252
"48038",3960,792,3168
"48039",5195,1039,4156
"48040",4505,901,3604
"48041",5120,1024,4096
"48042",4045,809,3236
"48043",5685,1137,4548
"48044",5600,1120,4480
"48045",4770,954,3816
"48046",4310,862,3448
"48047",5070,1014,4056
"48048",4665,933,3732
"48049",4545,909,3636
"48050",3850,770,3080
"48051",6365,1273,5092
"48052",4660,932,3728
"48053",4515,903,3612
"48054",5395,1079,4316
"48055",3805,761,3044
"48056",5200,1040,4160
"48057",4595,919,3676
"48058",4820,964,3856
"48059",5370,1074,4296
"48060",6760,1352,5408
"48061",4755,951,3804
"48062",3740,748,2992
"48063",3885,777,3108
"48064",4010,802,3208
"48065",4740,948,3792
"48066",4105,821,3284
"48067",3880,776,3104
"48068",5105,1021,4084
"48069",3910,782,3128
"48070",5435,1087,4348
"48071",4875,975,3900
"48072",3395,679,2716
"48073",4150,830,3320
"48074",4105,821,3284
"48075",4140,828,3312
"48076",4145,829,3316
"48077",4130,826,3304
"48078",5105,1021,4084
"48079",4535,907,3628
"48080",4695,939,3756
"48081",5810,1162,4648
"48082",4085,817,3268
"48083",5145,1029,4116
"48084",4975,995,3980
"48085",4870,974,3896
"48086",5200,1040,4160
"48087",5040,1008,4032
"48088",3430,686,2744
"48089",5145,1029,4116
"48090",4595,919,3676
"48091",5040,1008,4032
"48092",3865,773,3092
"48093",4435,887,3548
"48094",4100,820,3280
"48095",3915,783,3132
"48096",5465,1093,4372
"48097",3245,649,2596
"48098",4180,836,3344
"48099",5730,1146,4584
"48100",4420,884,3536
"48101",5535,1107,4428
"48102",4175,835,3340
"48103",4165,833,3332
"48104",4215,843,3372
"48105",4185,837,3348
"48106",4275,855,3420
"48107",4285,857,3428
"48108",4720,944,3776
"48109",4235,847,3388
"48110",4395,879,3516
"48111",6085,1217,4868
"48112",4495,899,3596
"48113",4215,843,3372
"48114",5640,1128,4512
"48115",4150,830,3320
"48116",5235,1047,4188
"48117",4510,902,3608
"48118",4155,831,3324
"48119",6585,1317,5268
"48120",3350,670,2680
"48121",4730,946,3784
"48122",3910,782,3128
"48123",3415,683,2732
"48124",3905,781,3124
"48125",4875,975,3900
"48126",6680,1336,5344
"48127",3975,795,3180
"48128",4545,909,3636
"48129",6140,1228,4912
"48130",4055,811,3244
"48131",3635,727,2908
"48132",4045,809,3236
"48133",4355,871,3484
"48134",4110,822,3288
"48135",5705,1141,4564
"48136",4450,890,3560
"48137",5380,1076,4304
"48138",4480,896,3584
"48139",4875,975,3900
"48140",3655,731,2924
"48141",7175,1435,5740
"48142",4450,890,3560
"48143",3425,685,2740
"48144",3915,783,3132
"48145",3605,721,2884
"48146",4580,916,3664
"48147",4580,916,3664
"48148",3770,754,3016
"48149",4890,978,3912
"48150",5025,1005,4020
"48151",3675,735,2940
"48152",3975,795,3180
"48153",3460,692,2768
"48154",3885,777,3108
"48155",4785,957,3828
"48156",3985,797,3188
"48157",4970,994,3976
"48158",4645,929,3716
"48159",4750,950,3800
"48160",5945,1189,4756
"48161",5440,1088,4352
"48162",4420,884,3536
"48163",3820,764,3056
"48164",5350,1070,4280
"48165",4110,822,3288
"48166",4565,913,3652
"48167",4065,813,3252
"48168",6400,1280,5120
"48169",5230,1046,4184
"48170",5585,1117,4468
"48171",4490,898,3592
"48172",6805,1361,5444
"48173",6435,1287,5148
"48174",4655,931,3724
"48175",5245,1049,4196
"48176",5155,1031,4124
"48177",4050,810,3240
"48178",3660,732,2928
"48179",4110,822,3288
"48180",6020,1204,4816
"48181",4690,938,3752
"48182",5250,1050,4200
"48183",3670,734,2936
"48184",4100,820,3280
"48185",4450,890,3560
"48186",3390,678,2712
"48187",4475,895,3580
"48188",5975,1195,4780
"48189",7605,1521,6084
"48190",5410,1082,4328
"48191",4005,801,3204
"48192",6140,1228,4912
"48193",3560,712,2848
"48194",6400,1280,5120
"48195",4940,988,3952
"48196",5490,1098,4392
"48197",3975,795,3180
"48198",3965,793,3172
"48199",6720,1344,5376
"48200",4630,926,3704
"48201",4960,992,3968
"48202",4075,815,3260
"48203",4955,991,3964
"48204",4990,998,3992
"48205",4580,916,3664
"48206",4145,829,3316
"48207",5250,1050,4200
"48208",5875,1175,4700
"48209",5620,1124,4496
"48210",3565,713,2852
"48211",4370,874,3496
"48212",6110,1222,4888
"48213",5585,1117,4468
"48214",3845,769,3076
"48215",6310,1262,5048
"48216",5085,1017,4068
"48217",5345,1069,4276
"48218",5700,1140,4560
"48219",3780,756,3024
"48220",5390,1078,4312
"48221",4150,830,3320
"48222",6275,1255,5020
"48223",7975,1595,6380
"48224",4430,886,3544
"48225",4840,968,3872
"48226",4915,983,3932
"48227",4370,874,3496
"48228",3835,767,3068
"48229",4625,925,3700
"48230",3555,711,2844
"48231",4450,890,3560
"48232",4660,932,3728
"48233",4250,850,3400
"48234",4915,983,3932
"48235",4900,980,3920
"48236",4815,963,3852
"48237",5905,1181,4724
"48238",3855,771,3084
"48239",4285,857,3428
"48240",4675,935,3740
"48241",4425,885,3540
"48242",4330,866,3464
"48243",3910,782,3128
"48244",4455,891,3564
"48245",4110,822,3288
"48246",3655,731,2924
"48247",4010,802,3208
"48248",4975,995,3980
"48249",6105,1221,4884
"48250",4710,942,3768
"48251",5355,1071,4284
"48252",4830,966,3864
"48253",4500,900,3600
"48254",4290,858,3432
"48255",5375,1075,4300
"48256",6870,1374,5496
"48257",5370,1074,4296
"48258",5040,1008,4032
"48259",4930,986,3944
"48260",4295,859,3436
"48261",4020,804,3216
"48262",5175,1035,4140
"48263",5895,1179,4716
"48264",4625,925,3700
"48265",4310,862,3448
"48266",5150,1030,4120
"48267",3790,758,3032
"48268",5270,1054,4216
"48269",4010,802,3208
"48270",6170,1234,4936
"48271",7020,1404,5616
"48272",6150,1230,4920
"48273",4050,810,3240
"48274",4480,896,3584
"48275",4260,852,3408
"48276",4025,805,3220
"48277",3995,799,3196
"48278",5570,1114,4456
"48279",4190,838,3352
"48280",4215,843,3372
"48281",3935,787,3148
"48282",4240,848,3392
"48283",4730,946,3784
"48284",5430,1086,4344
"48285",4145,829,3316
"48286",3565,713,2852
"48287",5830,1166,4664
"48288",4165,833,3332
"48289",4940,988,3952
"48290",4225,845,3380
"48291",4300,860,3440
"48292",3960,792,3168
"48293",4840,968,3872
"48294",4650,930,3720
"48295",4125,825,3300
"48296",5670,1134,4536
"48297",4815,963,3852
"48298",4825,965,3860
"48299",6815,1363,5452
"48300",5065,1013,4052
"48301",4090,818,3272
"48302",5785,1157,4628
"48303",5345,1069,4276
"48304",5085,1017,4068
"48305",7155,1431,5724
"48306",5075,1015,4060
"48307",5080,1016,4064
"48308",3995,799,3196
"48309",4475,895,3580
"48310",4265,853,3412
"48311",4350,870,3480
"48312",3990,798,3192
"48313",4805,961,3844
"48314",4500,900,3600
"48315",3610,722,2888
"48316",5035,1007,4028
"48317",4245,849,3396
"48318",3535,707,2828
"48319",4310,862,3448
"48320",4715,943,3772
"48321",4345,869,3476
"48322",3355,671,2684
"48323",4675,935,3740
"48324",7315,1463,5852
"48325",8020,1604,6416
"48326",4865,973,3892
"48327",4885,977,3908
"48328",6830,1366,5464
"48329",3995,799,3196
"48330",5130,1026,4104
"48331",4855,971,3884
"48332",5400,1080,4320
"48333",4320,864,3456
"48334",4955,991,3964
"48335",3960,792,3168
"48336",4250,850,3400
"48337",4090,818,3272
"48338",3175,635,2540
"48339",4015,803,3212
"48340",5525,1105,4420
"48341",3715,743,2972
"48342",4785,957,3828
"48343",3735,747,2988
"48344",6005,1201,4804
"48345",4355,871,3484
"48346",4365,873,3492
"48347",4025,805,3220
"48348",5385,1077,4308
"48349",3505,701,2804
"48350",4325,865,3460
"48351",4855,971,3884
"48352",5035,1007,4028
"48353",5785,1157,4628
"48354",3970,794,3176
"48355",3670,734,2936
"48356",6385,1277,5108
"48357",5260,1052,4208
"48358",5475,1095,4380
"48359",4290,858,3432
"48360",3835,767,3068
"48361",4680,936,3744
"48362",4445,889,3556
"48363",3655,731,2924
"48364",5040,1008,4032
"48365",5035,1007,4028
"48366",4075,815,3260
"48367",3760,752,3008
"48368",4880,976,3904
"48369",5450,1090,4360
"48370",5545,1109,4436
"48371",4045,809,3236
"48372",5080,1016,4064
"48373",4045,809,3236
"48374",6430,1286,5144
"48375",4720,944,3776
"48376",5410,1082,4328
"48377",5160,1032,4128
"48378",4325,865,3460
"48379",10370,2074,8296
"48380",3970,794,3176
"48381",5045,1009,4036
"48382",4065,813,3252
"48383",5750,1150,4600
"48384",8395,1679,6716
"48385",4500,900,3600
"48386",4760,952,3808
"48387",4415,883,3532
"48388",5540,1108,4432
"48389",4400,880,3520
"48390",5465,1093,4372
"48391",4165,833,3332
"48392",4275,855,3420
"48393",4140,828,3312
"48394",4780,956,3824
"48395",3700,740,2960
"48396",4220,844,3376
"48397",5555,1111,4444
"48398",4530,906,3624
"48399",5680,1136,4544
"48400",4325,865,3460
"48401",4225,845,3380
"48402",5020,1004,4016
"48403",5850,1170,4680
"48404",3940,788,3152
"48405",4670,934,3736
"48406",4580,916,3664
"48407",4770,954,3816
"48408",3450,690,2760
"48409",4750,950,3800
"48410",4670,934,3736
"48411",4050,810,3240
"48412",4725,945,3780
"48413",4545,909,3636
"48414",3825,765,3060
"48415",4080,816,3264
"48416",3935,787,3148
"48417",4750,950,3800
"48418",3605,721,2884
"48419",4965,993,3972
"48420",4095,819,3276
"48421",4480,896,3584
"48422",5480,1096,4384
"48423",5450,1090,4360
"48424",4545,909,3636
"48425",4040,808,3232
"48426",6790,1358,5432
"48427",5985,1197,4788
"48428",5355,1071,4284
"48429",6390,1278,5112
"48430",5460,1092,4368
"48431",6535,1307,5228
"48432",3995,799,3196
"48433",4255,851,3404
"48434",4200,840,3360
"48435",5075,1015,4060
"48436",6445,1289,5156
"48437",4255,851,3404
"48438",3945,789,3156
"48439",4295,859,3436
"48440",3280,656,2624
"48441",4630,926,3704
"48442",5780,1156,4624
"48443",5460,1092,4368
"48444",3835,767,3068
"48445",5700,1140,4560
"48446",6870,1374,5496
"48447",5230,1046,4184
"48448",5615,1123,4492
"48449",6285,1257,5028
"48450",4320,864,3456
"48451",4700,940,3760
"48452",5835,1167,4668
"48453",4925,985,3940
"48454",3930,786,3144
"48455",4430,886,3544
"48456",5280,1056,4224
"48457",5185,1037,4148
"48458",5405,1081,4324
"48459",5150,1030,4120
"48460",5485,1097,4388
"48461",4510,902,3608
"48462",4020,804,3216
"48463",4035,807,3228
"48464",5075,1015,4060
"48465",4655,931,3724
"48466",3605,721,2884
"48467",4765,953,3812
"48468",5495,1099,4396
"48469",7340,1468,5872
"48470",5875,1175,4700
"48471",4450,890,3560
"48472",5170,1034,4136
"48473",4560,912,3648
"48474",4485,897,3588
"48475",5700,1140,4560
"48476",3905,781,3124
"48477",3910,782,3128
"48478",6490,1298,5192
"48479",3880,776,3104
"48480",3435,687,2748
"48481",3965,793,3172
"48482",4880,976,3904
"48483",3815,763,3052
"48484",3725,745,2980
"48485",2980,596,2384
"48486",3845,769,3076
"48487",4330,866,3464
"48488",4170,834,3336
"48489",5605,1121,4484
"48490",2925,585,2340
"48491",5315,1063,4252
"48492",4270,854,3416
"48493",5550,1110,4440
"48494",4200,840,3360
"48495",3965,793,3172
"48496",4675,935,3740
"48497",5200,1040,4160
"48498",5995,1199,4796
"48499",4085,817,3268
"48500",4050,810,3240
"48501",4650,930,3720
"48502",4220,844,3376
"48503",4375,875,3500
"48504",5115,1023,4092
"48505",4575,915,3660
"48506",4955,991,3964
"48507",4140,828,3312
"48508",7885,1577,6308
"48509",4710,942,3768
"48510",5790,1158,4632
"48511",4975,995,3980
"48512",4465,893,3572
"48513",4135,827,3308
"48514",5170,1034,4136
"48515",4540,908,3632
"48516",4585,917,3668
"48517",6375,1275,5100
"48518",4705,941,3764
"48519",4025,805,3220
"48520",5215,1043,4172
"48521",4635,927,3708
"48522",4390,878,3512
"48523",3635,727,2908
"48524",3795,759,3036
"48525",4555,911,3644
"48526",3805,761,3044
"48527",4395,879,3516
"48528",4465,893,3572
"48529",5060,1012,4048
"48530",4265,853,3412
"48531",6425,1285,5140
"48532",4380,876,3504
"48533",5705,1141,4564
"48534",6110,1222,4888
"48535",3765,753,3012
"48536",3655,731,2924
"48537",3885,777,3108
"48538",4575,915,3660
"48539",5095,1019,4076
"48540",5975,1195,4780
"48541",4575,915,3660
"48542",4220,844,3376
"48543",4630,926,3704
"48544",3670,734,2936
"48545",4175,835,3340
"48546",4540,908,3632
"48547",4430,886,3544
"48548",4310,862,3448
"48549",4715,943,3772
"48550",5050,1010,4040
"48551",4125,825,3300
"48552",3300,660,2640
"48553",5695,1139,4556
"48554",4545,909,3636
"48555",4530,906,3624
"48556",4145,829,3316
"48557",4420,884,3536
"48558",4360,872,3488
"48559",5065,1013,4052
"48560",5280,1056,4224
"48561",5800,1160,4640
"48562",5445,1089,4356
"48563",4910,982,3928
"48564",4820,964,3856
"48565",4065,813,3252
"48566",4945,989,3956
"48567",4855,971,3884
"48568",4215,843,3372
"48569",4150,830,3320
"48570",3895,779,3116
"48571",4230,846,3384
"48572",4140,828,3312
"48573",4880,976,3904
"48574",3745,749,2996
"48575",3945,789,3156
"48576",4590,918,3672
"48577",4125,825,3300
"48578",5485,1097,4388
"48579",4560,912,3648
"48580",5405,1081,4324
"48581",5255,1051,4204
"48582",5175,1035,4140
"48583",5445,1089,4356
"48584",3805,761,3044
"48585",4355,871,3484
"48586",5310,1062,4248
"48587",4790,958,3832
"48588",3790,758,3032
"48589",6150,1230,4920
"48590",5325,1065,4260
"48591",5115,1023,4092
"48592",5310,1062,4248
"48593",5025,1005,4020
"48594",3655,731,2924
"48595",6520,1304,5216
"48596",4080,816,3264
"48597",6175,1235,4940
"48598",5625,1125,4500
"48599",4720,944,3776
"48600",3925,785,3140
"48601",5205,1041,4164
"48602",5390,1078,4312
"48603",4530,906,3624
"48604",5250,1050,4200
"48605",3895,779,3116
"48606",4190,838,3352
"48607",5050,1010,4040
"48608",4840,968,3872
"48609",5150,1030,4120
"48610",3595,719,2876
"48611",4710,942,3768
"48612",4300,860,3440
"48613",4325,865,3460
"48614",4300,860,3440
"48615",4895,979,3916
"48616",5415,1083,4332
"48617",4945,989,3956
"48618",4815,963,3852
"48619",4105,821,3284
"48620",4265,853,3412
"48621",4570,914,3656
"48622",8360,1672,6688
"48623",4180,836,3344
"48624",4720,944,3776
"48625",5450,1090,4360
"48626",4380,876,3504
"48627",4370,874,3496
"48628",3730,746,2984
"48629",3785,757,3028
"48630",4375,875,3500
"48631",4275,855,3420
"48632",4875,975,3900
"48633",4655,931,3724
"48634",6045,1209,4836
"48635",6290,1258,5032
"48636",3750,750,3000
"48637",4485,897,3588
"48638",4560,912,3648
"48639",3750,750,3000
"48640",4500,900,3600
"48641",5170,1034,4136
"48642",4820,964,3856
"48643",4850,970,3880
"48644",4555,911,3644
"48645",3750,750,3000
"48646",4175,835,3340
"48647",4405,881,3524
"48648",4550,910,3640
"48649",5630,1126,4504
"48650",5515,1103,4412
"48651",4190,838,3352
"48652",5640,1128,4512
"48653",4560,912,3648
"48654",4895,979,3916
"48655",4510,902,3608
"48656",4360,872,3488
"48657",3595,719,2876
"48658",4630,926,3704
"48659",4820,964,3856
"48660",7545,1509,6036
"48661",3880,776,3104
"48662",4395,879,3516
"48663",4810,962,3848
"48664",6380,1276,5104
"48665",5105,1021,4084
"48666",5120,1024,4096
"48667",4415,883,3532
"48668",6180,1236,4944
"48669",3660,732,2928
"48670",5560,1112,4448
"48671",4335,867,3468
"48672",5285,1057,4228
"48673",4210,842,3368
"48674",6070,1214,4856
"48675",4255,851,3404
"48676",5090,1018,4072
"48677",4035,807,3228
"48678",6520,1304,5216
"48679",4995,999,3996
"48680",4655,931,3724
"48681",4760,952,3808
"48682",4775,955,3820
"48683",5270,1054,4216
"48684",5760,1152,4608
"48685",3760,752,3008
"48686",4390,878,3512
"48687",4230,846,3384
"48688",4355,871,3484
"48689",4030,806,3224
"48690",7060,1412,5648
"48691",4485,897,3588
"48692",3900,780,3120
"48693",4185,837,3348
"48694",5290,1058,4232
"48695",4450,890,3560
"48696",4875,975,3900
"48697",3680,736,2944
"48698",3875,775,3100
"48699",4125,825,3300
"48700",4295,859,3436
"48701",4650,930,3720
"48702",4940,988,3952
"48703",4395,879,3516
"48704",4890,978,3912
"48705",4840,968,3872
"48706",3900,780,3120
"48707",5000,1000,4000
"48708",4145,829,3316
"48709",4160,832,3328
"48710",4305,861,3444
"48711",4640,928,3712
"48712",6515,1303,5212
"48713",5680,1136,4544
"48714",3285,657,2628
"48715",4570,914,3656
"48716",4155,831,3324
"48717",4635,927,3708
"48718",3980,796,3184
"48719",3930,786,3144
"48720",3340,668,2672
"48721",6025,1205,4820
"48722",4925,985,3940
"48723",5715,1143,4572
"48724",4070,814,3256
"48725",4505,901,3604
"48726",4315,863,3452
"48727",4665,933,3732
"48728",5450,1090,4360
"48729",4505,901,3604
"48730",4570,914,3656
"48731",5360,1072,4288
"48732",4050,810,3240
"48733",4555,911,3644
"48734",3345,669,2676
"48735",4550,910,3640
"48736",3890,778,3112
"48737",4455,891,3564
"48738",5215,1043,4172
"48739",4010,802,3208
"48740",3865,773,3092
"48741",4730,946,3784
"48742",4750,950,3800
"48743",3900,780,3120
"48744",3845,769,3076
"48745",5635,1127,4508
"48746",4080,816,3264
"48747",3840,768,3072
"48748",4715,943,3772
"48749",4425,885,3540
"48750",5150,1030,4120
"48751",4990,998,3992
"48752",5170,1034,4136
"48753",6380,1276,5104
"48754",4825,965,3860
"48755",4205,841,3364
"48756",3825,765,3060
"48757",4240,848,3392
"48758",3600,720,2880
"48759",4560,912,3648
"48760",3695,739,2956
"48761",3905,781,3124
"48762",4760,952,3808
"48763",5815,1163,4652
"48764",5295,1059,4236
"48765",3740,748,2992
"48766",5080,1016,4064
"48767",4760,952,3808
"48768",6050,1210,4840
"48769",4110,822,3288
"48770",5505,1101,4404
"48771",6395,1279,5116
"48772",4080,816,3264
"48773",3885,777,3108
"48774",4715,943,3772
"48775",4135,827,3308
"48776",6125,1225,4900
"48777",4005,801,3204
"48778",4385,877,3508
"48779",5740,1148,4592
"48780",5840,1168,4672
"48781",4550,910,3640
"48782",4015,803,3212
"48783",4515,903,3612
"48784",6510,1302,5208
"48785",7720,1544,6176
"48786",3570,714,2856
"48787",4270,854,3416
"48788",4315,863,3452
"48789",4690,938,3752
"48790",4370,874,3496
"48791",3740,748,2992
"48792",4720,944,3776
"48793",5480,1096,4384
"48794",4400,880,3520
"48795",5565,1113,4452
"48796",3925,785,3140
"48797",4900,980,3920
"48798",4460,892,3568
"48799",4960,992,3968
"48800",4130,826,3304
"48801",4320,864,3456
"48802",4575,915,3660
"48803",3915,783,3132
"48804",3890,778,3112
"48805",4985,997,3988
"48806",4755,951,3804
"48807",4420,884,3536
"48808",4355,871,3484
"48809",4220,844,3376
"48810",6185,1237,4948
"48811",4845,969,3876
"48812",3835,767,3068
"48813",5150,1030,4120
"48814",3580,716,2864
"48815",4775,955,3820
"48816",3870,774,3096
"48817",4205,841,3364
"48818",4920,984,3936
"48819",3555,711,2844
"48820",5455,1091,4364
"48821",4490,898,3592
"48822",7175,1435,5740
"48823",3950,790,3160
"48824",5140,1028,4112
"48825",4515,903,3612
"48826",4455,891,3564
"48827",5540,1108,4432
"48828",5445,1089,4356
"48829",4500,900,3600
"48830",5465,1093,4372
"48831",5135,1027,4108
"48832",3600,720,2880
"48833",4270,854,3416
"48834",6175,1235,4940
"48835",5075,1015,4060
"48836",4045,809,3236
"48837",4790,958,3832
"48838",4410,882,3528
"48839",4725,945,3780
"48840",5110,1022,4088
"48841",6440,1288,5152
"48842",5610,1122,4488
"48843",4120,824,3296
"48844",4970,994,3976
"48845",4030,806,3224
"48846",5215,1043,4172
"48847",5305,1061,4244
"48848",4680,936,3744
"48849",4630,926,3704
"48850",3985,797,3188
"48851",4155,831,3324
"48852",4250,850,3400
"48853",4220,844,3376
"48854",4785,957,3828
"48855",4845,969,3876
"48856",4450,890,3560
"48857",5585,1117,4468
"48858",5315,1063,4252
"48859",4640,928,3712
"48860",5650,1130,4520
"48861",6765,1353,5412
"48862",3985,797,3188
"48863",4685,937,3748
"48864",3770,754,3016
"48865",5735,1147,4588
"48866",6625,1325,5300
"48867",5575,1115,4460
"48868",5375,1075,4300
"48869",4720,944,3776
"48870",5270,1054,4216
"48871",7070,1414,5656
"48872",4085,817,3268
"48873",4250,850,3400
"48874",5425,1085,4340
"48875",4475,895,3580
"48876",4395,879,3516
"48877",4725,945,3780
"48878",7115,1423,5692
"48879",4095,819,3276
"48880",4600,920,3680
"48881",3990,798,3192
"48882",4935,987,3948
"48883",3765,753,3012
"48884",5315,1063,4252
"48885",4425,885,3540
"48886",6155,1231,4924
"48887",5945,1189,4756
"48888",4280,856,3424
"48889",5160,1032,4128
"48890",4730,946,3784
"48891",4035,807,3228
"48892",4570,914,3656
"48893",5670,1134,4536
"48894",4565,913,3652
"48895",3820,764,3056
"48896",5810,1162,4648
"48897",7010,1402,5608
"48898",5820,1164,4656
"48899",4955,991,3964
"48900",5360,1072,4288
"48901",3105,621,2484
"48902",5550,1110,4440
"48903",5050,1010,4040
"48904",4935,987,3948
"48905",5640,1128,4512
"48906",4915,983,3932
"48907",3920,784,3136
"48908",5080,1016,4064
"48909",4390,878,3512
"48910",4310,862,3448
"48911",4355,871,3484
"48912",4025,805,3220
"48913",5285,1057,4228
"48914",4815,963,3852
"48915",4975,995,3980
"48916",4740,948,3792
"48917",5420,1084,4336
"48918",4265,853,3412
"48919",4735,947,3788
"48920",4830,966,3864
"48921",4660,932,3728
"48922",5685,1137,4548
"48923",3815,763,3052
"48924",5330,1066,4264
"48925",4895,979,3916
"48926",4045,809,3236
"48927",5315,1063,4252
"48928",4940,988,3952
"48929",5055,1011,4044
"48930",3785,757,3028
"48931",4985,997,3988
"48932",4090,818,3272
"48933",4310,862,3448
"48934",4405,881,3524
"48935",4615,923,3692
"48936",5165,1033,4132
"48937",4105,821,3284
"48938",4115,823,3292
"48939",4555,911,3644
"48940",4850,970,3880
"48941",5145,1029,4116
"48942",5390,1078,4312
"48943",4510,902,3608
"48944",5115,1023,4092
"48945",4800,960,3840
"48946",3860,772,3088
"48947",3945,789,3156
"48948",5870,1174,4696
"48949",3235,647,2588
"48950",4505,901,3604
"48951",4680,936,3744
"48952",6395,1279,5116
"48953",5555,1111,4444
"48954",7755,1551,6204
"48955",4610,922,3688
"48956",6225,1245,4980
"48957",4300,860,3440
"48958",4450,890,3560
"48959",5040,1008,4032
"48960",6710,1342,5368
"48961",7420,1484,5936
"48962",3555,711,2844
"48963",4585,917,3668
"48964",4210,842,3368
"48965",4075,815,3260
"48966",4540,908,3632
"48967",7455,1491,5964
"48968",4710,942,3768
"48969",4385,877,3508
"48970",7135,1427,5708
"48971",4145,829,3316
"48972",4865,973,3892
"48973",5345,1069,4276
"48974",4355,871,3484
"48975",3545,709,2836
"48976",5145,1029,4116
"48977",4495,899,3596
"48978",3615,723,2892
"48979",3795,759,3036
"48980",6670,1334,5336
"48981",5365,1073,4292
"48982",5335,1067,4268
"48983",4165,833,3332
"48984",4120,824,3296
"48985",3760,752,3008
"48986",4370,874,3496
"48987",3300,660,2640
"48988",4170,834,3336
"48989",4070,814,3256
"48990",4890,978,3912
"48991",3450,690,2760
"48992",4285,857,3428
"48993",5470,1094,4376
"48994",5400,1080,4320
"48995",6120,1224,4896
"48996",4555,911,3644
"48997",5510,1102,4408
"48998",4545,909,3636
"48999",4560,912,3648
"49000",4920,984,3936
"49001",4050,810,3240
"49002",5245,1049,4196
"49003",3740,748,2992
"49004",4440,888,3552
"49005",4335,867,3468
"49006",4975,995,3980
"49007",4670,934,3736
"49008",4520,904,3616
"49009",3860,772,3088
"49010",6130,1226,4904
"49011",4750,950,3800
"49012",4335,867,3468
"49013",3945,789,3156
"49014",5515,1103,4412
"49015",3865,773,3092
"49016",4495,899,3596
"49017",3995,799,3196
"49018",4550,910,3640
"49019",3800,760,3040
"49020",4900,980,3920
"49021",3960,792,3168
"49022",4730,946,3784
"49023",5395,1079,4316
"49024",5740,1148,4592
"49025",4995,999,3996
"49026",4545,909,3636
"49027",6550,1310,5240
"49028",5990,1198,4792
"49029",5485,1097,4388
"49030",4775,955,3820
"49031",4405,881,3524
"49032",5020,1004,4016
"49033",5125,1025,4100
"49034",5140,1028,4112
"49035",5600,1120,4480
"49036",5720,1144,4576
"49037",6370,1274,5096
"49038",4465,893,3572
"49039",5155,1031,4124
"49040",5590,1118,4472
"49041",5445,1089,4356
"49042",5120,1024,4096
"49043",5090,1018,4072
"49044",4005,801,3204
"49045",3875,775,3100
"49046",4330,866,3464
"49047",4355,871,3484
"49048",5250,1050,4200
"49049",4185,837,3348
"49050",4180,836,3344
"49051",3930,786,3144
"49052",4745,949,3796
"49053",5070,1014,4056
"49054",4590,918,3672
"49055",4050,810,3240
"49056",5470,1094,4376
"49057",4770,954,3816
"49058",4795,959,3836
"49059",4890,978,3912
"49060",3970,794,3176
"49061",5735,1147,4588
"49062",4080,816,3264
"49063",4110,822,3288
"49064",4860,972,3888
"49065",6030,1206,4824
"49066",3475,695,2780
"49067",4735,947,3788
"49068",5380,1076,4304
"49069",4515,903,3612
"49070",6100,1220,4880
"49071",4840,968,3872
"49072",6285,1257,5028
"49073",5130,1026,4104
"49074",4910,982,3928
"49075",4805,961,3844
"49076",4165,833,3332
"49077",4310,862,3448
"49078",3925,785,3140
"49079",4300,860,3440
"49080",4385,877,3508
"49081",4850,970,3880
"49082",4605,921,3684
"49083",5280,1056,4224
"49084",4545,909,3636
"49085",4025,805,3220
"49086",6215,1243,4972
"49087",4130,826,3304
"49088",4140,828,3312
"49089",5350,1070,4280
"49090",4485,897,3588
"49091",4400,880,3520
"49092",3810,762,3048
"49093",5745,1149,4596
"49094",3730,746,2984
"49095",4725,945,3780
"49096",4995,999,3996
"49097",4200,840,3360
"49098",3970,794,3176
"49099",5320,1064,4256
"49100",4060,812,3248
"49101",3960,792,3168
"49102",6355,1271,5084
"49103",5260,1052,4208
"49104",4185,837,3348
"49105",3710,742,2968
"49106",4455,891,3564
"49107",4505,901,3604
"49108",4575,915,3660
"49109",4075,815,3260
"49110",4745,949,3796
"49111",5245,1049,4196
"49112",5170,1034,4136
"49113",4165,833,3332
"49114",3800,760,3040
"49115",3455,691,2764
"49116",5515,1103,4412
"49117",5595,1119,4476
"49118",6575,1315,5260
"49119",3805,761,3044
"49120",3950,790,3160
"49121",5115,1023,4092
"49122",5875,1175,4700
"49123",4490,898,3592
"49124",3840,768,3072
"49125",4125,825,3300
"49126",4930,986,3944
"49127",4010,802,3208
"49128",5045,1009,4036
"49129",3835,767,3068
"49130",4175,835,3340
"49131",4210,842,3368
"49132",3405,681,2724
"49133",6670,1334,5336
"49134",3075,615,2460
"49135",5225,1045,4180
"49136",7935,1587,6348
"49137",4395,879,3516
"49138",3760,752,3008
"49139",5225,1045,4180
"49140",3790,758,3032
"49141",3345,669,2676
"49142",4275,855,3420
"49143",5025,1005,4020
"49144",5405,1081,4324
"49145",4345,869,3476
"49146",4540,908,3632
"49147",4615,923,3692
"49148",4425,885,3540
"49149",5165,1033,4132
"49150",5655,1131,4524
"49151",5630,1126,4504
"49152",4205,841,3364
"49153",5640,1128,4512
"49154",5605,1121,4484
"49155",3845,769,3076
"49156",4620,924,3696
"49157",3805,761,3044
"49158",5025,1005,4020
"49159",5300,1060,4240
"49160",4050,810,3240
"49161",4300,860,3440
"49162",4705,941,3764
"49163",5160,1032,4128
"49164",5175,1035,4140
"49165",5505,1101,4404
"49166",4425,885,3540
"49167",4900,980,3920
"49168",5330,1066,4264
"49169",4320,864,3456
"49170",4240,848,3392
"49171",4015,803,3212
"49172",4030,806,3224
"49173",5170,1034,4136
"49174",4760,952,3808
"49175",4550,910,3640
"49176",4190,838,3352
"49177",5015,1003,4012
"49178",4015,803,3212
"49179",3485,697,2788
"49180",5430,1086,4344
"49181",3860,772,3088
"49182",4910,982,3928
"49183",4095,819,3276
"49184",4060,812,3248
"49185",4675,935,3740
"49186",3645,729,2916
"49187",4435,887,3548
"49188",3570,714,2856
"49189",7105,1421,5684
"49190",3940,788,3152
"49191",4855,971,3884
"49192",5710,1142,4568
"49193",4700,940,3760
"49194",3520,704,2816
"49195",4005,801,3204
"49196",4350,870,3480
"49197",3835,767,3068
"49198",6680,1336,5344
"49199",6220,1244,4976
"49200",5170,1034,4136
"49201",4430,886,3544
"49202",6610,1322,5288
"49203",3960,792,3168
"49204",5210,1042,4168
"49205",3830,766,3064
"49206",4880,976,3904
"49207",4370,874,3496
"49208",4215,843,3372
"49209",5860,1172,4688
"49210",4765,953,3812
"49211",3965,793,3172
"49212",5520,1104,4416
"49213",5105,1021,4084
"49214",4670,934,3736
"49215",4755,951,3804
"49216",5345,1069,4276
"49217",4160,832,3328
"49218",4815,963,3852
"49219",4915,983,3932
"49220",5890,1178,4712
"49221",4365,873,3492
"49222",4365,873,3492
"49223",4495,899,3596
"49224",5810,1162,4648
"49225",4385,877,3508
"49226",5025,1005,4020
"49227",4410,882,3528
"49228",3610,722,2888
"49229",4195,839,3356
"49230",4495,899,3596
"49231",3840,768,3072
"49232",4625,925,3700
"49233",5795,1159,4636
"49234",4115,823,3292
"49235",6020,1204,4816
"49236",4820,964,3856
"49237",3780,756,3024
"49238",4990,998,3992
"49239",4440,888,3552
"49240",4825,965,3860
"49241",5845,1169,4676
"49242",4455,891,3564
"49243",4720,944,3776
"49244",4305,861,3444
"49245",4005,801,3204
"49246",7655,1531,6124
"49247",3695,739,2956
"49248",4415,883,3532
"49249",4185,837,3348
"49250",4855,971,3884
"49251",6060,1212,4848
"49252",4105,821,3284
"49253",4270,854,3416
"49254",4165,833,3332
"49255",5550,1110,4440
"49256",4690,938,3752
"49257",6210,1242,4968
"49258",4245,849,3396
"49259",3865,773,3092
"49260",5780,1156,4624
"49261",3575,715,2860
"49262",4170,834,3336
"49263",5210,1042,4168
"49264",8100,1620,6480
"49265",4145,829,3316
"49266",3605,721,2884
"49267",5465,1093,4372
"49268",6730,1346,5384
"49269",5440,1088,4352
"49270",4015,803,3212
"49271",4815,963,3852
"49272",4235,847,3388
"49273",4435,887,3548
"49274",4650,930,3720
"49275",5250,1050,4200
"49276",5500,1100,4400
"49277",5925,1185,4740
"49278",5740,1148,4592
"49279",5490,1098,4392
"49280",5630,1126,4504
"49281",4115,823,3292
"49282",4325,865,3460
"49283",4260,852,3408
"49284",3960,792,3168
"49285",5090,1018,4072
"49286",4685,937,3748
"49287",4765,953,3812
"49288",4950,990,3960
"49289",5110,1022,4088
"49290",5200,1040,4160
"49291",4345,869,3476
"49292",4275,855,3420
"49293",4115,823,3292
"49294",5020,1004,4016
"49295",4285,857,3428
"49296",4415,883,3532
"49297",5375,1075,4300
"49298",4375,875,3500
"49299",4535,907,3628
"49300",3945,789,3156
"49301",4005,801,3204
"49302",4585,917,3668
"49303",3380,676,2704
"49304",3665,733,2932
"49305",4560,912,3648
"49306",4790,958,3832
"49307",4215,843,3372
"49308",3810,762,3048
"49309",5245,1049,4196
"49310",4810,962,3848
"49311",4115,823,3292
"49312",4615,923,3692
"49313",4850,970,3880
"49314",4965,993,3972
"49315",7370,1474,5896
"49316",4425,885,3540
"49317",5400,1080,4320
"49318",4190,838,3352
"49319",4585,917,3668
"49320",4230,846,3384
"49321",4705,941,3764
"49322",3960,792,3168
"49323",5560,1112,4448
"49324",4250,850,3400
"49325",9350,1870,7480
"49326",5185,1037,4148
"49327",3520,704,2816
"49328",3625,725,2900
"49329",5165,1033,4132
"49330",5890,1178,4712
"49331",5150,1030,4120
"49332",3860,772,3088
"49333",4550,910,3640
"49334",5405,1081,4324
"49335",7450,1490,5960
"49336",4475,895,3580
"49337",3770,754,3016
"49338",4355,871,3484
"49339",8875,1775,7100
"49340",4330,866,3464
"49341",4815,963,3852
"49342",5550,1110,4440
"49343",6055,1211,4844
"49344",5980,1196,4784
"49345",3820,764,3056
"49346",4880,976,3904
"49347",3520,704,2816
"49348",3775,755,3020
"49349",3725,745,2980
"49350",3685,737,2948
"49351",4400,880,3520
"49352",4905,981,3924
"49353",3965,793,3172
"49354",5650,1130,4520
"49355",4970,994,3976
"49356",4275,855,3420
"49357",8380,1676,6704
"49358",4160,832,3328
"49359",4095,819,3276
"49360",5210,1042,4168
"49361",3940,788,3152
"49362",4040,808,3232
"49363",3750,750,3000
"49364",4720,944,3776
"49365",4425,885,3540
"49366",5805,1161,4644
"49367",5560,1112,4448
"49368",4650,930,3720
"49369",4280,856,3424
"49370",4105,821,3284
"49371",7945,1589,6356
"49372",4820,964,3856
"49373",5035,1007,4028
"49374",4270,854,3416
"49375",5070,1014,4056
"49376",5310,1062,4248
"49377",3410,682,2728
"49378",6390,1278,5112
"49379",5110,1022,4088
"49380",3445,689,2756
"49381",4695,939,3756
"49382",5485,1097,4388
"49383",4765,953,3812
"49384",4770,954,3816
"49385",4360,872,3488
"49386",3980,796,3184
"49387",3845,769,3076
"49388",5315,1063,4252
"49389",3825,765,3060
"49390",4650,930,3720
"49391",4870,974,3896
"49392",4690,938,3752
"49393",5950,1190,4760
"49394",3580,716,2864
"49395",5750,1150,4600
"49396",4200,840,3360
"49397",4850,970,3880
"49398",4665,933,3732
"49399",5110,1022,4088
"49400",4025,805,3220
"49401",5210,1042,4168
"49402",5225,1045,4180
"49403",3690,738,2952
"49404",5320,1064,4256
"49405",5360,1072,4288
"49406",5325,1065,4260
"49407",6240,1248,4992
"49408",4320,864,3456
"49409",3595,719,2876
"49410",3800,760,3040
"49411",4650,930,3720
"49412",3590,718,2872
"49413",3530,706,2824
"49414",3900,780,3120
"49415",5985,1197,4788
"49416",4915,983,3932
"49417",3660,732,2928
"49418",4025,805,3220
"49419",4805,961,3844
"49420",4580,916,3664
"49421",5840,1168,4672
"49422",4390,878,3512
"49423",3480,696,2784
"49424",4715,943,3772
"49425",4390,878,3512
"49426",5530,1106,4424
"49427",4120,824,3296
"49428",4610,922,3688
"49429",4495,899,3596
"49430",6515,1303,5212
"49431",4395,879,3516
"49432",6075,1215,4860
"49433",4550,910,3640
"49434",3645,729,2916
"49435",3755,751,3004
"49436",5480,1096,4384
"49437",5100,1020,4080
"49438",3985,797,3188
"49439",4955,991,3964
"49440",5175,1035,4140
"49441",4885,977,3908
"49442",5710,1142,4568
"49443",4905,981,3924
"49444",4440,888,3552
"49445",4980,996,3984
"49446",5715,1143,4572
"49447",5330,1066,4264
"49448",3935,787,3148
"49449",5965,1193,4772
"49450",3420,684,2736
"49451",5620,1124,4496
"49452",5815,1163,4652
"49453",5180,1036,4144
"49454",4080,816,3264
"49455",5025,1005,4020
"49456",4260,852,3408
"49457",5160,1032,4128
"49458",7285,1457,5828
"49459",11400,2280,9120
"49460",5340,1068,4272
"49461",5720,1144,4576
"49462",4545,909,3636
"49463",4225,845,3380
"49464",4155,831,3324
"49465",3905,781,3124
"49466",4310,862,3448
"49467",4065,813,3252
"49468",4005,801,3204
"49469",5305,1061,4244
"49470",5700,1140,4560
"49471",5155,1031,4124
"49472",4970,994,3976
"49473",6720,1344,5376
"49474",4665,933,3732
"49475",4235,847,3388
"49476",6705,1341,5364
"49477",5475,1095,4380
"49478",3715,743,2972
"49479",6185,1237,4948
"49480",3705,741,2964
"49481",5985,1197,4788
"49482",3960,792,3168
"49483",4240,848,3392
"49484",5580,1116,4464
"49485",5725,1145,4580
"49486",4385,877,3508
"49487",4570,914,3656
"49488",4835,967,3868
"49489",4580,916,3664
"49490",4620,924,3696
"49491",6585,1317,5268
"49492",4480,896,3584
"49493",3870,774,3096
"49494",4205,841,3364
"49495",4460,892,3568
"49496",4500,900,3600
"49497",4545,909,3636
"49498",4790,958,3832
"49499",4315,863,3452
"49500",5125,1025,4100
"49501",4125,825,3300
"49502",4430,886,3544
"49503",3735,747,2988
"49504",4175,835,3340
"49505",4030,806,3224
"49506",3700,740,2960
"49507",4845,969,3876
"49508",4725,945,3780
"49509",4875,975,3900
"49510",5020,1004,4016
"49511",5320,1064,4256
"49512",4830,966,3864
"49513",5545,1109,4436
"49514",4705,941,3764
"49515",5665,1133,4532
"49516",5420,1084,4336
"49517",5220,1044,4176
"49518",8700,1740,6960
"49519",8925,1785,7140
"49520",4360,872,3488
"49521",3915,783,3132
"49522",4640,928,3712
"49523",4870,974,3896
"49524",4905,981,3924
"49525",4755,951,3804
"49526",4645,929,3716
"49527",6860,1372,5488
"49528",5000,1000,4000
"49529",4300,860,3440
"49530",3865,773,3092
"49531",3295,659,2636
"49532",4220,844,3376
"49533",4210,842,3368
"49534",4455,891,3564
"49535",3865,773,3092
"49536",4900,980,3920
"49537",5375,1075,4300
"49538",3860,772,3088
"49539",5020,1004,4016
"49540",4430,886,3544
"49541",4280,856,3424
"49542",4715,943,3772
"49543",5245,1049,4196
"49544",3910,782,3128
"49545",3685,737,2948
"49546",5410,1082,4328
"49547",5705,1141,4564
"49548",5090,1018,4072
"49549",4505,901,3604
"49550",4580,916,3664
"49551",6770,1354,5416
"49552",4515,903,3612
"49553",3815,763,3052
"49554",5615,1123,4492
"49555",5115,1023,4092
"49556",4545,909,3636
"49557",4430,886,3544
"49558",3755,751,3004
"49559",4215,843,3372
"49560",4055,811,3244
"49561",4065,813,3252
"49562",4620,924,3696
"49563",4415,883,3532
"49564",4240,848,3392
"49565",4635,927,3708
"49566",4185,837,3348
"49567",6705,1341,5364
"49568",4770,954,3816
"49569",3700,740,2960
"49570",3825,765,3060
"49571",4410,882,3528
"49572",4020,804,3216
"49573",5040,1008,4032
"49574",7125,1425,5700
"49575",3910,782,3128
"49576",4175,835,3340
"49577",5070,1014,4056
"49578",5505,1101,4404
"49579",5495,1099,4396
"49580",4750,950,3800
"49581",6335,1267,5068
"49582",5640,1128,4512
"49583",7155,1431,5724
"49584",5890,1178,4712
"49585",4120,824,3296
"49586",4645,929,3716
"49587",5200,1040,4160
"49588",3955,791,3164
"49589",4705,941,3764
"49590",5030,1006,4024
"49591",3900,780,3120
"49592",4150,830,3320
"49593",5145,1029,4116
"49594",4355,871,3484
"49595",6510,1302,5208
"49596",5005,1001,4004
"49597",4490,898,3592
"49598",3900,780,3120
"49599",3800,760,3040
"49600",3485,697,2788
"49601",5790,1158,4632
"49602",6035,1207,4828
"49603",4825,965,3860
"49604",4175,835,3340
"49605",3760,752,3008
"49606",4350,870,3480
"49607",3615,723,2892
"49608",6605,1321,5284
"49609",5590,1118,4472
"49610",3930,786,3144
"49611",5950,1190,4760
"49612",4935,987,3948
"49613",4940,988,3952
"49614",4040,808,3232
"49615",5835,1167,4668
"49616",4745,949,3796
"49617",4250,850,3400
"49618",4400,880,3520
"49619",5410,1082,4328
"49620",4440,888,3552
"49621",4265,853,3412
"49622",4355,871,3484
"49623",5975,1195,4780
"49624",4470,894,3576
"49625",4340,868,3472
"49626",6010,1202,4808
"49627",5180,1036,4144
"49628",4370,874,3496
"49629",5190,1038,4152
"49630",5375,1075,4300
"49631",4385,877,3508
"49632",4390,878,3512
"49633",4780,956,3824
"49634",5610,1122,4488
"49635",4545,909,3636
"49636",5340,1068,4272
"49637",4720,944,3776
"49638",4395,879,3516
"49639",4390,878,3512
"49640",6040,1208,4832
"49641",4245,849,3396
"49642",5190,1038,4152
"49643",4995,999,3996
"49644",4820,964,3856
"49645",4695,939,3756
"49646",4225,845,3380
"49647",4265,853,3412
"49648",5340,1068,4272
"49649",4835,967,3868
"49650",4560,912,3648
"49651",3870,774,3096
"49652",5400,1080,4320
"49653",5355,1071,4284
"49654",5495,1099,4396
"49655",5385,1077,4308
"49656",5135,1027,4108
"49657",3645,729,2916
"49658",4780,956,3824
"49659",4920,984,3936
"49660",5105,1021,4084
"49661",4710,942,3768
"49662",4195,839,3356
"49663",4695,939,3756
"49664",4140,828,3312
"49665",3875,775,3100
"49666",6145,1229,4916
"49667",4450,890,3560
"49668",4110,822,3288
"49669",4795,959,3836
"49670",3880,776,3104
"49671",3945,789,3156
"49672",4520,904,3616
"49673",4975,995,3980
"49674",5050,1010,4040
"49675",4480,896,3584
"49676",4365,873,3492
"49677",5700,1140,4560
"49678",3955,791,3164
"49679",4755,951,3804
"49680",4205,841,3364
"49681",4435,887,3548
"49682",4540,908,3632
"49683",4110,822,3288
"49684",4725,945,3780
"49685",5140,1028,4112
"49686",4380,876,3504
"49687",4500,900,3600
"49688",3995,799,3196
"49689",5900,1180,4720
"49690",4790,958,3832
"49691",3730,746,2984
"49692",5525,1105,4420
"49693",4990,998,3992
"49694",5365,1073,4292
"49695",5435,1087,4348
"49696",5750,1150,4600
"49697",4315,863,3452
"49698",4275,855,3420
"49699",3685,737,2948
"49700",6105,1221,4884
"49701",4060,812,3248
"49702",4740,948,3792
"49703",5030,1006,4024
"49704",3995,799,3196
"49705",7045,1409,5636
"49706",5595,1119,4476
"49707",5485,1097,4388
"49708",4860,972,3888
"49709",4395,879,3516
"49710",3510,702,2808
"49711",4205,841,3364
"49712",4605,921,3684
"49713",3985,797,3188
"49714",6395,1279,5116
"49715",5490,1098,4392
"49716",4620,924,3696
"49717",5195,1039,4156
"49718",5150,1030,4120
"49719",3735,747,2988
"49720",6165,1233,4932
"49721",3595,719,2876
"49722",3910,782,3128
"49723",5180,1036,4144
"49724",4485,897,3588
"49725",4550,910,3640
"49726",5200,1040,4160
"49727",4235,847,3388
"49728",4560,912,3648
"49729",3725,745,2980
"49730",3135,627,2508
"49731",5985,1197,4788
"49732",4080,816,3264
"49733",4905,981,3924
"49734",4375,875,3500
"49735",4250,850,3400
"49736",3790,758,3032
"49737",4515,903,3612
"49738",7180,1436,5744
"49739",4550,910,3640
"49740",4650,930,3720
"49741",5890,1178,4712
"49742",4305,861,3444
"49743",4525,905,3620
"49744",4055,811,3244
"49745",5215,1043,4172
"49746",4730,946,3784
"49747",3890,778,3112
"49748",4880,976,3904
"49749",5450,1090,4360
"49750",5005,1001,4004
"49751",5325,1065,4260
"49752",4135,827,3308
"49753",3800,760,3040
"49754",4340,868,3472
"49755",5925,1185,4740
"49756",4220,844,3376
"49757",4630,926,3704
"49758",4905,981,3924
"49759",6845,1369,5476
"49760",4235,847,3388
"49761",5220,1044,4176
"49762",4060,812,3248
"49763",4680,936,3744
"49764",5470,1094,4376
"49765",4615,923,3692
"49766",4565,913,3652
"49767",3735,747,2988
"49768",5720,1144,4576
"49769",3745,749,2996
"49770",4875,975,3900
"49771",5720,1144,4576
"49772",4055,811,3244
"49773",4000,800,3200
"49774",3620,724,2896
"49775",4080,816,3264
"49776",4795,959,3836
"49777",6105,1221,4884
"49778",3340,668,2672
"49779",5335,1067,4268
"49780",5180,1036,4144
"49781",5990,1198,4792
"49782",3930,786,3144
"49783",3470,694,2776
"49784",5350,1070,4280
"49785",5720,1144,4576
"49786",4310,862,3448
"49787",4570,914,3656
"49788",4305,861,3444
"49789",5815,1163,4652
"49790",6705,1341,5364
"49791",4260,852,3408
"49792",4650,930,3720
"49793",5360,1072,4288
"49794",4955,991,3964
"49795",3995,799,3196
"49796",4640,928,3712
"49797",4620,924,3696
"49798",3530,706,2824
"49799",4530,906,3624
"49800",4090,818,3272
"49801",5130,1026,4104
"49802",3980,796,3184
"49803",4845,969,3876
"49804",5555,1111,4444
"49805",4175,835,3340
"49806",3465,693,2772
"49807",4015,803,3212
"49808",4905,981,3924
"49809",3375,675,2700
"49810",5070,1014,4056
"49811",3780,756,3024
"49812",4935,987,3948
"49813",4795,959,3836
"49814",4645,929,3716
"49815",4970,994,3976
"49816",3920,784,3136
"49817",5635,1127,4508
"49818",5035,1007,4028
"49819",4475,895,3580
"49820",3765,753,3012
"49821",5590,1118,4472
"49822",4190,838,3352
"49823",4135,827,3308
"49824",4180,836,3344
"49825",5975,1195,4780
"49826",4945,989,3956
"49827",4550,910,3640
"49828",4295,859,3436
"49829",4875,975,3900
"49830",5545,1109,4436
"49831",4850,970,3880
"49832",5775,1155,4620
"49833",4650,930,3720
"49834",6090,1218,4872
"49835",3920,784,3136
"49836",4720,944,3776
"49837",4720,944,3776
"49838",4340,868,3472
"49839",4425,885,3540
"49840",5250,1050,4200
"49841",5180,1036,4144
"49842",5245,1049,4196
"49843",3565,713,2852
"49844",4065,813,3252
"49845",4990,998,3992
"49846",6135,1227,4908
"49847",4460,892,3568
"49848",5035,1007,4028
"49849",4505,901,3604
"49850",3445,689,2756
"49851",4610,922,3688
"49852",5405,1081,4324
"49853",5210,1042,4168
"49854",3735,747,2988
"49855",5005,1001,4004
"49856",4105,821,3284
"49857",3945,789,3156
"49858",4105,821,3284
"49859",4420,884,3536
"49860",5475,1095,4380
"49861",4055,811,3244
"49862",4895,979,3916
"49863",5030,1006,4024
"49864",5010,1002,4008
"49865",5535,1107,4428
"49866",4545,909,3636
"49867",5225,1045,4180
"49868",4970,994,3976
"49869",4660,932,3728
"49870",5780,1156,4624
"49871",5440,1088,4352
"49872",5065,1013,4052
"49873",5715,1143,4572
"49874",4280,856,3424
"49875",5560,1112,4448
"49876",4930,986,3944
"49877",3845,769,3076
"49878",4390,878,3512
"49879",5530,1106,4424
"49880",3740,748,2992
"49881",6740,1348,5392
"49882",4125,825,3300
"49883",3840,768,3072
"49884",4655,931,3724
"49885",5160,1032,4128
"49886",3740,748,2992
"49887",3980,796,3184
"49888",5810,1162,4648
"49889",5530,1106,4424
"49890",4810,962,3848
"49891",4305,861,3444
"49892",4080,816,3264
"49893",4200,840,3360
"49894",4130,826,3304
"49895",4770,954,3816
"49896",4515,903,3612
"49897",5520,1104,4416
"49898",4750,950,3800
"49899",5280,1056,4224
"49900",4790,958,3832
"49901",4840,968,3872
"49902",4585,917,3668
"49903",5345,1069,4276
"49904",5540,1108,4432
"49905",4055,811,3244
"49906",3840,768,3072
"49907",4660,932,3728
"49908",3645,729,2916
"49909",5090,1018,4072
"49910",4640,928,3712
"49911",4355,871,3484
"49912",4770,954,3816
"49913",5360,1072,4288
"49914",7815,1563,6252
"49915",4670,934,3736
"49916",4805,961,3844
"49917",5785,1157,4628
"49918",3375,675,2700
"49919",4485,897,3588
"49920",5110,1022,4088
"49921",4345,869,3476
"49922",5430,1086,4344
"49923",4880,976,3904
"49924",5320,1064,4256
"49925",5240,1048,4192
"49926",4875,975,3900
"49927",3835,767,3068
"49928",6145,1229,4916
"49929",4695,939,3756
"49930",6035,1207,4828
"49931",6745,1349,5396
"49932",4795,959,3836
"49933",5245,1049,4196
"49934",4345,869,3476
"49935",5205,1041,4164
"49936",5340,1068,4272
"49937",5375,1075,4300
"49938",5535,1107,4428
"49939",5590,1118,4472
"49940",4570,914,3656
"49941",4685,937,3748
"49942",4030,806,3224
"49943",5445,1089,4356
"49944",4270,854,3416
"49945",5665,1133,4532
"49946",4055,811,3244
"49947",4940,988,3952
"49948",4710,942,3768
"49949",4050,810,3240
"49950",4630,926,3704
"49951",3925,785,3140
"49952",4830,966,3864
"49953",4680,936,3744
"49954",4315,863,3452
"49955",4100,820,3280
"49956",4550,910,3640
"49957",3445,689,2756
"49958",4785,957,3828
"49959",4215,843,3372
"49960",6110,1222,4888
"49961",4295,859,3436
"49962",4635,927,3708
"49963",4465,893,3572
"49964",4625,925,3700
"49965",4205,841,3364
"49966",5815,1163,4652
"49967",4635,927,3708
"49968",4315,863,3452
"49969",4475,895,3580
"49970",4865,973,3892
"49971",4065,813,3252
"49972",4385,877,3508
"49973",3835,767,3068
"49974",3820,764,3056
"49975",3695,739,2956
"49976",4340,868,3472
"49977",8305,1661,6644
"49978",6110,1222,4888
"49979",4650,930,3720
"49980",4820,964,3856
"49981",6480,1296,5184
"49982",4425,885,3540
"49983",3725,745,2980
"49984",3775,755,3020
"49985",4930,986,3944
"49986",4255,851,3404
"49987",3485,697,2788
"49988",4860,972,3888
"49989",4430,886,3544
"49990",5660,1132,4528
"49991",4380,876,3504
"49992",4475,895,3580
"49993",4430,886,3544
"49994",4410,882,3528
"49995",4510,902,3608
"49996",3460,692,2768
"49997",4305,861,3444
"49998",6495,1299,5196
"49999",4615,923,3692
"50000",4620,924,3696
"50001",4225,845,3380
"50002",4945,989,3956
"50003",4555,911,3644
"50004",4040,808,3232
"50005",4195,839,3356
"50006",5235,1047,4188
"50007",3920,784,3136
"50008",4645,929,3716
"50009",3985,797,3188
"50010",4540,908,3632
"50011",4805,961,3844
"50012",4695,939,3756
"50013",3885,777,3108
"50014",4795,959,3836
"50015",3950,790,3160
"50016",5000,1000,4000
"50017",4400,880,3520
"50018",4530,906,3624
"50019",3795,759,3036
"50020",3500,700,2800
"50021",4630,926,3704
"50022",5535,1107,4428
"50023",4475,895,3580
"50024",4325,865,3460
"50025",4590,918,3672
"50026",5355,1071,4284
"50027",4235,847,3388
"50028",6145,1229,4916
"50029",4030,806,3224
"50030",4525,905,3620
"50031",4205,841,3364
"50032",4475,895,3580
"50033",4645,929,3716
"50034",3930,786,3144
"50035",4395,879,3516
"50036",4875,975,3900
"50037",3915,783,3132
"50038",3975,795,3180
"50039",5900,1180,4720
"50040",5650,1130,4520
"50041",3655,731,2924
"50042",4055,811,3244
"50043",4750,950,3800
"50044",4005,801,3204
"50045",5130,1026,4104
"50046",5380,1076,4304
"50047",4430,886,3544
"50048",4985,997,3988
"50049",3900,780,3120
"50050",4195,839,3356
"50051",4650,930,3720
"50052",5605,1121,4484
"50053",4805,961,3844
"50054",6845,1369,5476
"50055",5540,1108,4432
"50056",3180,636,2544
"50057",6345,1269,5076
"50058",5670,1134,4536
"50059",3960,792,3168
"50060",5195,1039,4156
"50061",4505,901,3604
"50062",4435,887,3548
"50063",4880,976,3904
"50064",4905,981,3924
"50065",5305,1061,4244
"50066",3685,737,2948
"50067",4415,883,3532
"50068",4365,873,3492
"50069",4430,886,3544
"50070",3765,753,3012
"50071",3910,782,3128
"50072",5995,1199,4796
"50073",5115,1023,4092
"50074",5285,1057,4228
"50075",4165,833,3332
"50076",4135,827,3308
"50077",4885,977,3908
"50078",4815,963,3852
"50079",4615,923,3692
"50080",6705,1341,5364
"50081",4280,856,3424
"50082",4200,840,3360
"50083",4080,816,3264
"50084",4760,952,3808
"50085",5475,1095,4380
"50086",3595,719,2876
"50087",6370,1274,5096
"50088",4065,813,3252
"50089",5500,1100,4400
"50090",3310,662,2648
"50091",3985,797,3188
"50092",6775,1355,5420
"50093",4250,850,3400
"50094",5550,1110,4440
"50095",4325,865,3460
"50096",4030,806,3224
"50097",3985,797,3188
"50098",4750,950,3800
"50099",5365,1073,4292
"50100",4395,879,3516
"50101",3925,785,3140
"50102",3920,784,3136
"50103",4050,810,3240
"50104",3360,672,2688
"50105",3250,650,2600
"50106",5160,1032,4128
"50107",4945,989,3956
"50108",4240,848,3392
"50109",4700,940,3760
"50110",4655,931,3724
"50111",4905,981,3924
"50112",5340,1068,4272
"50113",4395,879,3516
"50114",4525,905,3620
"50115",5285,1057,4228
"50116",3585,717,2868
"50117",4260,852,3408
"50118",4065,813,3252
"50119",5235,1047,4188
"50120",4285,857,3428
"50121",4405,881,3524
"50122",5330,1066,4264
"50123",6980,1396,5584
"50124",4675,935,3740
"50125",4255,851,3404
"50126",4470,894,3576
"50127",4435,887,3548
"50128",5925,1185,4740
"50129",4545,909,3636
"50130",3570,714,2856
"50131",4840,968,3872
"50132",4640,928,3712
"50133",4035,807,3228
"50134",4235,847,3388
"50135",3815,763,3052
"50136",4445,889,3556
"50137",3525,705,2820
"50138",4260,852,3408
"50139",4275,855,3420
"50140",4565,913,3652
"50141",3855,771,3084
"50142",6750,1350,5400
"50143",3970,794,3176
"50144",5610,1122,4488
"50145",4315,863,3452
"50146",6180,1236,4944
"50147",4185,837,3348
"50148",4525,905,3620
"50149",4820,964,3856
"50150",5145,1029,4116
"50151",4315,863,3452
"50152",5855,1171,4684
"50153",4800,960,3840
"50154",4140,828,3312
"50155",5335,1067,4268
"50156",5215,1043,4172
"50157",3655,731,2924
"50158",4695,939,3756
"50159",4900,980,3920
"50160",5415,1083,4332
"50161",4850,970,3880
"50162",5995,1199,4796
"50163",5915,1183,4732
"50164",4945,989,3956
"50165",5505,1101,4404
"50166",5940,1188,4752
"50167",4635,927,3708
"50168",5645,1129,4516
"50169",6590,1318,5272
"50170",4355,871,3484
"50171",5385,1077,4308
"50172",5125,1025,4100
"50173",5515,1103,4412
"50174",6155,1231,4924
"50175",4395,879,3516
"50176",4470,894,3576
"50177",3985,797,3188
"50178",4560,912,3648
"50179",5970,1194,4776
"50180",3955,791,3164
"50181",4660,932,3728
"50182",4490,898,3592
"50183",5445,1089,4356
"50184",6560,1312,5248
"50185",5855,1171,4684
"50186",4085,817,3268
"50187",4600,920,3680
"50188",4860,972,3888
"50189",5475,1095,4380
"50190",4525,905,3620
"50191",4960,992,3968
"50192",3880,776,3104
"50193",4335,867,3468
"50194",3595,719,2876
"50195",5135,1027,4108
"50196",5760,1152,4608
"50197",4375,875,3500
"50198",6290,1258,5032
"50199",4495,899,3596
"50200",3750,750,3000
"50201",4935,987,3948
"50202",5640,1128,4512
"50203",4445,889,3556
"50204",5585,1117,4468
"50205",5540,1108,4432
"50206",4785,957,3828
"50207",5245,1049,4196
"50208",4605,921,3684
"50209",4815,963,3852
"50210",3975,795,3180
"50211",4290,858,3432
"50212",4200,840,3360
"50213",3950,790,3160
"50214",6270,1254,5016
"50215",4025,805,3220
"50216",4155,831,3324
"50217",4110,822,3288
"50218",4295,859,3436
"50219",4285,857,3428
"50220",4935,987,3948
"50221",5840,1168,4672
"50222",3270,654,2616
"50223",5050,1010,4040
"50224",4840,968,3872
"50225",5530,1106,4424
"50226",5500,1100,4400
"50227",4385,877,3508
"50228",5580,1116,4464
"50229",4765,953,3812
"50230",8635,1727,6908
"50231",4515,903,3612
"50232",4360,872,3488
"50233",4015,803,3212
"50234",4530,906,3624
"50235",4950,990,3960
"50236",3790,758,3032
"50237",7175,1435,5740
"50238",6435,1287,5148
"50239",7255,1451,5804
"50240",4235,847,3388
"50241",4335,867,3468
"50242",4525,905,3620
"50243",4200,840,3360
"50244",3695,739,2956
"50245",4905,981,3924
"50246",4985,997,3988
"50247",5280,1056,4224
"50248",4550,910,3640
"50249",5025,1005,4020
"50250",5900,1180,4720
"50251",3810,762,3048
"50252",3420,684,2736
"50253",5875,1175,4700
"50254",4735,947,3788
"50255",6200,1240,4960
"50256",5285,1057,4228
"50257",3685,737,2948
"50258",5325,1065,4260
"50259",4245,849,3396
"50260",3965,793,3172
"50261",4570,914,3656
"50262",3315,663,2652
"50263",4840,968,3872
"50264",5300,1060,4240
"50265",4820,964,3856
"50266",4215,843,3372
"50267",4575,915,3660
"50268",4570,914,3656
"50269",5235,1047,4188
"50270",6190,1238,4952
"50271",6525,1305,5220
"50272",6215,1243,4972
"50273",4330,866,3464
"50274",4555,911,3644
"50275",5570,1114,4456
"50276",4545,909,3636
"50277",6985,1397,5588
"50278",5430,1086,4344
"50279",4955,991,3964
"50280",3940,788,3152
"50281",6400,1280,5120
"50282",5055,1011,4044
"50283",5570,1114,4456
"50284",3810,762,3048
"50285",8360,1672,6688
"50286",5060,1012,4048
"50287",4460,892,3568
"50288",4000,800,3200
"50289",5565,1113,4452
"50290",4230,846,3384
"50291",5575,1115,4460
"50292",4890,978,3912
"50293",4500,900,3600
"50294",4635,927,3708
"50295",3980,796,3184
"50296",5480,1096,4384
"50297",6295,1259,5036
"50298",4060,812,3248
"50299",4000,800,3200
"50300",4510,902,3608
"50301",5775,1155,4620
"50302",4515,903,3612
"50303",5950,1190,4760
"50304",5560,1112,4448
"50305",3980,796,3184
"50306",4385,877,3508
"50307",5195,1039,4156
"50308",4555,911,3644
"50309",3955,791,3164
"50310",4700,940,3760
"50311",3470,694,2776
"50312",4000,800,3200
"50313",5030,1006,4024
"50314",4650,930,3720
"50315",5360,1072,4288
"50316",4165,833,3332
"50317",4555,911,3644
"50318",3825,765,3060
"50319",5640,1128,4512
"50320",5030,1006,4024
"50321",3930,786,3144
"50322",4025,805,3220
"50323",4430,886,3544
"50324",5625,1125,4500
"50325",3765,753,3012
"50326",5155,1031,4124
"50327",4265,853,3412
"50328",4790,958,3832
"50329",3560,712,2848
"50330",8725,1745,6980
"50331",4320,864,3456
"50332",4135,827,3308
"50333",5470,1094,4376
"50334",5790,1158,4632
"50335",4450,890,3560
"50336",4175,835,3340
"50337",5980,1196,4784
"50338",4025,805,3220
"50339",5370,1074,4296
"50340",7640,1528,6112
"50341",4570,914,3656
"50342",4445,889,3556
"50343",6055,1211,4844
"50344",4440,888,3552
"50345",4465,893,3572
"50346",6595,1319,5276
"50347",4100,820,3280
"50348",3670,734,2936
"50349",4265,853,3412
"50350",5380,1076,4304
"50351",5070,1014,4056
"50352",4225,845,3380
"50353",6340,1268,5072
"50354",3645,729,2916
"50355",5450,1090,4360
"50356",6825,1365,5460
"50357",5130,1026,4104
"50358",4760,952,3808
"50359",4940,988,3952
"50360",4880,976,3904
"50361",6735,1347,5388
"50362",4645,929,3716
"50363",4435,887,3548
"50364",5030,1006,4024
"50365",4300,860,3440
"50366",3625,725,2900
"50367",4895,979,3916
"50368",4270,854,3416
"50369",4140,828,3312
"50370",5800,1160,4640
"50371",4515,903,3612
"50372",6390,1278,5112
"50373",4520,904,3616
"50374",6400,1280,5120
"50375",4235,847,3388
"50376",4435,887,3548
"50377",6315,1263,5052
"50378",7765,1553,6212
"50379",5810,1162,4648
"50380",4445,889,3556
"50381",3910,782,3128
"50382",4350,870,3480
"50383",8690,1738,6952
"50384",5335,1067,4268
"50385",3600,720,2880
"50386",5080,1016,4064
"50387",4360,872,3488
"50388",3960,792,3168
"50389",4445,889,3556
"50390",6725,1345,5380
"50391",4985,997,3988
"50392",4100,820,3280
"50393",4055,811,3244
"50394",5375,1075,4300
"50395",4520,904,3616
"50396",4685,937,3748
"50397",3830,766,3064
"50398",4595,919,3676
"50399",4215,843,3372
"50400",4540,908,3632
"50401",4835,967,3868
"50402",4660,932,3728
"50403",5325,1065,4260
"50404",4850,970,3880
"50405",3605,721,2884
"50406",3905,781,3124
"50407",4130,826,3304
"50408",4820,964,3856
"50409",5190,1038,4152
"50410",6770,1354,5416
"50411",3980,796,3184
"50412",4390,878,3512
"50413",4825,965,3860
"50414",4165,833,3332
"50415",3890,778,3112
"50416",4195,839,3356
"50417",5730,1146,4584
"50418",3640,728,2912
"50419",4915,983,3932
"50420",4420,884,3536
"50421",4900,980,3920
"50422",4505,901,3604
"50423",4075,815,3260
"50424",4190,838,3352
"50425",4930,986,3944
"50426",4895,979,3916
"50427",3855,771,3084
"50428",5565,1113,4452
"50429",4625,925,3700
"50430",4340,868,3472
"50431",4385,877,3508
"50432",4320,864,3456
"50433",4325,865,3460
"50434",5505,1101,4404
"50435",5150,1030,4120
"50436",4200,840,3360
"50437",4085,817,3268
"50438",3260,652,2608
"50439",4430,886,3544
"50440",4305,861,3444
"50441",5330,1066,4264
"50442",3610,722,2888
"50443",4150,830,3320
"50444",3765,753,3012
"50445",3895,779,3116
"50446",4930,986,3944
"50447",6090,1218,4872
"50448",3705,741,2964
"50449",4830,966,3864
"50450",4550,910,3640
"50451",6320,1264,5056
"50452",5090,1018,4072
"50453",4205,841,3364
"50454",4945,989,3956
"50455",3500,700,2800
"50456",5020,1004,4016
"50457",5265,1053,4212
"50458",4705,941,3764
"50459",4400,880,3520
"50460",5760,1152,4608
"50461",4720,944,3776
"50462",4170,834,3336
"50463",7465,1493,5972
"50464",5730,1146,4584
"50465",5895,1179,4716
"50466",4230,846,3384
"50467",4250,850,3400
"50468",4715,943,3772
"50469",3960,792,3168
"50470",4290,858,3432
"50471",3915,783,3132
"50472",5720,1144,4576
"50473",4920,984,3936
"50474",4875,975,3900
"50475",5155,1031,4124
"50476",4345,869,3476
"50477",3980,796,3184
"50478",5880,1176,4704
"50479",4430,886,3544
"50480",3935,787,3148
"50481",4600,920,3680
"50482",5015,1003,4012
"50483",4220,844,3376
"50484",3625,725,2900
"50485",3915,783,3132
"50486",4360,872,3488
"50487",3905,781,3124
"50488",4425,885,3540
"50489",4400,880,3520
"50490",5115,1023,4092
"50491",4595,919,3676
"50492",6275,1255,5020
"50493",5280,1056,4224
"50494",4605,921,3684
"50495",4560,912,3648
"50496",5235,1047,4188
"50497",6075,1215,4860
"50498",4085,817,3268
"50499",4270,854,3416
"50500",4540,908,3632
"50501",4150,830,3320
"50502",3935,787,3148
"50503",3720,744,2976
"50504",5355,1071,4284
"50505",6735,1347,5388
"50506",6230,1246,4984
"50507",4360,872,3488
"50508",3925,785,3140
"50509",5760,1152,4608
"50510",4215,843,3372
"50511",4050,810,3240
"50512",4630,926,3704
"50513",7185,1437,5748
"50514",4630,926,3704
"50515",3730,746,2984
"50516",3630,726,2904
"50517",4620,924,3696
"50518",5580,1116,4464
"50519",6280,1256,5024
"50520",5530,1106,4424
"50521",3680,736,2944
"50522",3580,716,2864
"50523",3870,774,3096
"50524",5150,1030,4120
"50525",5390,1078,4312
"50526",3535,707,2828
"50527",5055,1011,4044
"50528",4780,956,3824
"50529",4765,953,3812
"50530",4155,831,3324
"50531",5480,1096,4384
"50532",4560,912,3648
"50533",4390,878,3512
"50534",4170,834,3336
"50535",4520,904,3616
"50536",4175,835,3340
"50537",3935,787,3148
"50538",4110,822,3288
"50539",4425,885,3540
"50540",5490,1098,4392
"50541",4930,986,3944
"50542",4925,985,3940
"50543",5135,1027,4108
"50544",4425,885,3540
"50545",4125,825,3300
"50546",3985,797,3188
"50547",4005,801,3204
"50548",4565,913,3652
"50549",4695,939,3756
"50550",3970,794,3176
"50551",5735,1147,4588
"50552",4625,925,3700
"50553",7680,1536,6144
"50554",4005,801,3204
"50555",4440,888,3552
"50556",4190,838,3352
"50557",3685,737,2948
"50558",5690,1138,4552
"50559",6345,1269,5076
"50560",4130,826,3304
"50561",6485,1297,5188
"50562",5915,1183,4732
"50563",4560,912,3648
"50564",4135,827,3308
"50565",5230,1046,4184
"50566",4025,805,3220
"50567",5880,1176,4704
"50568",4470,894,3576
"50569",3525,705,2820
"50570",3580,716,2864
"50571",5045,1009,4036
"50572",4495,899,3596
"50573",3845,769,3076
"50574",4530,906,3624
"50575",4935,987,3948
"50576",5145,1029,4116
"50577",3850,770,3080
"50578",3905,781,3124
"50579",3460,692,2768
"50580",4025,805,3220
"50581",5060,1012,4048
"50582",5385,1077,4308
"50583",3930,786,3144
"50584",4210,842,3368
"50585",4000,800,3200
"50586",4485,897,3588
"50587",4620,924,3696
"50588",4610,922,3688
"50589",4620,924,3696
"50590",4575,915,3660
"50591",3510,702,2808
"50592",4230,846,3384
"50593",3865,773,3092
"50594",4895,979,3916
"50595",3550,710,2840
"50596",3990,798,3192
"50597",8015,1603,6412
"50598",5395,1079,4316
"50599",5495,1099,4396
"50600",5545,1109,4436
"50601",4670,934,3736
"50602",5525,1105,4420
"50603",5680,1136,4544
"50604",3795,759,3036
"50605",6200,1240,4960
"50606",5015,1003,4012
"50607",3735,747,2988
"50608",4290,858,3432
"50609",5735,1147,4588
"50610",3780,756,3024
"50611",7170,1434,5736
"50612",4705,941,3764
"50613",4880,976,3904
"50614",6550,1310,5240
"50615",4785,957,3828
"50616",5250,1050,4200
"50617",4550,910,3640
"50618",4295,859,3436
"50619",4155,831,3324
"50620",4530,906,3624
"50621",5000,1000,4000
"50622",5970,1194,4776
"50623",7250,1450,5800
"50624",5965,1193,4772
"50625",6140,1228,4912
"50626",3680,736,2944
"50627",4165,833,3332
"50628",3870,774,3096
"50629",6345,1269,5076
"50630",4120,824,3296
"50631",5175,1035,4140
"50632",5135,1027,4108
"50633",5245,1049,4196
"50634",4315,863,3452
"50635",3890,778,3112
"50636",4920,984,3936
"50637",5390,1078,4312
"50638",3650,730,2920
"50639",4250,850,3400
"50640",4190,838,3352
"50641",4375,875,3500
"50642",4425,885,3540
"50643",6445,1289,5156
"50644",4495,899,3596
"50645",5020,1004,4016
"50646",5270,1054,4216
"50647",4060,812,3248
"50648",3185,637,2548
"50649",5705,1141,4564
"50650",6015,1203,4812
"50651",4050,810,3240
"50652",5055,1011,4044
"50653",4615,923,3692
"50654",4105,821,3284
"50655",4550,910,3640
"50656",5270,1054,4216
"50657",5045,1009,4036
"50658",5135,1027,4108
"50659",5250,1050,4200
"50660",4145,829,3316
"50661",4775,955,3820
"50662",5335,1067,4268
"50663",4505,901,3604
"50664",6650,1330,5320
"50665",5090,1018,4072
"50666",5315,1063,4252
"50667",5605,1121,4484
"50668",5450,1090,4360
"50669",4370,874,3496
"50670",3455,691,2764
"50671",4225,845,3380
"50672",4120,824,3296
"50673",5350,1070,4280
"50674",5150,1030,4120
"50675",4385,877,3508
"50676",4220,844,3376
"50677",4025,805,3220
"50678",4505,901,3604
"50679",6540,1308,5232
"50680",5165,1033,4132
"50681",4605,921,3684
"50682",3930,786,3144
"50683",5565,1113,4452
"50684",5220,1044,4176
"50685",5835,1167,4668
"50686",4425,885,3540
"50687",4690,938,3752
"50688",3510,702,2808
"50689",7445,1489,5956
"50690",5185,1037,4148
"50691",7205,1441,5764
"50692",4480,896,3584
"50693",3375,675,2700
"50694",4330,866,3464
"50695",3800,760,3040
"50696",3950,790,3160
"50697",5460,1092,4368
"50698",5470,1094,4376
"50699",6390,1278,5112
"50700",4705,941,3764
"50701",7205,1441,5764
"50702",5095,1019,4076
"50703",4545,909,3636
"50704",4385,877,3508
"50705",3435,687,2748
"50706",4245,849,3396
"50707",5055,1011,4044
"50708",4480,896,3584
"50709",4025,805,3220
"50710",4310,862,3448
"50711",4950,990,3960
"50712",4115,823,3292
"50713",4020,804,3216
"50714",5660,1132,4528
"50715",4730,946,3784
"50716",4740,948,3792
"50717",5100,1020,4080
"50718",3495,699,2796
"50719",4050,810,3240
"50720",5280,1056,4224
"50721",5415,1083,4332
"50722",3340,668,2672
"50723",4525,905,3620
"50724",5725,1145,4580
"50725",3720,744,2976
"50726",5655,1131,4524
"50727",4510,902,3608
"50728",5485,1097,4388
"50729",6325,1265,5060
"50730",3480,696,2784
"50731",4470,894,3576
"50732",4450,890,3560
"50733",4710,942,3768
"50734",4540,908,3632
"50735",4690,938,3752
"50736",4295,859,3436
"50737",6525,1305,5220
"50738",4545,909,3636
"50739",4525,905,3620
"50740",4360,872,3488
"50741",4405,881,3524
"50742",3685,737,2948
"50743",5645,1129,4516
"50744",4070,814,3256
"50745",4140,828,3312
"50746",4430,886,3544
"50747",4440,888,3552
"50748",7280,1456,5824
"50749",4050,810,3240
"50750",4890,978,3912
"50751",4570,914,3656
"50752",4650,930,3720
"50753",4920,984,3936
"50754",3885,777,3108
"50755",4425,885,3540
"50756",3890,778,3112
"50757",5615,1123,4492
"50758",5545,1109,4436
"50759",5475,1095,4380
"50760",4735,947,3788
"50761",3860,772,3088
"50762",3620,724,2896
"50763",4220,844,3376
"50764",4715,943,3772
"50765",5140,1028,4112
"50766",3595,719,2876
"50767",4950,990,3960
"50768",4315,863,3452
"50769",3495,699,2796
"50770",4280,856,3424
"50771",4895,979,3916
"50772",5160,1032,4128
"50773",4590,918,3672
"50774",5695,1139,4556
"50775",4120,824,3296
"50776",5765,1153,4612
"50777",5290,1058,4232
"50778",4230,846,3384
"50779",4010,802,3208
"50780",3975,795,3180
"50781",3480,696,2784
"50782",4360,872,3488
"50783",4545,909,3636
"50784",3870,774,3096
"50785",3595,719,2876
"50786",4970,994,3976
"50787",4385,877,3508
"50788",3560,712,2848
"50789",4225,845,3380
"50790",4080,816,3264
"50791",3770,754,3016
"50792",3555,711,2844
"50793",3190,638,2552
"50794",6170,1234,4936
"50795",4455,891,3564
"50796",5030,1006,4024
"50797",4475,895,3580
"50798",5935,1187,4748
"50799",5200,1040,4160
"50800",3785,757,3028
"50801",5770,1154,4616
"50802",5165,1033,4132
"50803",4220,844,3376
"50804",4870,974,3896
"50805",4345,869,3476
"50806",5625,1125,4500
"50807",3810,762,3048
"50808",3820,764,3056
"50809",5260,1052,4208
"50810",5050,1010,4040
"50811",3905,781,3124
"50812",3780,756,3024
"50813",4380,876,3504
"50814",3975,795,3180
"50815",3710,742,2968
"50816",6480,1296,5184
"50817",3865,773,3092
"50818",4765,953,3812
"50819",4945,989,3956
"50820",4155,831,3324
"50821",3525,705,2820
"50822",4045,809,3236
"50823",7695,1539,6156
"50824",4595,919,3676
"50825",3770,754,3016
"50826",4235,847,3388
"50827",4110,822,3288
"50828",3935,787,3148
"50829",5635,1127,4508
"50830",5045,1009,4036
"50831",3515,703,2812
"50832",3530,706,2824
"50833",3845,769,3076
"50834",4175,835,3340
"50835",3485,697,2788
"50836",5610,1122,4488
"50837",4675,935,3740
"50838",4240,848,3392
"50839",4705,941,3764
"50840",3830,766,3064
"50841",4015,803,3212
"50842",3715,743,2972
"50843",5505,1101,4404
"50844",5885,1177,4708
"50845",5580,1116,4464
"50846",4725,945,3780
"50847",5420,1084,4336
"50848",5760,1152,4608
"50849",4940,988,3952
"50850",3540,708,2832
"50851",4510,902,3608
"50852",4245,849,3396
"50853",4980,996,3984
"50854",5385,1077,4308
"50855",4410,882,3528
"50856",4970,994,3976
"50857",3375,675,2700
"50858",3920,784,3136
"50859",4025,805,3220
"50860",3965,793,3172
"50861",4475,895,3580
"50862",5930,1186,4744
"50863",4760,952,3808
"50864",3770,754,3016
"50865",3930,786,3144
"50866",3735,747,2988
"50867",4305,861,3444
"50868",6380,1276,5104
"50869",5605,1121,4484
"50870",5845,1169,4676
"50871",5215,1043,4172
"50872",5720,1144,4576
"50873",3785,757,3028
"50874",5755,1151,4604
"50875",4885,977,3908
"50876",5580,1116,4464
"50877",5260,1052,4208
"50878",4285,857,3428
"50879",3550,710,2840
"50880",5220,1044,4176
"50881",4020,804,3216
"50882",4295,859,3436
"50883",4615,923,3692
"50884",3825,765,3060
"50885",4915,983,3932
"50886",4115,823,3292
"50887",5440,1088,4352
"50888",3960,792,3168
"50889",4595,919,3676
"50890",5190,1038,4152
"50891",6475,1295,5180
"50892",4890,978,3912
"50893",4355,871,3484
"50894",3580,716,2864
"50895",5085,1017,4068
"50896",4970,994,3976
"50897",5245,1049,4196
"50898",4290,858,3432
"50899",4225,845,3380
"50900",4640,928,3712
"50901",4890,978,3912
"50902",4050,810,3240
"50903",3925,785,3140
"50904",4770,954,3816
"50905",4940,988,3952
"50906",5375,1075,4300
"50907",3645,729,2916
"50908",3810,762,3048
"50909",3735,747,2988
"50910",5225,1045,4180
"50911",3680,736,2944
"50912",6450,1290,5160
"50913",4760,952,3808
"50914",4965,993,3972
"50915",4055,811,3244
"50916",4815,963,3852
"50917",4700,940,3760
"50918",3775,755,3020
"50919",4445,889,3556
"50920",5320,1064,4256
"50921",4695,939,3756
"50922",5565,1113,4452
"50923",3950,790,3160
"50924",4390,878,3512
"50925",6220,1244,4976
"50926",4645,929,3716
"50927",4235,847,3388
"50928",6530,1306,5224
"50929",3470,694,2776
"50930",4570,914,3656
"50931",4155,831,3324
"50932",3895,779,3116
"50933",3355,671,2684
"50934",7160,1432,5728
"50935",4175,835,3340
"50936",4405,881,3524
"50937",4655,931,3724
"50938",4050,810,3240
"50939",3580,716,2864
"50940",3255,651,2604
"50941",4485,897,3588
"50942",4960,992,3968
"50943",4430,886,3544
"50944",3550,710,2840
"50945",6340,1268,5072
"50946",4825,965,3860
"50947",5110,1022,4088
"50948",4845,969,3876
"50949",4165,833,3332
"50950",4185,837,3348
"50951",4080,816,3264
"50952",5180,1036,4144
"50953",4810,962,3848
"50954",4205,841,3364
"50955",4455,891,3564
"50956",4230,846,3384
"50957",5640,1128,4512
"50958",3265,653,2612
"50959",4195,839,3356
"50960",3895,779,3116
"50961",5190,1038,4152
"50962",3620,724,2896
"50963",5085,1017,4068
"50964",3620,724,2896
"50965",5875,1175,4700
"50966",4665,933,3732
"50967",3805,761,3044
"50968",4130,826,3304
"50969",4665,933,3732
"50970",3755,751,3004
"50971",4945,989,3956
"50972",4435,887,3548
"50973",4890,978,3912
"50974",4910,982,3928
"50975",4040,808,3232
"50976",5420,1084,4336
"50977",3935,787,3148
"50978",4815,963,3852
"50979",4595,919,3676
"50980",5770,1154,4616
"50981",4520,904,3616
"50982",3875,775,3100
"50983",4045,809,3236
"50984",4480,896,3584
"50985",3855,771,3084
"50986",5240,1048,4192
"50987",5255,1051,4204
"50988",6485,1297,5188
"50989",4685,937,3748
"50990",4595,919,3676
"50991",6210,1242,4968
"50992",3800,760,3040
"50993",4520,904,3616
"50994",5165,1033,4132
"50995",4000,800,3200
"50996",5110,1022,4088
"50997",3990,798,3192
"50998",6060,1212,4848
"50999",4100,820,3280
"51000",4135,827,3308
"51001",4695,939,3756
"51002",5465,1093,4372
"51003",4535,907,3628
"51004",3930,786,3144
"51005",5735,1147,4588
"51006",3595,719,2876
"51007",5925,1185,4740
"51008",4780,956,3824
"51009",4095,819,3276
"51010",5870,1174,4696
"51011",4065,813,3252
"51012",5710,1142,4568
"51013",5770,1154,4616
"51014",6145,1229,4916
"51015",4230,846,3384
"51016",4275,855,3420
"51017",5245,1049,4196
"51018",4285,857,3428
"51019",4535,907,3628
"51020",5885,1177,4708
"51021",4040,808,3232
"51022",5190,1038,4152
"51023",4305,861,3444
"51024",4040,808,3232
"51025",4710,942,3768
"51026",5265,1053,4212
"51027",4415,883,3532
"51028",4150,830,3320
"51029",4140,828,3312
"51030",4225,845,3380
"51031",4280,856,3424
"51032",5420,1084,4336
"51033",5735,1147,4588
"51034",5085,1017,4068
"51035",5700,1140,4560
"51036",5315,1063,4252
"51037",3505,701,2804
"51038",5595,1119,4476
"51039",4115,823,3292
"51040",6330,1266,5064
"51041",5390,1078,4312
"51042",5715,1143,4572
"51043",5575,1115,4460
"51044",4425,885,3540
"51045",4700,940,3760
"51046",4110,822,3288
"51047",4100,820,3280
"51048",3470,694,2776
"51049",3880,776,3104
"51050",3525,705,2820
"51051",5300,1060,4240
"51052",4715,943,3772
"51053",5260,1052,4208
"51054",4040,808,3232
"51055",5370,1074,4296
"51056",5315,1063,4252
"51057",5635,1127,4508
"51058",3485,697,2788
"51059",5515,1103,4412
"51060",4925,985,3940
"51061",5805,1161,4644
"51062",4305,861,3444
"51063",5295,1059,4236
"51064",4590,918,3672
"51065",6610,1322,5288
"51066",4570,914,3656
"51067",4745,949,3796
"51068",3855,771,3084
"51069",4110,822,3288
"51070",5195,1039,4156
"51071",4790,958,3832
"51072",5715,1143,4572
"51073",4150,830,3320
"51074",6685,1337,5348
"51075",5390,1078,4312
"51076",6455,1291,5164
"51077",3920,784,3136
"51078",4155,831,3324
"51079",4795,959,3836
"51080",5960,1192,4768
"51081",5065,1013,4052
"51082",3675,735,2940
"51083",3695,739,2956
"51084",4300,860,3440
"51085",5270,1054,4216
"51086",5960,1192,4768
"51087",3980,796,3184
"51088",5390,1078,4312
"51089",5445,1089,4356
"51090",4315,863,3452
"51091",6650,1330,5320
"51092",5480,1096,4384
"51093",3560,712,2848
"51094",5435,1087,4348
"51095",3855,771,3084
"51096",5250,1050,4200
"51097",5280,1056,4224
"51098",3960,792,3168
"51099",4425,885,3540
"51100",5220,1044,4176
"51101",6035,1207,4828
"51102",5840,1168,4672
"51103",3910,782,3128
"51104",4670,934,3736
"51105",4220,844,3376
"51106",4280,856,3424
"51107",3875,775,3100
"51108",3865,773,3092
"51109",3635,727,2908
"51110",4875,975,3900
"51111",4145,829,3316
"51112",4135,827,3308
"51113",4905,981,3924
"51114",4330,866,3464
"51115",4210,842,3368
"51116",5415,1083,4332
"51117",4240,848,3392
"51118",5475,1095,4380
"51119",4760,952,3808
"51120",5165,1033,4132
"51121",4400,880,3520
"51122",4345,869,3476
"51123",4590,918,3672
"51124",5055,1011,4044
"51125",3730,746,2984
"51126",4910,982,3928
"51127",3570,714,2856
"51128",5450,1090,4360
"51129",5465,1093,4372
"51130",5250,1050,4200
"51131",4420,884,3536
"51132",4285,857,3428
"51133",6150,1230,4920
"51134",4295,859,3436
"51135",3915,783,3132
"51136",4280,856,3424
"51137",6685,1337,5348
"51138",3560,712,2848
"51139",4775,955,3820
"51140",6440,1288,5152
"51141",3260,652,2608
"51142",3905,781,3124
"51143",5090,1018,4072
"51144",4925,985,3940
"51145",4530,906,3624
"51146",4470,894,3576
"51147",4910,982,3928
"51148",4760,952,3808
"51149",4560,912,3648
"51150",5645,1129,4516
"51151",3935,787,3148
"51152",4855,971,3884
"51153",4055,811,3244
"51154",4020,804,3216
"51155",6225,1245,4980
"51156",4835,967,3868
"51157",4430,886,3544
"51158",4035,807,3228
"51159",4630,926,3704
"51160",4655,931,3724
"51161",7010,1402,5608
"51162",4275,855,3420
"51163",4730,946,3784
"51164",3350,670,2680
"51165",8250,1650,6600
"51166",5435,1087,4348
"51167",4465,893,3572
"51168",4020,804,3216
"51169",4900,980,3920
"51170",4365,873,3492
"51171",4225,845,3380
"51172",4605,921,3684
"51173",4455,891,3564
"51174",4690,938,3752
"51175",3680,736,2944
"51176",3690,738,2952
"51177",4125,825,3300
"51178",4360,872,3488
"51179",4080,816,3264
"51180",3880,776,3104
"51181",3735,747,2988
"51182",4590,918,3672
"51183",4610,922,3688
"51184",3940,788,3152
"51185",3775,755,3020
"51186",4355,871,3484
"51187",4670,934,3736
"51188",5960,1192,4768
"51189",3960,792,3168
"51190",7625,1525,6100
"51191",4115,823,3292
"51192",4700,940,3760
"51193",5320,1064,4256
"51194",3875,775,3100
"51195",4095,819,3276
"51196",4860,972,3888
"51197",4500,900,3600
"51198",5645,1129,4516
"51199",4035,807,3228
"51200",4570,914,3656
"51201",4265,853,3412
"51202",5130,1026,4104
"51203",4715,943,3772
"51204",5345,1069,4276
"51205",5270,1054,4216
"51206",6025,1205,4820
"51207",4525,905,3620
"51208",6800,1360,5440
"51209",5480,1096,4384
"51210",4720,944,3776
"51211",6075,1215,4860
"51212",4625,925,3700
"51213",3815,763,3052
"51214",6395,1279,5116
"51215",7000,1400,5600
"51216",3895,779,3116
"51217",4015,803,3212
"51218",6665,1333,5332
"51219",3430,686,2744
"51220",6940,1388,5552
"51221",4220,844,3376
"51222",5080,1016,4064
"51223",3275,655,2620
"51224",5445,1089,4356
"51225",4905,981,3924
"51226",4455,891,3564
"51227",6640,1328,5312
"51228",3910,782,3128
"51229",5165,1033,4132
"51230",5445,1089,4356
"51231",5260,1052,4208
"51232",6210,1242,4968
"51233",4365,873,3492
"51234",4145,829,3316
"51235",4635,927,3708
"51236",4380,876,3504
"51237",4310,862,3448
"51238",4620,924,3696
"51239",4560,912,3648
"51240",5130,1026,4104
"51241",5240,1048,4192
"51242",4660,932,3728
"51243",4150,830,3320
"51244",3755,751,3004
"51245",5545,1109,4436
"51246",4745,949,3796
"51247",4450,890,3560
"51248",5630,1126,4504
"51249",5465,1093,4372
"51250",4345,869,3476
"51251",7580,1516,6064
"51252",4005,801,3204
"51253",4450,890,3560
"51254",4160,832,3328
"51255",4630,926,3704
"51256",11780,2356,9424
"51257",4295,859,3436
"51258",3855,771,3084
"51259",3665,733,2932
"51260",5125,1025,4100
"51261",3675,735,2940
"51262",5740,1148,4592
"51263",4595,919,3676
"51264",3885,777,3108
"51265",5145,1029,4116
"51266",5345,1069,4276
"51267",5455,1091,4364
"51268",5505,1101,4404
"51269",5160,1032,4128
"51270",4430,886,3544
"51271",4905,981,3924
"51272",4855,971,3884
"51273",4495,899,3596
"51274",6360,1272,5088
"51275",3615,723,2892
"51276",4850,970,3880
"51277",5660,1132,4528
"51278",5175,1035,4140
"51279",4610,922,3688
"51280",5560,1112,4448
"51281",3580,716,2864
"51282",5380,1076,4304
"51283",3315,663,2652
"51284",4020,804,3216
"51285",4720,944,3776
"51286",3640,728,2912
"51287",6160,1232,4928
"51288",4235,847,3388
"51289",3730,746,2984
"51290",6740,1348,5392
"51291",5080,1016,4064
"51292",5790,1158,4632
"51293",4015,803,3212
"51294",3815,763,3052
"51295",4110,822,3288
"51296",4240,848,3392
"51297",5505,1101,4404
"51298",4635,927,3708
"51299",4660,932,3728
"51300",4405,881,3524
"51301",7300,1460,5840
"51302",6305,1261,5044
"51303",4585,917,3668
"51304",5080,1016,4064
"51305",4975,995,3980
"51306",5130,1026,4104
"51307",4000,800,3200
"51308",5025,1005,4020
"51309",4670,934,3736
"51310",4685,937,3748
"51311",3900,780,3120
"51312",4370,874,3496
"51313",5570,1114,4456
"51314",3865,773,3092
"51315",4125,825,3300
"51316",4560,912,3648
"51317",4100,820,3280
"51318",4850,970,3880
"51319",4975,995,3980
"51320",5530,1106,4424
"51321",4340,868,3472
"51322",4820,964,3856
"51323",5990,1198,4792
"51324",6475,1295,5180
"51325",4660,932,3728
"51326",4560,912,3648
"51327",6360,1272,5088
"51328",5520,1104,4416
"51329",5635,1127,4508
"51330",4280,856,3424
"51331",5040,1008,4032
"51332",5885,1177,4708
"51333",4595,919,3676
"51334",4805,961,3844
"51335",4725,945,3780
"51336",3745,749,2996
"51337",5265,1053,4212
"51338",3850,770,3080
"51339",5135,1027,4108
"51340",7425,1485,5940
"51341",4785,957,3828
"51342",5100,1020,4080
"51343",4905,981,3924
"51344",5705,1141,4564
"51345",4840,968,3872
"51346",3700,740,2960
"51347",4280,856,3424
"51348",6280,1256,5024
"51349",5560,1112,4448
"51350",4230,846,3384
"51351",6465,1293,5172
"51352",4060,812,3248
"51353",4615,923,3692
"51354",5360,1072,4288
"51355",4195,839,3356
"51356",3740,748,2992
"51357",6110,1222,4888
"51358",4475,895,3580
"51359",4235,847,3388
"51360",5990,1198,4792
"51361",4420,884,3536
"51362",5125,1025,4100
"51363",4855,971,3884
"51364",4220,844,3376
"51365",4060,812,3248
"51366",4105,821,3284
"51367",4765,953,3812
"51368",4930,986,3944
"51369",3705,741,2964
"51370",3435,687,2748
"51371",5140,1028,4112
"51372",4285,857,3428
"51373",3870,774,3096
"51374",4510,902,3608
"51375",4900,980,3920
"51376",4130,826,3304
"51377",3575,715,2860
"51378",4130,826,3304
"51379",4770,954,3816
"51380",4005,801,3204
"51381",3855,771,3084
"51382",4225,845,3380
"51383",4485,897,3588
"51384",4210,842,3368
"51385",4425,885,3540
"51386",6290,1258,5032
"51387",4790,958,3832
"51388",5320,1064,4256
"51389",4975,995,3980
"51390",4715,943,3772
"51391",6070,1214,4856
"51392",4020,804,3216
"51393",4365,873,3492
"51394",4480,896,3584
"51395",5935,1187,4748
"51396",3705,741,2964
"51397",4845,969,3876
"51398",3745,749,2996
"51399",4220,844,3376
"51400",5435,1087,4348
"51401",3800,760,3040
"51402",4315,863,3452
"51403",5480,1096,4384
"51404",4745,949,3796
"51405",6530,1306,5224
"51406",5255,1051,4204
"51407",4595,919,3676
"51408",6495,1299,5196
"51409",3565,713,2852
"51410",6025,1205,4820
"51411",4650,930,3720
"51412",6030,1206,4824
"51413",4870,974,3896
"51414",4685,937,3748
"51415",3515,703,2812
"51416",4935,987,3948
"51417",5470,1094,4376
"51418",4440,888,3552
"51419",5120,1024,4096
"51420",5285,1057,4228
"51421",3370,674,2696
"51422",4745,949,3796
"51423",4540,908,3632
"51424",4570,914,3656
"51425",5715,1143,4572
"51426",4280,856,3424
"51427",4890,978,3912
"51428",3820,764,3056
"51429",5300,1060,4240
"51430",3590,718,2872
"51431",4500,900,3600
"51432",4420,884,3536
"51433",4445,889,3556
"51434",4090,818,3272
"51435",6150,1230,4920
"51436",3500,700,2800
"51437",4355,871,3484
"51438",4320,864,3456
"51439",5660,1132,4528
"51440",3625,725,2900
"51441",5105,1021,4084
"51442",5240,1048,4192
"51443",4130,826,3304
"51444",5255,1051,4204
"51445",4200,840,3360
"51446",5420,1084,4336
"51447",4875,975,3900
"51448",4345,869,3476
"51449",3930,786,3144
"51450",5065,1013,4052
"51451",4460,892,3568
"51452",5515,1103,4412
"51453",3645,729,2916
"51454",5045,1009,4036
"51455",4190,838,3352
"51456",4275,855,3420
"51457",5695,1139,4556
"51458",4590,918,3672
"51459",4420,884,3536
"51460",5640,1128,4512
"51461",4995,999,3996
"51462",5040,1008,4032
"51463",5200,1040,4160
"51464",4860,972,3888
"51465",5555,1111,4444
"51466",4135,827,3308
"51467",6225,1245,4980
"51468",4040,808,3232
"51469",4255,851,3404
"51470",4020,804,3216
"51471",3920,784,3136
"51472",4310,862,3448
"51473",4775,955,3820
"51474",5515,1103,4412
"51475",3980,796,3184
"51476",4900,980,3920
"51477",4830,966,3864
"51478",4870,974,3896
"51479",5110,1022,4088
"51480",5390,1078,4312
"51481",5985,1197,4788
"51482",3615,723,2892
"51483",5385,1077,4308
"51484",3625,725,2900
"51485",5480,1096,4384
"51486",4470,894,3576
"51487",4535,907,3628
"51488",7890,1578,6312
"51489",4375,875,3500
"51490",4780,956,3824
"51491",4500,900,3600
"51492",4485,897,3588
"51493",6090,1218,4872
"51494",4650,930,3720
"51495",4790,958,3832
"51496",4435,887,3548
"51497",3835,767,3068
"51498",4395,879,3516
"51499",5530,1106,4424
"51500",6095,1219,4876
"51501",4380,876,3504
"51502",3715,743,2972
"51503",3995,799,3196
"51504",3895,779,3116
"51505",5310,1062,4248
"51506",6575,1315,5260
"51507",5445,1089,4356
"51508",5465,1093,4372
"51509",5395,1079,4316
"51510",4305,861,3444
"51511",4295,859,3436
"51512",3905,781,3124
"51513",6515,1303,5212
"51514",4000,800,3200
"51515",5345,1069,4276
"51516",4550,910,3640
"51517",4690,938,3752
"51518",4460,892,3568
"51519",4730,946,3784
"51520",4565,913,3652
"51521",6220,1244,4976
"51522",3815,763,3052
"51523",4525,905,3620
"51524",4930,986,3944
"51525",5005,1001,4004
"51526",5415,1083,4332
"51527",5070,1014,4056
"51528",5380,1076,4304
"51529",4590,918,3672
"51530",4675,935,3740
"51531",4465,893,3572
"51532",4960,992,3968
"51533",4570,914,3656
"51534",6140,1228,4912
"51535",3935,787,3148
"51536",3435,687,2748
"51537",5000,1000,4000
"51538",4810,962,3848
"51539",4715,943,3772
"51540",7460,1492,5968
"51541",4485,897,3588
"51542",6740,1348,5392
"51543",4770,954,3816
"51544",4485,897,3588
"51545",5090,1018,4072
"51546",5610,1122,4488
"51547",4600,920,3680
"51548",3345,669,2676
"51549",4520,904,3616
"51550",4450,890,3560
"51551",5815,1163,4652
"51552",5835,1167,4668
"51553",5325,1065,4260
"51554",7495,1499,5996
"51555",4550,910,3640
"51556",4435,887,3548
"51557",3795,759,3036
"51558",4465,893,3572
"51559",5485,1097,4388
"51560",3885,777,3108
"51561",4035,807,3228
"51562",5435,1087,4348
"51563",3855,771,3084
"51564",5900,1180,4720
"51565",4580,916,3664
"51566",5170,1034,4136
"51567",5605,1121,4484
"51568",4970,994,3976
"51569",4695,939,3756
"51570",4030,806,3224
"51571",5365,1073,4292
"51572",4015,803,3212
"51573",5760,1152,4608
"51574",4395,879,3516
"51575",5635,1127,4508
"51576",3915,783,3132
"51577",4825,965,3860
"51578",6700,1340,5360
"51579",4055,811,3244
"51580",4360,872,3488
"51581",4370,874,3496
"51582",3875,775,3100
"51583",4060,812,3248
"51584",4940,988,3952
"51585",4840,968,3872
"51586",4280,856,3424
"51587",4585,917,3668
"51588",4920,984,3936
"51589",6225,1245,4980
"51590",5955,1191,4764
"51591",5095,1019,4076
"51592",4425,885,3540
"51593",3460,692,2768
"51594",3940,788,3152
"51595",4455,891,3564
"51596",4420,884,3536
"51597",5075,1015,4060
"51598",4465,893,3572
"51599",4530,906,3624
"51600",4930,986,3944
"51601",4440,888,3552
"51602",3730,746,2984
"51603",3835,767,3068
"51604",4330,866,3464
"51605",3960,792,3168
"51606",7415,1483,5932
"51607",4080,816,3264
"51608",6065,1213,4852
"51609",4815,963,3852
"51610",4610,922,3688
"51611",4855,971,3884
"51612",4145,829,3316
"51613",4480,896,3584
"51614",5085,1017,4068
"51615",4470,894,3576
"51616",5710,1142,4568
"51617",4675,935,3740
"51618",4140,828,3312
"51619",4860,972,3888
"51620",3965,793,3172
"51621",4500,900,3600
"51622",4130,826,3304
"51623",4595,919,3676
"51624",3230,646,2584
"51625",4855,971,3884
"51626",5210,1042,4168
"51627",3245,649,2596
"51628",6505,1301,5204
"51629",4460,892,3568
"51630",4780,956,3824
"51631",3775,755,3020
"51632",4585,917,3668
"51633",4350,870,3480
"51634",5355,1071,4284
"51635",3995,799,3196
"51636",6535,1307,5228
"51637",3855,771,3084
"51638",5050,1010,4040
"51639",4680,936,3744
"51640",4095,819,3276
"51641",7015,1403,5612
"51642",3860,772,3088
"51643",3985,797,3188
"51644",5280,1056,4224
"51645",6105,1221,4884
"51646",4120,824,3296
"51647",5510,1102,4408
"51648",4820,964,3856
"51649",5150,1030,4120
"51650",4800,960,3840
"51651",3735,747,2988
"51652",5225,1045,4180
"51653",4780,956,3824
"51654",5450,1090,4360
"51655",5455,1091,4364
"51656",4855,971,3884
"51657",3595,719,2876
"51658",4570,914,3656
"51659",4710,942,3768
"51660",4100,820,3280
"51661",4780,956,3824
"51662",4525,905,3620
"51663",4035,807,3228
"51664",5325,1065,4260
"51665",4085,817,3268
"51666",4310,862,3448
"51667",3745,749,2996
"51668",5005,1001,4004
"51669",3925,785,3140
"51670",6850,1370,5480
"51671",4260,852,3408
"51672",3415,683,2732
"51673",4150,830,3320
"51674",4750,950,3800
"51675",4435,887,3548
"51676",3845,769,3076
"51677",4000,800,3200
"51678",4715,943,3772
"51679",3860,772,3088
"51680",4445,889,3556
"51681",4820,964,3856
"51682",3370,674,2696
"51683",4575,915,3660
"51684",4975,995,3980
"51685",4780,956,3824
"51686",5320,1064,4256
"51687",5625,1125,4500
"51688",3680,736,2944
"51689",6655,1331,5324
"51690",3540,708,2832
"51691",6380,1276,5104
"51692",4340,868,3472
"51693",4475,895,3580
"51694",5720,1144,4576
"51695",4005,801,3204
"51696",3375,675,2700
"51697",6330,1266,5064
"51698",4415,883,3532
"51699",5475,1095,4380
"51700",3965,793,3172
"51701",4020,804,3216
"51702",6575,1315,5260
"51703",4875,975,3900
"51704",5635,1127,4508
"51705",3640,728,2912
"51706",4785,957,3828
"51707",4105,821,3284
"51708",3940,788,3152
"51709",6910,1382,5528
"51710",3935,787,3148
"51711",4045,809,3236
"51712",3905,781,3124
"51713",5245,1049,4196
"51714",4965,993,3972
"51715",4355,871,3484
"51716",4765,953,3812
"51717",5865,1173,4692
"51718",5975,1195,4780
"51719",4985,997,3988
"51720",4415,883,3532
"51721",4330,866,3464
"51722",5540,1108,4432
"51723",4850,970,3880
"51724",6985,1397,5588
"51725",4940,988,3952
"51726",4965,993,3972
"51727",4350,870,3480
"51728",5100,1020,4080
"51729",4640,928,3712
"51730",5020,1004,4016
"51731",4850,970,3880
"51732",5090,1018,4072
"51733",5575,1115,4460
"51734",4475,895,3580
"51735",4000,800,3200
"51736",4970,994,3976
"51737",6160,1232,4928
"51738",4900,980,3920
"51739",4635,927,3708
"51740",5540,1108,4432
"51741",5175,1035,4140
"51742",6375,1275,5100
"51743",4610,922,3688
"51744",7600,1520,6080
"51745",5040,1008,4032
"51746",4315,863,3452
"51747",4150,830,3320
"51748",4660,932,3728
"51749",4260,852,3408
"51750",4000,800,3200
"51751",4140,828,3312
"51752",4365,873,3492
"51753",4465,893,3572
"51754",3915,783,3132
"51755",4675,935,3740
"51756",3960,792,3168
"51757",3670,734,2936
"51758",4340,868,3472
"51759",3895,779,3116
"51760",4425,885,3540
"51761",4775,955,3820
"51762",5555,1111,4444
"51763",5640,1128,4512
"51764",4435,887,3548
"51765",3625,725,2900
"51766",4520,904,3616
"51767",4915,983,3932
"51768",4165,833,3332
"51769",4115,823,3292
"51770",4670,934,3736
"51771",4545,909,3636
"51772",4415,883,3532
"51773",5270,1054,4216
"51774",4395,879,3516
"51775",5705,1141,4564
"51776",4705,941,3764
"51777",3820,764,3056
"51778",3995,799,3196
"51779",4955,991,3964
"51780",5145,1029,4116
"51781",4350,870,3480
"51782",5835,1167,4668
"51783",4560,912,3648
"51784",4255,851,3404
"51785",6030,1206,4824
"51786",5235,1047,4188
"51787",5785,1157,4628
"51788",7045,1409,5636
"51789",3750,750,3000
"51790",5020,1004,4016
"51791",5995,1199,4796
"51792",4985,997,3988
"51793",4440,888,3552
"51794",6005,1201,4804
"51795",4065,813,3252
"51796",4300,860,3440
"51797",5250,1050,4200
"51798",3615,723,2892
"51799",3860,772,3088
"51800",4315,863,3452
"51801",4945,989,3956
"51802",3915,783,3132
"51803",5055,1011,4044
"51804",3820,764,3056
"51805",4110,822,3288
"51806",5235,1047,4188
"51807",4500,900,3600
"51808",3615,723,2892
"51809",4745,949,3796
"51810",3945,789,3156
"51811",5975,1195,4780
"51812",4295,859,3436
"51813",3495,699,2796
"51814",4005,801,3204
"51815",4040,808,3232
"51816",4995,999,3996
"51817",3825,765,3060
"51818",4225,845,3380
"51819",4205,841,3364
"51820",4560,912,3648
"51821",3795,759,3036
"51822",5355,1071,4284
"51823",4055,811,3244
"51824",4415,883,3532
"51825",4795,959,3836
"51826",3400,680,2720
"51827",4715,943,3772
"51828",4620,924,3696
"51829",3935,787,3148
"51830",4970,994,3976
"51831",6225,1245,4980
"51832",3610,722,2888
"51833",3910,782,3128
"51834",3405,681,2724
"51835",5110,1022,4088
"51836",5360,1072,4288
"51837",4535,907,3628
"51838",3775,755,3020
"51839",4305,861,3444
"51840",4555,911,3644
"51841",4640,928,3712
"51842",3925,785,3140
"51843",3935,787,3148
"51844",4080,816,3264
"51845",5700,1140,4560
"51846",4690,938,3752
"51847",3915,783,3132
"51848",5020,1004,4016
"51849",4105,821,3284
"51850",4020,804,3216
"51851",4320,864,3456
"51852",4035,807,3228
"51853",4595,919,3676
"51854",4190,838,3352
"51855",4685,937,3748
"51856",4450,890,3560
"51857",3925,785,3140
"51858",5310,1062,4248
"51859",3660,732,2928
"51860",4215,843,3372
"51861",5020,1004,4016
"51862",6140,1228,4912
"51863",4690,938,3752
"51864",3800,760,3040
"51865",4795,959,3836
"51866",3970,794,3176
"51867",4265,853,3412
"51868",3670,734,2936
"51869",4955,991,3964
"51870",5130,1026,4104
"51871",4165,833,3332
"51872",3630,726,2904
"51873",5965,1193,4772
"51874",4915,983,3932
"51875",4630,926,3704
"51876",6330,1266,5064
"51877",5750,1150,4600
"51878",4955,991,3964
"51879",4380,876,3504
"51880",4340,868,3472
"51881",3780,756,3024
"51882",3745,749,2996
"51883",3345,669,2676
"51884",5030,1006,4024
"51885",5035,1007,4028
"51886",3485,697,2788
"51887",4405,881,3524
"51888",4710,942,3768
"51889",3880,776,3104
"51890",3890,778,3112
"51891",4625,925,3700
"51892",6585,1317,5268
"51893",5175,1035,4140
"51894",6240,1248,4992
"51895",4595,919,3676
"51896",4275,855,3420
"51897",5455,1091,4364
"51898",4530,906,3624
"51899",4040,808,3232
"51900",4795,959,3836
"51901",4250,850,3400
"51902",4350,870,3480
"51903",3590,718,2872
"51904",6165,1233,4932
"51905",4100,820,3280
"51906",3875,775,3100
"51907",5545,1109,4436
"51908",5055,1011,4044
"51909",4460,892,3568
"51910",6640,1328,5312
"51911",3870,774,3096
"51912",4505,901,3604
"51913",5870,1174,4696
"51914",5035,1007,4028
"51915",4715,943,3772
"51916",4170,834,3336
"51917",8490,1698,6792
"51918",4005,801,3204
"51919",5750,1150,4600
"51920",4610,922,3688
"51921",4080,816,3264
"51922",4175,835,3340
"51923",4095,819,3276
"51924",4340,868,3472
"51925",7005,1401,5604
"51926",6245,1249,4996
"51927",4110,822,3288
"51928",4570,914,3656
"51929",4225,845,3380
"51930",5290,1058,4232
"51931",4100,820,3280
"51932",4630,926,3704
"51933",4245,849,3396
"51934",4270,854,3416
"51935",3700,740,2960
"51936",4345,869,3476
"51937",5325,1065,4260
"51938",4990,998,3992
"51939",4690,938,3752
"51940",5680,1136,4544
"51941",3385,677,2708
"51942",3905,781,3124
"51943",4340,868,3472
"51944",4600,920,3680
"51945",4965,993,3972
"51946",4755,951,3804
"51947",3865,773,3092
"51948",4630,926,3704
"51949",5025,1005,4020
"51950",4275,855,3420
"51951",6235,1247,4988
"51952",3840,768,3072
"51953",3800,760,3040
"51954",8160,1632,6528
"51955",5725,1145,4580
"51956",3455,691,2764
"51957",4070,814,3256
"51958",4800,960,3840
"51959",3915,783,3132
"51960",3670,734,2936
"51961",4315,863,3452
"51962",4195,839,3356
"51963",3265,653,2612
"51964",4700,940,3760
"51965",4415,883,3532
"51966",3905,781,3124
"51967",4335,867,3468
"51968",4065,813,3252
"51969",5960,1192,4768
"51970",4245,849,3396
"51971",3485,697,2788
"51972",4480,896,3584
"51973",3825,765,3060
"51974",4775,955,3820
"51975",3690,738,2952
"51976",3595,719,2876
"51977",4635,927,3708
"51978",7325,1465,5860
"51979",4110,822,3288
"51980",5820,1164,4656
"51981",3785,757,3028
"51982",4310,862,3448
"51983",5670,1134,4536
"51984",4475,895,3580
"51985",5220,1044,4176
"51986",4610,922,3688
"51987",4395,879,3516
"51988",5620,1124,4496
"51989",4820,964,3856
"51990",4360,872,3488
"51991",3420,684,2736
"51992",4335,867,3468
"51993",3910,782,3128
"51994",4155,831,3324
"51995",4130,826,3304
"51996",5695,1139,4556
"51997",4240,848,3392
"51998",4015,803,3212
"51999",4845,969,3876
"52000",4635,927,3708
"52001",5135,1027,4108
"52002",6160,1232,4928
"52003",3725,745,2980
"52004",4315,863,3452
"52005",4600,920,3680
"52006",3855,771,3084
"52007",4740,948,3792
"52008",3945,789,3156
"52009",4405,881,3524
"52010",5575,1115,4460
"52011",4650,930,3720
"52012",4610,922,3688
"52013",3745,749,2996
"52014",4425,885,3540
"52015",4010,802,3208
"52016",5355,1071,4284
"52017",4675,935,3740
"52018",4370,874,3496
"52019",3995,799,3196
"52020",5340,1068,4272
"52021",4335,867,3468
"52022",4700,940,3760
"52023",5315,1063,4252
"52024",4585,917,3668
"52025",8275,1655,6620
"52026",4460,892,3568
"52027",4695,939,3756
"52028",4170,834,3336
"52029",4325,865,3460
"52030",5760,1152,4608
"52031",3845,769,3076
"52032",4040,808,3232
"52033",3715,743,2972
"52034",3295,659,2636
"52035",5130,1026,4104
"52036",6045,1209,4836
"52037",4525,905,3620
"52038",5090,1018,4072
"52039",5095,1019,4076
"52040",4615,923,3692
"52041",6585,1317,5268
"52042",8500,1700,6800
"52043",3690,738,2952
"52044",5785,1157,4628
"52045",5360,1072,4288
"52046",6850,1370,5480
"52047",4405,881,3524
"52048",5240,1048,4192
"52049",4295,859,3436
"52050",4555,911,3644
"52051",4210,842,3368
"52052",5385,1077,4308
"52053",3770,754,3016
"52054",4770,954,3816
"52055",4090,818,3272
"52056",3450,690,2760
"52057",6315,1263,5052
"52058",4655,931,3724
"52059",4085,817,3268
"52060",4155,831,3324
"52061",5055,1011,4044
"52062",4815,963,3852
"52063",4130,826,3304
"52064",4285,857,3428
"52065",3705,741,2964
"52066",4695,939,3756
"52067",7040,1408,5632
"52068",5805,1161,4644
"52069",4925,985,3940
"52070",3195,639,2556
"52071",5210,1042,4168
"52072",4530,906,3624
"52073",4055,811,3244
"52074",5725,1145,4580
"52075",4490,898,3592
"52076",3880,776,3104
"52077",4865,973,3892
"52078",5565,1113,4452
"52079",5105,1021,4084
"52080",4015,803,3212
"52081",3925,785,3140
"52082",4120,824,3296
"52083",6055,1211,4844
"52084",4765,953,3812
"52085",4025,805,3220
"52086",4265,853,3412
"52087",4230,846,3384
"52088",4590,918,3672
"52089",5235,1047,4188
"52090",4230,846,3384
"52091",3750,750,3000
"52092",4195,839,3356
"52093",3905,781,3124
"52094",6205,1241,4964
"52095",4355,871,3484
"52096",4290,858,3432
"52097",4110,822,3288
"52098",4195,839,3356
"52099",4190,838,3352
"52100",5025,1005,4020
"52101",5110,1022,4088
"52102",4985,997,3988
"52103",4305,861,3444
"52104",5190,1038,4152
"52105",5715,1143,4572
"52106",6070,1214,4856
"52107",4735,947,3788
"52108",4865,973,3892
"52109",5330,1066,4264
"52110",4700,940,3760
"52111",3535,707,2828
"52112",6130,1226,4904
"52113",4975,995,3980
"52114",4800,960,3840
"52115",5870,1174,4696
"52116",3990,798,3192
"52117",4890,978,3912
"52118",3910,782,3128
"52119",4705,941,3764
"52120",5900,1180,4720
"52121",4680,936,3744
"52122",6355,1271,5084
"52123",4695,939,3756
"52124",5880,1176,4704
"52125",5535,1107,4428
"52126",4600,920,3680
"52127",4135,827,3308
"52128",3680,736,2944
"52129",6915,1383,5532
"52130",3810,762,3048
"52131",5260,1052,4208
"52132",5435,1087,4348
"52133",4780,956,3824
"52134",3495,699,2796
"52135",4385,877,3508
"52136",4350,870,3480
"52137",4625,925,3700
"52138",4800,960,3840
"52139",4195,839,3356
"52140",4760,952,3808
"52141",4715,943,3772
"52142",4835,967,3868
"52143",6060,1212,4848
"52144",4815,963,3852
"52145",4860,972,3888
"52146",7735,1547,6188
"52147",4370,874,3496
"52148",4700,940,3760
"52149",3870,774,3096
"52150",3755,751,3004
"52151",4380,876,3504
"52152",4555,911,3644
"52153",4170,834,3336
"52154",4345,869,3476
"52155",6455,1291,5164
"52156",3755,751,3004
"52157",5025,1005,4020
"52158",5370,1074,4296
"52159",3225,645,2580
"52160",5530,1106,4424
"52161",5415,1083,4332
"52162",4555,911,3644
"52163",5725,1145,4580
"52164",5280,1056,4224
"52165",4170,834,3336
"52166",5020,1004,4016
"52167",6680,1336,5344
"52168",4915,983,3932
"52169",5195,1039,4156
"52170",5630,1126,4504
"52171",4645,929,3716
"52172",4255,851,3404
"52173",4220,844,3376
"52174",4645,929,3716
"52175",4695,939,3756
"52176",4500,900,3600
"52177",5505,1101,4404
"52178",4965,993,3972
"52179",4965,993,3972
"52180",4510,902,3608
"52181",4350,870,3480
"52182",5050,1010,4040
"52183",4015,803,3212
"52184",4375,875,3500
"52185",4800,960,3840
"52186",4965,993,3972
"52187",3110,622,2488
"52188",9200,1840,7360
"52189",6300,1260,5040
"52190",4485,897,3588
"52191",5400,1080,4320
"52192",4915,983,3932
"52193",4360,872,3488
"52194",3940,788,3152
"52195",5295,1059,4236
"52196",3525,705,2820
"52197",4905,981,3924
"52198",5905,1181,4724
"52199",6335,1267,5068
"52200",4830,966,3864
"52201",5930,1186,4744
"52202",3615,723,2892
"52203",6315,1263,5052
"52204",3715,743,2972
"52205",3610,722,2888
"52206",5990,1198,4792
"52207",5850,1170,4680
"52208",4455,891,3564
"52209",5275,1055,4220
"52210",4825,965,3860
"52211",5110,1022,4088
"52212",4545,909,3636
"52213",4525,905,3620
"52214",3645,729,2916
"52215",4260,852,3408
"52216",4160,832,3328
"52217",4145,829,3316
"52218",5485,1097,4388
"52219",5025,1005,4020
"52220",4495,899,3596
"52221",5660,1132,4528
"52222",4190,838,3352
"52223",7800,1560,6240
"52224",4135,827,3308
"52225",5100,1020,4080
"52226",3895,779,3116
"52227",3390,678,2712
"52228",4680,936,3744
"52229",8070,1614,6456
"52230",5360,1072,4288
"52231",5480,1096,4384
"52232",4470,894,3576
"52233",3825,765,3060
"52234",4465,893,3572
"52235",4570,914,3656
"52236",6595,1319,5276
"52237",3860,772,3088
"52238",4385,877,3508
"52239",4615,923,3692
"52240",4540,908,3632
"52241",4675,935,3740
"52242",4735,947,3788
"52243",5145,1029,4116
"52244",4130,826,3304
"52245",4725,945,3780
"52246",5710,1142,4568
"52247",4420,884,3536
"52248",6620,1324,5296
"52249",6640,1328,5312
"52250",4630,926,3704
"52251",4520,904,3616
"52252",4915,983,3932
"52253",4980,996,3984
"52254",4435,887,3548
"52255",5040,1008,4032
"52256",4205,841,3364
"52257",5620,1124,4496
"52258",4835,967,3868
"52259",4680,936,3744
"52260",4410,882,3528
"52261",3770,754,3016
"52262",4715,943,3772
"52263",5955,1191,4764
"52264",5185,1037,4148
"52265",3775,755,3020
"52266",4105,821,3284
"52267",3715,743,2972
"52268",4260,852,3408
"52269",3775,755,3020
"52270",5690,1138,4552
"52271",6170,1234,4936
"52272",6610,1322,5288
"52273",5070,1014,4056
"52274",3500,700,2800
"52275",6265,1253,5012
"52276",4470,894,3576
"52277",5645,1129,4516
"52278",3900,780,3120
"52279",4155,831,3324
"52280",4900,980,3920
"52281",3900,780,3120
"52282",5725,1145,4580
"52283",4025,805,3220
"52284",5135,1027,4108
"52285",4695,939,3756
"52286",4525,905,3620
"52287",3470,694,2776
"52288",3920,784,3136
"52289",4700,940,3760
"52290",3910,782,3128
"52291",4410,882,3528
"52292",4655,931,3724
"52293",4370,874,3496
"52294",5400,1080,4320
"52295",5085,1017,4068
"52296",4105,821,3284
"52297",5105,1021,4084
"52298",4560,912,3648
"52299",5230,1046,4184
"52300",5480,1096,4384
"52301",4120,824,3296
"52302",3740,748,2992
"52303",5095,1019,4076
"52304",4610,922,3688
"52305",4030,806,3224
"52306",3915,783,3132
"52307",5950,1190,4760
"52308",5245,1049,4196
"52309",3750,750,3000
"52310",4805,961,3844
"52311",5740,1148,4592
"52312",4555,911,3644
"52313",5200,1040,4160
"52314",4500,900,3600
"52315",5225,1045,4180
"52316",6310,1262,5048
"52317",5240,1048,4192
"52318",4620,924,3696
"52319",4670,934,3736
"52320",4110,822,3288
"52321",5240,1048,4192
"52322",4135,827,3308
"52323",4505,901,3604
"52324",5450,1090,4360
"52325",6815,1363,5452
"52326",3610,722,2888
"52327",4235,847,3388
"52328",5100,1020,4080
"52329",4275,855,3420
"52330",4560,912,3648
"52331",4845,969,3876
"52332",5815,1163,4652
"52333",4345,869,3476
"52334",4455,891,3564
"52335",3940,788,3152
"52336",4905,981,3924
"52337",4385,877,3508
"52338",5735,1147,4588
"52339",5945,1189,4756
"52340",4150,830,3320
"52341",4690,938,3752
"52342",6555,1311,5244
"52343",4335,867,3468
"52344",5200,1040,4160
"52345",5350,1070,4280
"52346",4670,934,3736
"52347",7440,1488,5952
"52348",4895,979,3916
"52349",4565,913,3652
"52350",3435,687,2748
"52351",5135,1027,4108
"52352",3825,765,3060
"52353",3580,716,2864
"52354",5020,1004,4016
"52355",4940,988,3952
"52356",5430,1086,4344
"52357",3495,699,2796
"52358",6185,1237,4948
"52359",3765,753,3012
"52360",4835,967,3868
"52361",3920,784,3136
"52362",4335,867,3468
"52363",5415,1083,4332
"52364",4360,872,3488
"52365",4150,830,3320
"52366",4895,979,3916
"52367",4950,990,3960
"52368",4250,850,3400
"52369",7790,1558,6232
"52370",5825,1165,4660
"52371",3975,795,3180
"52372",4790,958,3832
"52373",3915,783,3132
"52374",4715,943,3772
"52375",4215,843,3372
"52376",6560,1312,5248
"52377",5045,1009,4036
"52378",3575,715,2860
"52379",7170,1434,5736
"52380",5895,1179,4716
"52381",3700,740,2960
"52382",4600,920,3680
"52383",4410,882,3528
"52384",3655,731,2924
"52385",4945,989,3956
"52386",4930,986,3944
"52387",4765,953,3812
"52388",4925,985,3940
"52389",5265,1053,4212
"52390",5420,1084,4336
"52391",4150,830,3320
"52392",5165,1033,4132
"52393",4355,871,3484
"52394",3735,747,2988
"52395",5575,1115,4460
"52396",5555,1111,4444
"52397",3985,797,3188
"52398",4060,812,3248
"52399",4835,967,3868
"52400",4660,932,3728
"52401",4720,944,3776
"52402",4390,878,3512
"52403",5220,1044,4176
"52404",4020,804,3216
"52405",3920,784,3136
"52406",3420,684,2736
"52407",3800,760,3040
"52408",3815,763,3052
"52409",4975,995,3980
"52410",4160,832,3328
"52411",5180,1036,4144
"52412",4660,932,3728
"52413",5540,1108,4432
"52414",6370,1274,5096
"52415",3315,663,2652
"52416",4615,923,3692
"52417",3930,786,3144
"52418",3710,742,2968
"52419",5010,1002,4008
"52420",4640,928,3712
"52421",5215,1043,4172
"52422",4280,856,3424
"52423",5575,1115,4460
"52424",4790,958,3832
"52425",5055,1011,4044
"52426",5285,1057,4228
"52427",4900,980,3920
"52428",6520,1304,5216
"52429",4125,825,3300
"52430",3845,769,3076
"52431",4615,923,3692
"52432",4565,913,3652
"52433",4140,828,3312
"52434",4375,875,3500
"52435",4090,818,3272
"52436",5115,1023,4092
"52437",5520,1104,4416
"52438",6120,1224,4896
"52439",5135,1027,4108
"52440",4595,919,3676
"52441",4765,953,3812
"52442",4155,831,3324
"52443",4025,805,3220
"52444",5135,1027,4108
"52445",4455,891,3564
"52446",5465,1093,4372
"52447",4605,921,3684
"52448",3945,789,3156
"52449",6105,1221,4884
"52450",4295,859,3436
"52451",3315,663,2652
"52452",4910,982,3928
"52453",3455,691,2764
"52454",4310,862,3448
"52455",6810,1362,5448
"52456",4835,967,3868
"52457",3335,667,2668
"52458",6205,1241,4964
"52459",3465,693,2772
"52460",3625,725,2900
"52461",5225,1045,4180
"52462",3640,728,2912
"52463",4045,809,3236
"52464",5670,1134,4536
"52465",4375,875,3500
"52466",6870,1374,5496
"52467",3900,780,3120
"52468",5385,1077,4308
"52469",4220,844,3376
"52470",3970,794,3176
"52471",5130,1026,4104
"52472",4490,898,3592
"52473",5465,1093,4372
"52474",4655,931,3724
"52475",3775,755,3020
"52476",6210,1242,4968
"52477",4970,994,3976
"52478",4920,984,3936
"52479",5180,1036,4144
"52480",4965,993,3972
"52481",4550,910,3640
"52482",4745,949,3796
"52483",5265,1053,4212
"52484",3695,739,2956
"52485",5440,1088,4352
"52486",4210,842,3368
"52487",4870,974,3896
"52488",4530,906,3624
"52489",4060,812,3248
"52490",4310,862,3448
"52491",4435,887,3548
"52492",4310,862,3448
"52493",3870,774,3096
"52494",4080,816,3264
"52495",4085,817,3268
"52496",4105,821,3284
"52497",5440,1088,4352
"52498",7090,1418,5672
"52499",5320,1064,4256
"52500",3705,741,2964
"52501",4030,806,3224
"52502",4730,946,3784
"52503",5535,1107,4428
"52504",3945,789,3156
"52505",4140,828,3312
"52506",4495,899,3596
"52507",6285,1257,5028
"52508",3860,772,3088
"52509",5770,1154,4616
"52510",3655,731,2924
"52511",4020,804,3216
"52512",4610,922,3688
"52513",3435,687,2748
"52514",4675,935,3740
"52515",4815,963,3852
"52516",4675,935,3740
"52517",4330,866,3464
"52518",5285,1057,4228
"52519",3600,720,2880
"52520",4030,806,3224
"52521",5255,1051,4204
"52522",6130,1226,4904
"52523",3820,764,3056
"52524",4490,898,3592
"52525",4270,854,3416
"52526",6045,1209,4836
"52527",3915,783,3132
"52528",6145,1229,4916
"52529",4740,948,3792
"52530",5370,1074,4296
"52531",4930,986,3944
"52532",5510,1102,4408
"52533",3925,785,3140
"52534",3880,776,3104
"52535",3970,794,3176
"52536",5330,1066,4264
"52537",4330,866,3464
"52538",4170,834,3336
"52539",3925,785,3140
"52540",3615,723,2892
"52541",3885,777,3108
"52542",6840,1368,5472
"52543",5575,1115,4460
"52544",3600,720,2880
"52545",4050,810,3240
"52546",4355,871,3484
"52547",4085,817,3268
"52548",4335,867,3468
"52549",8810,1762,7048
"52550",5010,1002,4008
"52551",4810,962,3848
"52552",7075,1415,5660
"52553",4230,846,3384
"52554",4640,928,3712
"52555",4765,953,3812
"52556",4425,885,3540
"52557",4820,964,3856
"52558",5125,1025,4100
"52559",5520,1104,4416
"52560",4380,876,3504
"52561",3910,782,3128
"52562",5135,1027,4108
"52563",7025,1405,5620
"52564",4240,848,3392
"52565",4295,859,3436
"52566",4505,901,3604
"52567",4485,897,3588
"52568",5935,1187,4748
"52569",3830,766,3064
"52570",3905,781,3124
"52571",5130,1026,4104
"52572",3545,709,2836
"52573",3550,710,2840
"52574",5335,1067,4268
"52575",4170,834,3336
"52576",5130,1026,4104
"52577",3870,774,3096
"52578",4705,941,3764
"52579",6060,1212,4848
"52580",3670,734,2936
"52581",5285,1057,4228
"52582",5045,1009,4036
"52583",5445,1089,4356
"52584",4355,871,3484
"52585",3840,768,3072
"52586",4190,838,3352
"52587",3990,798,3192
"52588",5385,1077,4308
"52589",4575,915,3660
"52590",4495,899,3596
"52591",4005,801,3204
"52592",4850,970,3880
"52593",4910,982,3928
"52594",4330,866,3464
"52595",4875,975,3900
"52596",4905,981,3924
"52597",4495,899,3596
"52598",4565,913,3652
"52599",3800,760,3040
"52600",3660,732,2928
"52601",4080,816,3264
"52602",3980,796,3184
"52603",4970,994,3976
"52604",3855,771,3084
"52605",3950,790,3160
"52606",3610,722,2888
"52607",3335,667,2668
"52608",3980,796,3184
"52609",4950,990,3960
"52610",5685,1137,4548
"52611",5035,1007,4028
"52612",5070,1014,4056
"52613",4355,871,3484
"52614",4300,860,3440
"52615",5215,1043,4172
"52616",5335,1067,4268
"52617",4655,931,3724
"52618",6435,1287,5148
"52619",3730,746,2984
"52620",4505,901,3604
"52621",3700,740,2960
"52622",6270,1254,5016
"52623",4280,856,3424
"52624",4970,994,3976
"52625",5515,1103,4412
"52626",4715,943,3772
"52627",3910,782,3128
"52628",4925,985,3940
"52629",4960,992,3968
"52630",4560,912,3648
"52631",5955,1191,4764
"52632",4940,988,3952
"52633",3945,789,3156
"52634",3980,796,3184
"52635",4280,856,3424
"52636",3860,772,3088
"52637",6125,1225,4900
"52638",4295,859,3436
"52639",3900,780,3120
"52640",4810,962,3848
"52641",5155,1031,4124
"52642",5735,1147,4588
"52643",5815,1163,4652
"52644",4940,988,3952
"52645",4705,941,3764
"52646",5365,1073,4292
"52647",5085,1017,4068
"52648",6565,1313,5252
"52649",5565,1113,4452
"52650",3770,754,3016
"52651",4550,910,3640
"52652",4435,887,3548
"52653",5685,1137,4548
"52654",6260,1252,5008
"52655",5795,1159,4636
"52656",6510,1302,5208
"52657",5665,1133,4532
"52658",4235,847,3388
"52659",4440,888,3552
"52660",5070,1014,4056
"52661",5040,1008,4032
"52662",6510,1302,5208
"52663",4900,980,3920
"52664",5000,1000,4000
"52665",4915,983,3932
"52666",4440,888,3552
"52667",3950,790,3160
"52668",5140,1028,4112
"52669",4330,866,3464
"52670",4085,817,3268
"52671",5045,1009,4036
"52672",5155,1031,4124
"52673",6330,1266,5064
"52674",3650,730,2920
"52675",3610,722,2888
"52676",4415,883,3532
"52677",5540,1108,4432
"52678",3975,795,3180
"52679",4480,896,3584
"52680",5100,1020,4080
"52681",4755,951,3804
"52682",5065,1013,4052
"52683",3995,799,3196
"52684",4425,885,3540
"52685",4810,962,3848
"52686",4430,886,3544
"52687",4735,947,3788
"52688",4140,828,3312
"52689",3925,785,3140
"52690",4035,807,3228
"52691",4765,953,3812
"52692",5570,1114,4456
"52693",4770,954,3816
"52694",4640,928,3712
"52695",3560,712,2848
"52696",4615,923,3692
"52697",3750,750,3000
"52698",4490,898,3592
"52699",4190,838,3352
"52700",4365,873,3492
"52701",3665,733,2932
"52702",7450,1490,5960
"52703",3685,737,2948
"52704",4325,865,3460
"52705",4320,864,3456
"52706",5225,1045,4180
"52707",4365,873,3492
"52708",4780,956,3824
"52709",4625,925,3700
"52710",4025,805,3220
"52711",3960,792,3168
"52712",3610,722,2888
"52713",3710,742,2968
"52714",4265,853,3412
"52715",5450,1090,4360
"52716",5575,1115,4460
"52717",4595,919,3676
"52718",4400,880,3520
"52719",4110,822,3288
"52720",3110,622,2488
"52721",5370,1074,4296
"52722",4030,806,3224
"52723",6070,1214,4856
"52724",4610,922,3688
"52725",6955,1391,5564
"52726",4650,930,3720
"52727",4330,866,3464
"52728",4020,804,3216
"52729",3505,701,2804
"52730",4365,873,3492
"52731",4750,950,3800
"52732",4970,994,3976
"52733",4700,940,3760
"52734",4890,978,3912
"52735",3835,767,3068
"52736",3475,695,2780
"52737",4195,839,3356
"52738",4435,887,3548
"52739",4120,824,3296
"52740",3520,704,2816
"52741",5010,1002,4008
"52742",4885,977,3908
"52743",4585,917,3668
"52744",4535,907,3628
"52745",5080,1016,4064
"52746",4175,835,3340
"52747",5540,1108,4432
"52748",4275,855,3420
"52749",5040,1008,4032
"52750",4115,823,3292
"52751",3925,785,3140
"52752",4530,906,3624
"52753",6725,1345,5380
"52754",5195,1039,4156
"52755",5630,1126,4504
"52756",3585,717,2868
"52757",4945,989,3956
"52758",4550,910,3640
"52759",4450,890,3560
"52760",4145,829,3316
"52761",3555,711,2844
"52762",5935,1187,4748
"52763",4765,953,3812
"52764",3880,776,3104
"52765",4385,877,3508
"52766",3650,730,2920
"52767",4025,805,3220
"52768",3650,730,2920
"52769",5480,1096,4384
"52770",4095,819,3276
"52771",4360,872,3488
"52772",4530,906,3624
"52773",4670,934,3736
"52774",5520,1104,4416
"52775",5410,1082,4328
"52776",4245,849,3396
"52777",3895,779,3116
"52778",5505,1101,4404
"52779",4005,801,3204
"52780",4315,863,3452
"52781",5220,1044,4176
"52782",4755,951,3804
"52783",4550,910,3640
"52784",4455,891,3564
"52785",4885,977,3908
"52786",4840,968,3872
"52787",5125,1025,4100
"52788",4010,802,3208
"52789",5295,1059,4236
"52790",4210,842,3368
"52791",4025,805,3220
"52792",4385,877,3508
"52793",5120,1024,4096
"52794",5455,1091,4364
"52795",3585,717,2868
"52796",4370,874,3496
"52797",4840,968,3872
"52798",6380,1276,5104
"52799",5830,1166,4664
"52800",3430,686,2744
"52801",4970,994,3976
"52802",4275,855,3420
"52803",6725,1345,5380
"52804",5360,1072,4288
"52805",3905,781,3124
"52806",4710,942,3768
"52807",6490,1298,5192
"52808",3740,748,2992
"52809",6940,1388,5552
"52810",4425,885,3540
"52811",4310,862,3448
"52812",4545,909,3636
"52813",5195,1039,4156
"52814",4370,874,3496
"52815",4520,904,3616
"52816",4265,853,3412
"52817",3950,790,3160
"52818",4235,847,3388
"52819",4885,977,3908
"52820",3605,721,2884
"52821",6605,1321,5284
"52822",4265,853,3412
"52823",3990,798,3192
"52824",3980,796,3184
"52825",6480,1296,5184
"52826",5760,1152,4608
"52827",3435,687,2748
"52828",4905,981,3924
"52829",6000,1200,4800
"52830",4125,825,3300
"52831",5270,1054,4216
"52832",4520,904,3616
"52833",7860,1572,6288
"52834",3915,783,3132
"52835",4745,949,3796
"52836",5255,1051,4204
"52837",3500,700,2800
"52838",5365,1073,4292
"52839",4025,805,3220
"52840",3720,744,2976
"52841",4685,937,3748
"52842",4545,909,3636
"52843",4270,854,3416
"52844",4075,815,3260
"52845",3750,750,3000
"52846",5940,1188,4752
"52847",4230,846,3384
"52848",4540,908,3632
"52849",4165,833,3332
"52850",4915,983,3932
"52851",4705,941,3764
"52852",5710,1142,4568
"52853",3570,714,2856
"52854",3840,768,3072
"52855",4315,863,3452
"52856",4540,908,3632
"52857",3240,648,2592
"52858",3700,740,2960
"52859",4165,833,3332
"52860",4690,938,3752
"52861",4030,806,3224
"52862",5475,1095,4380
"52863",4225,845,3380
"52864",4235,847,3388
"52865",3555,711,2844
"52866",4900,980,3920
"52867",4350,870,3480
"52868",4360,872,3488
"52869",3775,755,3020
"52870",4490,898,3592
"52871",4225,845,3380
"52872",3690,738,2952
"52873",4355,871,3484
"52874",7570,1514,6056
"52875",3595,719,2876
"52876",4910,982,3928
"52877",4980,996,3984
"52878",3885,777,3108
"52879",5395,1079,4316
"52880",4515,903,3612
"52881",6530,1306,5224
"52882",6665,1333,5332
"52883",5855,1171,4684
"52884",3430,686,2744
"52885",6305,1261,5044
"52886",4695,939,3756
"52887",5540,1108,4432
"52888",3955,791,3164
"52889",5370,1074,4296
"52890",6795,1359,5436
"52891",4080,816,3264
"52892",4490,898,3592
"52893",4865,973,3892
"52894",4080,816,3264
"52895",5350,1070,4280
"52896",3695,739,2956
"52897",4875,975,3900
"52898",4720,944,3776
"52899",4340,868,3472
"52900",4835,967,3868
"52901",5115,1023,4092
"52902",5545,1109,4436
"52903",4410,882,3528
"52904",3700,740,2960
"52905",4655,931,3724
"52906",5340,1068,4272
"52907",4045,809,3236
"52908",4135,827,3308
"52909",3815,763,3052
"52910",4525,905,3620
"52911",5065,1013,4052
"52912",5075,1015,4060
"52913",5420,1084,4336
"52914",4255,851,3404
"52915",5105,1021,4084
"52916",3675,735,2940
"52917",6240,1248,4992
"52918",4085,817,3268
"52919",3955,791,3164
"52920",4385,877,3508
"52921",4955,991,3964
"52922",4295,859,3436
"52923",4570,914,3656
"52924",4290,858,3432
"52925",3630,726,2904
"52926",4160,832,3328
"52927",5635,1127,4508
"52928",4455,891,3564
"52929",4025,805,3220
"52930",5870,1174,4696
"52931",3695,739,2956
"52932",4225,845,3380
"52933",4740,948,3792
"52934",4220,844,3376
"52935",3320,664,2656
"52936",5200,1040,4160
"52937",3975,795,3180
"52938",4570,914,3656
"52939",4390,878,3512
"52940",7025,1405,5620
"52941",5165,1033,4132
"52942",5470,1094,4376
"52943",4135,827,3308
"52944",5285,1057,4228
"52945",5300,1060,4240
"52946",3700,740,2960
"52947",3465,693,2772
"52948",5535,1107,4428
"52949",4450,890,3560
"52950",4810,962,3848
"52951",4885,977,3908
"52952",5335,1067,4268
"52953",4825,965,3860
"52954",3615,723,2892
"52955",3995,799,3196
"52956",3760,752,3008
"52957",4670,934,3736
"52958",8265,1653,6612
"52959",4250,850,3400
"52960",4510,902,3608
"52961",4050,810,3240
"52962",4470,894,3576
"52963",5140,1028,4112
"52964",5390,1078,4312
"52965",5020,1004,4016
"52966",4825,965,3860
"52967",4615,923,3692
"52968",4435,887,3548
"52969",3735,747,2988
"52970",5725,1145,4580
"52971",4990,998,3992
"52972",4840,968,3872
"52973",3700,740,2960
"52974",8250,1650,6600
"52975",4955,991,3964
"52976",3995,799,3196
"52977",4730,946,3784
"52978",4425,885,3540
"52979",4135,827,3308
"52980",5765,1153,4612
"52981",5160,1032,4128
"52982",3895,779,3116
"52983",4670,934,3736
"52984",3570,714,2856
"52985",5025,1005,4020
"52986",4920,984,3936
"52987",4290,858,3432
"52988",4950,990,3960
"52989",4080,816,3264
"52990",4335,867,3468
"52991",6540,1308,5232
"52992",5675,1135,4540
"52993",4075,815,3260
"52994",4675,935,3740
"52995",4895,979,3916
"52996",4700,940,3760
"52997",3865,773,3092
"52998",5890,1178,4712
"52999",4140,828,3312
"53000",4030,806,3224
"53001",4875,975,3900
"53002",3570,714,2856
"53003",4570,914,3656
"53004",4015,803,3212
"53005",4510,902,3608
"53006",4640,928,3712
"53007",4290,858,3432
"53008",3670,734,2936
"53009",4765,953,3812
"53010",3850,770,3080
"53011",4235,847,3388
"53012",4270,854,3416
"53013",4300,860,3440
"53014",7940,1588,6352
"53015",4680,936,3744
"53016",5260,1052,4208
"53017",4955,991,3964
"53018",4265,853,3412
"53019",4420,884,3536
"53020",5695,1139,4556
"53021",4450,890,3560
"53022",4910,982,3928
"53023",4645,929,3716
"53024",3395,679,2716
"53025",4835,967,3868
"53026",4675,935,3740
"53027",6040,1208,4832
"53028",4090,818,3272
"53029",4665,933,3732
"53030",4610,922,3688
"53031",4485,897,3588
"53032",4565,913,3652
"53033",4490,898,3592
"53034",3580,716,2864
"53035",4635,927,3708
"53036",4855,971,3884
"53037",4415,883,3532
"53038",3810,762,3048
"53039",7965,1593,6372
"53040",4900,980,3920
"53041",4345,869,3476
"53042",4020,804,3216
"53043",4885,977,3908
"53044",3715,743,2972
"53045",3980,796,3184
"53046",4260,852,3408
"53047",3585,717,2868
"53048",4105,821,3284
"53049",4215,843,3372
"53050",5275,1055,4220
"53051",4775,955,3820
"53052",5310,1062,4248
"53053",4860,972,3888
"53054",5495,1099,4396
"53055",4135,827,3308
"53056",7845,1569,6276
"53057",4145,829,3316
"53058",4200,840,3360
"53059",4480,896,3584
"53060",4015,803,3212
"53061",4290,858,3432
"53062",4395,879,3516
"53063",4245,849,3396
"53064",6020,1204,4816
"53065",5240,1048,4192
"53066",4905,981,3924
"53067",3835,767,3068
"53068",4095,819,3276
"53069",5175,1035,4140
"53070",5680,1136,4544
"53071",4465,893,3572
"53072",4825,965,3860
"53073",3635,727,2908
"53074",4490,898,3592
"53075",3725,745,2980
"53076",4800,960,3840
"53077",5300,1060,4240
"53078",3920,784,3136
"53079",4385,877,3508
"53080",5640,1128,4512
"53081",4210,842,3368
"53082",4865,973,3892
"53083",5790,1158,4632
"53084",5055,1011,4044
"53085",4920,984,3936
"53086",5225,1045,4180
"53087",3115,623,2492
"53088",3695,739,2956
"53089",4285,857,3428
"53090",5190,1038,4152
"53091",5300,1060,4240
"53092",4710,942,3768
"53093",4120,824,3296
"53094",4100,820,3280
"53095",4815,963,3852
"53096",4740,948,3792
"53097",4985,997,3988
"53098",4190,838,3352
"53099",4005,801,3204
"53100",5255,1051,4204
"53101",4390,878,3512
"53102",4480,896,3584
"53103",3570,714,2856
"53104",4730,946,3784
"53105",6660,1332,5328
"53106",4785,957,3828
"53107",3890,778,3112
"53108",4630,926,3704
"53109",4835,967,3868
"53110",4555,911,3644
"53111",4080,816,3264
"53112",4290,858,3432
"53113",4405,881,3524
"53114",5525,1105,4420
"53115",4480,896,3584
"53116",3965,793,3172
"53117",3605,721,2884
"53118",7225,1445,5780
"53119",3940,788,3152
"53120",4880,976,3904
"53121",3790,758,3032
"53122",4340,868,3472
"53123",5570,1114,4456
"53124",6940,1388,5552
"53125",3690,738,2952
"53126",6815,1363,5452
"53127",5380,1076,4304
"53128",4160,832,3328
"53129",6300,1260,5040
"53130",4930,986,3944
"53131",4140,828,3312
"53132",4390,878,3512
"53133",3785,757,3028
"53134",3375,675,2700
"53135",3655,731,2924
"53136",5920,1184,4736
"53137",4230,846,3384
"53138",3845,769,3076
"53139",5465,1093,4372
"53140",5500,1100,4400
"53141",5015,1003,4012
"53142",5940,1188,4752
"53143",8290,1658,6632
"53144",4390,878,3512
"53145",3900,780,3120
"53146",5380,1076,4304
"53147",4895,979,3916
"53148",4860,972,3888
"53149",3505,701,2804
"53150",5150,1030,4120
"53151",4610,922,3688
"53152",3470,694,2776
"53153",4555,911,3644
"53154",4300,860,3440
"53155",3280,656,2624
"53156",5660,1132,4528
"53157",3680,736,2944
"53158",4930,986,3944
"53159",3665,733,2932
"53160",4325,865,3460
"53161",6830,1366,5464
"53162",5240,1048,4192
"53163",3815,763,3052
"53164",4140,828,3312
"53165",4515,903,3612
"53166",4745,949,3796
"53167",3780,756,3024
"53168",6940,1388,5552
"53169",3630,726,2904
"53170",4620,924,3696
"53171",4485,897,3588
"53172",4645,929,3716
"53173",4065,813,3252
"53174",4165,833,3332
"53175",4945,989,3956
"53176",4625,925,3700
"53177",5835,1167,4668
"53178",3765,753,3012
"53179",5340,1068,4272
"53180",4430,886,3544
"53181",7170,1434,5736
"53182",5000,1000,4000
"53183",4965,993,3972
"53184",4415,883,3532
"53185",3610,722,2888
"53186",4275,855,3420
"53187",4025,805,3220
"53188",3470,694,2776
"53189",3895,779,3116
"53190",4390,878,3512
"53191",3725,745,2980
"53192",3555,711,2844
"53193",3390,678,2712
"53194",5075,1015,4060
"53195",4100,820,3280
"53196",6770,1354,5416
"53197",3980,796,3184
"53198",5260,1052,4208
"53199",5170,1034,4136
"53200",4200,840,3360
"53201",4240,848,3392
"53202",4345,869,3476
"53203",3940,788,3152
"53204",4225,845,3380
"53205",5275,1055,4220
"53206",4525,905,3620
"53207",3690,738,2952
"53208",4740,948,3792
"53209",4685,937,3748
"53210",4290,858,3432
"53211",4570,914,3656
"53212",4540,908,3632
"53213",3910,782,3128
"53214",4240,848,3392
"53215",4230,846,3384
"53216",4905,981,3924
"53217",5040,1008,4032
"53218",4025,805,3220
"53219",4220,844,3376
"53220",5495,1099,4396
"53221",4430,886,3544
"53222",3945,789,3156
"53223",4515,903,3612
"53224",5135,1027,4108
"53225",4095,819,3276
"53226",3870,774,3096
"53227",3965,793,3172
"53228",4630,926,3704
"53229",4285,857,3428
"53230",4830,966,3864
"53231",5210,1042,4168
"53232",5495,1099,4396
"53233",4925,985,3940
"53234",5195,1039,4156
"53235",5180,1036,4144
"53236",3925,785,3140
"53237",3925,785,3140
"53238",4190,838,3352
"53239",3675,735,2940
"53240",3240,648,2592
"53241",6980,1396,5584
"53242",4895,979,3916
"53243",4440,888,3552
"53244",5715,1143,4572
"53245",7880,1576,6304
"53246",6215,1243,4972
"53247",4665,933,3732
"53248",4525,905,3620
"53249",5870,1174,4696
"53250",4365,873,3492
"53251",5265,1053,4212
"53252",3580,716,2864
"53253",4840,968,3872
"53254",4070,814,3256
"53255",4380,876,3504
"53256",3900,780,3120
"53257",4920,984,3936
"53258",4685,937,3748
"53259",4585,917,3668
"53260",4840,968,3872
"53261",4785,957,3828
"53262",4925,985,3940
"53263",4735,947,3788
"53264",4195,839,3356
"53265",5270,1054,4216
"53266",5255,1051,4204
"53267",5330,1066,4264
"53268",4580,916,3664
"53269",5105,1021,4084
"53270",7410,1482,5928
"53271",7180,1436,5744
"53272",3795,759,3036
"53273",4325,865,3460
"53274",4560,912,3648
"53275",4375,875,3500
"53276",3710,742,2968
"53277",7370,1474,5896
"53278",4470,894,3576
"53279",5465,1093,4372
"53280",4825,965,3860
"53281",4205,841,3364
"53282",4135,827,3308
"53283",4740,948,3792
"53284",4140,828,3312
"53285",5050,1010,4040
"53286",4730,946,3784
"53287",3875,775,3100
"53288",3520,704,2816
"53289",4625,925,3700
"53290",4100,820,3280
"53291",4890,978,3912
"53292",5000,1000,4000
"53293",7505,1501,6004
"53294",4615,923,3692
"53295",3915,783,3132
"53296",3865,773,3092
"53297",3850,770,3080
"53298",3530,706,2824
"53299",4790,958,3832
"53300",4065,813,3252
"53301",4510,902,3608
"53302",6315,1263,5052
"53303",3965,793,3172
"53304",5175,1035,4140
"53305",4260,852,3408
"53306",4515,903,3612
"53307",4435,887,3548
"53308",5020,1004,4016
"53309",3515,703,2812
"53310",4915,983,3932
"53311",4070,814,3256
"53312",5510,1102,4408
"53313",5015,1003,4012
"53314",4715,943,3772
"53315",4345,869,3476
"53316",4780,956,3824
"53317",4545,909,3636
"53318",3855,771,3084
"53319",5895,1179,4716
"53320",4645,929,3716
"53321",4325,865,3460
"53322",4255,851,3404
"53323",5280,1056,4224
"53324",5195,1039,4156
"53325",5880,1176,4704
"53326",5385,1077,4308
"53327",6295,1259,5036
"53328",4200,840,3360
"53329",5220,1044,4176
"53330",4355,871,3484
"53331",6105,1221,4884
"53332",3915,783,3132
"53333",4955,991,3964
"53334",6545,1309,5236
"53335",4905,981,3924
"53336",5855,1171,4684
"53337",7350,1470,5880
"53338",6160,1232,4928
"53339",3925,785,3140
"53340",4920,984,3936
"53341",4005,801,3204
"53342",5150,1030,4120
"53343",7400,1480,5920
"53344",4095,819,3276
"53345",4715,943,3772
"53346",3450,690,2760
"53347",4390,878,3512
"53348",4170,834,3336
"53349",4190,838,3352
"53350",4830,966,3864
"53351",5075,1015,4060
"53352",3800,760,3040
"53353",5340,1068,4272
"53354",5825,1165,4660
"53355",6285,1257,5028
"53356",6495,1299,5196
"53357",4255,851,3404
"53358",4755,951,3804
"53359",5555,1111,4444
"53360",5455,1091,4364
"53361",5020,1004,4016
"53362",3975,795,3180
"53363",5480,1096,4384
"53364",3980,796,3184
"53365",4995,999,3996
"53366",4460,892,3568
"53367",5245,1049,4196
"53368",6170,1234,4936
"53369",4890,978,3912
"53370",4980,996,3984
"53371",4130,826,3304
"53372",4940,988,3952
"53373",4360,872,3488
"53374",4010,802,3208
"53375",4300,860,3440
"53376",4485,897,3588
"53377",4460,892,3568
"53378",4475,895,3580
"53379",4180,836,3344
"53380",4410,882,3528
"53381",4095,819,3276
"53382",3875,775,3100
"53383",3535,707,2828
"53384",6160,1232,4928
"53385",6550,1310,5240
"53386",6515,1303,5212
"53387",5490,1098,4392
"53388",5440,1088,4352
"53389",4860,972,3888
"53390",3955,791,3164
"53391",4875,975,3900
"53392",5770,1154,4616
"53393",4955,991,3964
"53394",5970,1194,4776
"53395",5430,1086,4344
"53396",5955,1191,4764
"53397",4380,876,3504
"53398",4250,850,3400
"53399",3725,745,2980
"53400",3810,762,3048
"53401",4090,818,3272
"53402",4845,969,3876
"53403",4305,861,3444
"53404",3740,748,2992
"53405",4675,935,3740
"53406",4205,841,3364
"53407",4455,891,3564
"53408",5180,1036,4144
"53409",4370,874,3496
"53410",4410,882,3528
"53411",4025,805,3220
"53412",4225,845,3380
"53413",3540,708,2832
"53414",3665,733,2932
"53415",3875,775,3100
"53416",4970,994,3976
"53417",4270,854,3416
"53418",4810,962,3848
"53419",3150,630,2520
"53420",4000,800,3200
"53421",4755,951,3804
"53422",5210,1042,4168
"53423",3310,662,2648
"53424",4410,882,3528
"53425",3695,739,2956
"53426",4740,948,3792
"53427",4315,863,3452
"53428",4190,838,3352
"53429",3925,785,3140
"53430",4705,941,3764
"53431",6160,1232,4928
"53432",4015,803,3212
"53433",4865,973,3892
"53434",4800,960,3840
"53435",5085,1017,4068
"53436",3585,717,2868
"53437",4760,952,3808
"53438",5865,1173,4692
"53439",6940,1388,5552
"53440",4055,811,3244
"53441",5280,1056,4224
"53442",5445,1089,4356
"53443",4660,932,3728
"53444",3945,789,3156
"53445",4100,820,3280
"53446",4205,841,3364
"53447",3805,761,3044
"53448",4695,939,3756
"53449",4010,802,3208
"53450",3615,723,2892
"53451",4090,818,3272
"53452",8645,1729,6916
"53453",4810,962,3848
"53454",6410,1282,5128
"53455",5705,1141,4564
"53456",5015,1003,4012
"53457",6055,1211,4844
"53458",3955,791,3164
"53459",4120,824,3296
"53460",5850,1170,4680
"53461",3540,708,2832
"53462",3295,659,2636
"53463",4280,856,3424
"53464",5395,1079,4316
"53465",3910,782,3128
"53466",4905,981,3924
"53467",4520,904,3616
"53468",4350,870,3480
"53469",5070,1014,4056
"53470",5340,1068,4272
"53471",4765,953,3812
"53472",4160,832,3328
"53473",3915,783,3132
"53474",4070,814,3256
"53475",6560,1312,5248
"53476",3735,747,2988
"53477",3930,786,3144
"53478",4260,852,3408
"53479",3870,774,3096
"53480",4760,952,3808
"53481",5655,1131,4524
"53482",4725,945,3780
"53483",3630,726,2904
"53484",4845,969,3876
"53485",4610,922,3688
"53486",5165,1033,4132
"53487",4585,917,3668
"53488",4130,826,3304
"53489",4985,997,3988
"53490",3960,792,3168
"53491",4210,842,3368
"53492",5580,1116,4464
"53493",3275,655,2620
"53494",4355,871,3484
"53495",7715,1543,6172
"53496",4175,835,3340
"53497",4450,890,3560
"53498",4380,876,3504
"53499",5290,1058,4232
"53500",4270,854,3416
"53501",4405,881,3524
"53502",4460,892,3568
"53503",5090,1018,4072
"53504",5135,1027,4108
"53505",5190,1038,4152
"53506",4500,900,3600
"53507",3565,713,2852
"53508",5080,1016,4064
"53509",4810,962,3848
"53510",4465,893,3572
"53511",4150,830,3320
"53512",4685,937,3748
"53513",9080,1816,7264
"53514",4950,990,3960
"53515",3430,686,2744
"53516",5150,1030,4120
"53517",4455,891,3564
"53518",4575,915,3660
"53519",5135,1027,4108
"53520",5330,1066,4264
"53521",3800,760,3040
"53522",4325,865,3460
"53523",4150,830,3320
"53524",5265,1053,4212
"53525",4090,818,3272
"53526",3365,673,2692
"53527",4550,910,3640
"53528",4455,891,3564
"53529",8035,1607,6428
"53530",6060,1212,4848
"53531",4840,968,3872
"53532",3980,796,3184
"53533",4015,803,3212
"53534",7295,1459,5836
"53535",4545,909,3636
"53536",5645,1129,4516
"53537",4550,910,3640
"53538",4225,845,3380
"53539",4810,962,3848
"53540",3990,798,3192
"53541",4190,838,3352
"53542",4010,802,3208
"53543",3765,753,3012
"53544",4050,810,3240
"53545",3915,783,3132
"53546",4885,977,3908
"53547",4840,968,3872
"53548",4570,914,3656
"53549",4225,845,3380
"53550",6675,1335,5340
"53551",3905,781,3124
"53552",3825,765,3060
"53553",5255,1051,4204
"53554",5925,1185,4740
"53555",4655,931,3724
"53556",3980,796,3184
"53557",4255,851,3404
"53558",5510,1102,4408
"53559",6795,1359,5436
"53560",3845,769,3076
"53561",5095,1019,4076
"53562",4935,987,3948
"53563",4725,945,3780
"53564",5855,1171,4684
"53565",6135,1227,4908
"53566",4635,927,3708
"53567",4675,935,3740
"53568",6240,1248,4992
"53569",4380,876,3504
"53570",4485,897,3588
"53571",6105,1221,4884
"53572",4550,910,3640
"53573",3985,797,3188
"53574",6070,1214,4856
"53575",4210,842,3368
"53576",4310,862,3448
"53577",5000,1000,4000
"53578",4030,806,3224
"53579",6105,1221,4884
"53580",3840,768,3072
"53581",4395,879,3516
"53582",4700,940,3760
"53583",3715,743,2972
"53584",6610,1322,5288
"53585",6320,1264,5056
"53586",3590,718,2872
"53587",4030,806,3224
"53588",5150,1030,4120
"53589",4015,803,3212
"53590",5775,1155,4620
"53591",4835,967,3868
"53592",3960,792,3168
"53593",6730,1346,5384
"53594",4725,945,3780
"53595",4055,811,3244
"53596",4220,844,3376
"53597",4715,943,3772
"53598",4745,949,3796
"53599",4055,811,3244
"53600",3435,687,2748
"53601",6330,1266,5064
"53602",3680,736,2944
"53603",4145,829,3316
"53604",5225,1045,4180
"53605",5310,1062,4248
"53606",4405,881,3524
"53607",5550,1110,4440
"53608",4205,841,3364
"53609",4265,853,3412
"53610",4915,983,3932
"53611",6525,1305,5220
"53612",6335,1267,5068
"53613",6165,1233,4932
"53614",4255,851,3404
"53615",5020,1004,4016
"53616",5580,1116,4464
"53617",4475,895,3580
"53618",4700,940,3760
"53619",4510,902,3608
"53620",4750,950,3800
"53621",5870,1174,4696
"53622",4855,971,3884
"53623",5710,1142,4568
"53624",6010,1202,4808
"53625",5055,1011,4044
"53626",4955,991,3964
"53627",3650,730,2920
"53628",5635,1127,4508
"53629",3795,759,3036
"53630",4950,990,3960
"53631",5085,1017,4068
"53632",6160,1232,4928
"53633",4055,811,3244
"53634",4995,999,3996
"53635",4915,983,3932
"53636",4625,925,3700
"53637",3925,785,3140
"53638",3740,748,2992
"53639",3870,774,3096
"53640",5305,1061,4244
"53641",4325,865,3460
"53642",3855,771,3084
"53643",4375,875,3500
"53644",4425,885,3540
"53645",5495,1099,4396
"53646",4350,870,3480
"53647",3880,776,3104
"53648",5080,1016,4064
"53649",4080,816,3264
"53650",4565,913,3652
"53651",5025,1005,4020
"53652",5105,1021,4084
"53653",6820,1364,5456
"53654",3890,778,3112
"53655",5020,1004,4016
"53656",4190,838,3352
"53657",3895,779,3116
"53658",5815,1163,4652
"53659",4590,918,3672
"53660",3640,728,2912
"53661",3990,798,3192
"53662",6985,1397,5588
"53663",4125,825,3300
"53664",4110,822,3288
"53665",5335,1067,4268
"53666",4730,946,3784
"53667",3925,785,3140
"53668",4805,961,3844
"53669",5530,1106,4424
"53670",4390,878,3512
"53671",4340,868,3472
"53672",4675,935,3740
"53673",3355,671,2684
"53674",4065,813,3252
"53675",5700,1140,4560
"53676",4230,846,3384
"53677",3720,744,2976
"53678",4110,822,3288
"53679",7620,1524,6096
"53680",3665,733,2932
"53681",7200,1440,5760
"53682",7450,1490,5960
"53683",6820,1364,5456
"53684",3770,754,3016
"53685",3285,657,2628
"53686",4285,857,3428
"53687",4770,954,3816
"53688",4335,867,3468
"53689",4580,916,3664
"53690",4245,849,3396
"53691",4085,817,3268
"53692",3830,766,3064
"53693",4975,995,3980
"53694",5310,1062,4248
"53695",4465,893,3572
"53696",4085,817,3268
"53697",5090,1018,4072
"53698",5930,1186,4744
"53699",3620,724,2896
"53700",6625,1325,5300
"53701",4470,894,3576
"53702",4500,900,3600
"53703",4515,903,3612
"53704",3860,772,3088
"53705",4370,874,3496
"53706",4290,858,3432
"53707",4015,803,3212
"53708",5385,1077,4308
"53709",4555,911,3644
"53710",4065,813,3252
"53711",4655,931,3724
"53712",4975,995,3980
"53713",4715,943,3772
"53714",3765,753,3012
"53715",7145,1429,5716
"53716",4735,947,3788
"53717",6625,1325,5300
"53718",3385,677,2708
"53719",4870,974,3896
"53720",3810,762,3048
"53721",4190,838,3352
"53722",3725,745,2980
"53723",4710,942,3768
"53724",4430,886,3544
"53725",5580,1116,4464
"53726",4230,846,3384
"53727",6035,1207,4828
"53728",6650,1330,5320
"53729",4150,830,3320
"53730",6750,1350,5400
"53731",4410,882,3528
"53732",4410,882,3528
"53733",5685,1137,4548
"53734",3815,763,3052
"53735",6175,1235,4940
"53736",4065,813,3252
"53737",4895,979,3916
"53738",5825,1165,4660
"53739",5115,1023,4092
"53740",4425,885,3540
"53741",5320,1064,4256
"53742",5140,1028,4112
"53743",6395,1279,5116
"53744",4515,903,3612
"53745",4650,930,3720
"53746",4880,976,3904
"53747",3380,676,2704
"53748",5615,1123,4492
"53749",4535,907,3628
"53750",5250,1050,4200
"53751",4300,860,3440
"53752",4565,913,3652
"53753",4355,871,3484
"53754",4885,977,3908
"53755",3770,754,3016
"53756",4280,856,3424
"53757",5285,1057,4228
"53758",4315,863,3452
"53759",4730,946,3784
"53760",5725,1145,4580
"53761",4285,857,3428
"53762",4695,939,3756
"53763",5110,1022,4088
"53764",4475,895,3580
"53765",5305,1061,4244
"53766",3975,795,3180
"53767",4900,980,3920
"53768",4395,879,3516
"53769",5240,1048,4192
"53770",6085,1217,4868
"53771",4355,871,3484
"53772",3950,790,3160
"53773",4140,828,3312
"53774",4050,810,3240
"53775",4240,848,3392
"53776",4260,852,3408
"53777",4710,942,3768
"53778",4010,802,3208
"53779",4415,883,3532
"53780",4465,893,3572
"53781",4405,881,3524
"53782",6495,1299,5196
"53783",3735,747,2988
"53784",5305,1061,4244
"53785",3655,731,2924
"53786",3405,681,2724
"53787",4165,833,3332
"53788",3250,650,2600
"53789",5220,1044,4176
"53790",4270,854,3416
"53791",3575,715,2860
"53792",3070,614,2456
"53793",5325,1065,4260
"53794",5740,1148,4592
"53795",3885,777,3108
"53796",4255,851,3404
"53797",4980,996,3984
"53798",5515,1103,4412
"53799",5720,1144,4576
"53800",4520,904,3616
"53801",3635,727,2908
"53802",4580,916,3664
"53803",4925,985,3940
"53804",3715,743,2972
"53805",4640,928,3712
"53806",4285,857,3428
"53807",5285,1057,4228
"53808",5230,1046,4184
"53809",4070,814,3256
"53810",4120,824,3296
"53811",3760,752,3008
"53812",5695,1139,4556
"53813",4760,952,3808
"53814",4905,981,3924
"53815",3875,775,3100
"53816",5275,1055,4220
"53817",5150,1030,4120
"53818",3915,783,3132
"53819",5210,1042,4168
"53820",4230,846,3384
"53821",5020,1004,4016
"53822",3715,743,2972
"53823",5935,1187,4748
"53824",4550,910,3640
"53825",4635,927,3708
"53826",3835,767,3068
"53827",4525,905,3620
"53828",5380,1076,4304
"53829",3485,697,2788
"53830",5135,1027,4108
"53831",4270,854,3416
"53832",4210,842,3368
"53833",3445,689,2756
"53834",4370,874,3496
"53835",4655,931,3724
"53836",5695,1139,4556
"53837",4315,863,3452
"53838",4605,921,3684
"53839",3945,789,3156
"53840",4600,920,3680
"53841",3730,746,2984
"53842",5870,1174,4696
"53843",6055,1211,4844
"53844",4125,825,3300
"53845",4760,952,3808
"53846",5530,1106,4424
"53847",4620,924,3696
"53848",4225,845,3380
"53849",5115,1023,4092
"53850",4685,937,3748
"53851",3930,786,3144
"53852",5125,1025,4100
"53853",3970,794,3176
"53854",3400,680,2720
"53855",5920,1184,4736
"53856",4230,846,3384
"53857",4555,911,3644
"53858",4830,966,3864
"53859",4510,902,3608
"53860",4830,966,3864
"53861",4725,945,3780
"53862",4240,848,3392
"53863",5240,1048,4192
"53864",4990,998,3992
"53865",4785,957,3828
"53866",4830,966,3864
"53867",5445,1089,4356
"53868",4480,896,3584
"53869",3865,773,3092
"53870",3525,705,2820
"53871",3760,752,3008
"53872",3985,797,3188
"53873",4690,938,3752
"53874",4050,810,3240
"53875",4350,870,3480
"53876",5110,1022,4088
"53877",4230,846,3384
"53878",6445,1289,5156
"53879",6540,1308,5232
"53880",4145,829,3316
"53881",4655,931,3724
"53882",4315,863,3452
"53883",4085,817,3268
"53884",4360,872,3488
"53885",4530,906,3624
"53886",4210,842,3368
"53887",5080,1016,4064
"53888",4890,978,3912
"53889",3535,707,2828
"53890",4925,985,3940
"53891",5285,1057,4228
"53892",6135,1227,4908
"53893",5200,1040,4160
"53894",4375,875,3500
"53895",4680,936,3744
"53896",4880,976,3904
"53897",6170,1234,4936
"53898",4155,831,3324
"53899",4105,821,3284
"53900",3745,749,2996
"53901",4345,869,3476
"53902",3725,745,2980
"53903",4230,846,3384
"53904",4300,860,3440
"53905",6170,1234,4936
"53906",4595,919,3676
"53907",4505,901,3604
"53908",4430,886,3544
"53909",6455,1291,5164
"53910",3495,699,2796
"53911",3600,720,2880
"53912",5380,1076,4304
"53913",3500,700,2800
"53914",4280,856,3424
"53915",3960,792,3168
"53916",3995,799,3196
"53917",4075,815,3260
"53918",7750,1550,6200
"53919",5020,1004,4016
"53920",4700,940,3760
"53921",4150,830,3320
"53922",4965,993,3972
"53923",7350,1470,5880
"53924",7895,1579,6316
"53925",3565,713,2852
"53926",3990,798,3192
"53927",5555,1111,4444
"53928",5045,1009,4036
"53929",3650,730,2920
"53930",5190,1038,4152
"53931",3960,792,3168
"53932",4570,914,3656
"53933",4020,804,3216
"53934",5065,1013,4052
"53935",4795,959,3836
"53936",4380,876,3504
"53937",5450,1090,4360
"53938",3885,777,3108
"53939",3785,757,3028
"53940",4305,861,3444
"53941",3745,749,2996
"53942",4395,879,3516
"53943",4595,919,3676
"53944",4925,985,3940
"53945",4400,880,3520
"53946",4490,898,3592
"53947",5390,1078,4312
"53948",3945,789,3156
"53949",5935,1187,4748
"53950",5355,1071,4284
"53951",4700,940,3760
"53952",4035,807,3228
"53953",5410,1082,4328
"53954",4440,888,3552
"53955",5305,1061,4244
"53956",3445,689,2756
"53957",4920,984,3936
"53958",3990,798,3192
"53959",5590,1118,4472
"53960",4540,908,3632
"53961",5860,1172,4688
"53962",5655,1131,4524
"53963",4845,969,3876
"53964",4820,964,3856
"53965",5055,1011,4044
"53966",3555,711,2844
"53967",3985,797,3188
"53968",4475,895,3580
"53969",4070,814,3256
"53970",5030,1006,4024
"53971",3995,799,3196
"53972",6335,1267,5068
"53973",4590,918,3672
"53974",5085,1017,4068
"53975",4855,971,3884
"53976",4030,806,3224
"53977",4550,910,3640
"53978",4110,822,3288
"53979",4725,945,3780
"53980",4695,939,3756
"53981",4250,850,3400
"53982",4575,915,3660
"53983",4715,943,3772
"53984",5095,1019,4076
"53985",4765,953,3812
"53986",4825,965,3860
"53987",4915,983,3932
"53988",5390,1078,4312
"53989",6635,1327,5308
"53990",4820,964,3856
"53991",4165,833,3332
"53992",4315,863,3452
"53993",5340,1068,4272
"53994",4490,898,3592
"53995",4435,887,3548
"53996",4600,920,3680
"53997",3370,674,2696
"53998",4305,861,3444
"53999",5060,1012,4048
"54000",4755,951,3804
"54001",5390,1078,4312
"54002",4145,829,3316
"54003",4685,937,3748
"54004",4535,907,3628
"54005",4315,863,3452
"54006",3835,767,3068
"54007",5710,1142,4568
"54008",4905,981,3924
"54009",4275,855,3420
"54010",3925,785,3140
"54011",4165,833,3332
"54012",5240,1048,4192
"54013",4335,867,3468
"54014",5195,1039,4156
"54015",3650,730,2920
"54016",4445,889,3556
"54017",3470,694,2776
"54018",3795,759,3036
"54019",5615,1123,4492
"54020",5955,1191,4764
"54021",4365,873,3492
"54022",3775,755,3020
"54023",4165,833,3332
"54024",3810,762,3048
"54025",5620,1124,4496
"54026",3630,726,2904
"54027",4175,835,3340
"54028",5145,1029,4116
"54029",3830,766,3064
"54030",4095,819,3276
"54031",5390,1078,4312
"54032",5305,1061,4244
"54033",5530,1106,4424
"54034",4730,946,3784
"54035",7105,1421,5684
"54036",4505,901,3604
"54037",4860,972,3888
"54038",4365,873,3492
"54039",4260,852,3408
"54040",5375,1075,4300
"54041",4620,924,3696
"54042",4625,925,3700
"54043",4270,854,3416
"54044",4185,837,3348
"54045",4275,855,3420
"54046",3660,732,2928
"54047",5010,1002,4008
"54048",5605,1121,4484
"54049",5710,1142,4568
"54050",4350,870,3480
"54051",4505,901,3604
"54052",5700,1140,4560
"54053",4260,852,3408
"54054",4680,936,3744
"54055",4535,907,3628
"54056",5590,1118,4472
"54057",3710,742,2968
"54058",4700,940,3760
"54059",3730,746,2984
"54060",3825,765,3060
"54061",5000,1000,4000
"54062",5090,1018,4072
"54063",4190,838,3352
"54064",5995,1199,4796
"54065",4260,852,3408
"54066",4765,953,3812
"54067",3550,710,2840
"54068",4070,814,3256
"54069",3975,795,3180
"54070",3720,744,2976
"54071",5085,1017,4068
"54072",4830,966,3864
"54073",3520,704,2816
"54074",6025,1205,4820
"54075",4270,854,3416
"54076",4155,831,3324
"54077",4065,813,3252
"54078",4520,904,3616
"54079",6125,1225,4900
"54080",4295,859,3436
"54081",4730,946,3784
"54082",5150,1030,4120
"54083",6430,1286,5144
"54084",4030,806,3224
"54085",4605,921,3684
"54086",4700,940,3760
"54087",3935,787,3148
"54088",5910,1182,4728
"54089",4815,963,3852
"54090",8090,1618,6472
"54091",6565,1313,5252
"54092",4030,806,3224
"54093",4165,833,3332
"54094",4575,915,3660
"54095",6355,1271,5084
"54096",5640,1128,4512
"54097",4245,849,3396
"54098",4690,938,3752
"54099",5150,1030,4120
"54100",5135,1027,4108
"54101",4310,862,3448
"54102",6030,1206,4824
"54103",3910,782,3128
"54104",4495,899,3596
"54105",5305,1061,4244
"54106",4580,916,3664
"54107",5415,1083,4332
"54108",5020,1004,4016
"54109",3940,788,3152
"54110",4685,937,3748
"54111",4380,876,3504
"54112",5505,1101,4404
"54113",3435,687,2748
"54114",3955,791,3164
"54115",5390,1078,4312
"54116",4235,847,3388
"54117",4540,908,3632
"54118",4025,805,3220
"54119",4990,998,3992
"54120",4885,977,3908
"54121",4760,952,3808
"54122",3800,760,3040
"54123",3645,729,2916
"54124",5055,1011,4044
"54125",3510,702,2808
"54126",4225,845,3380
"54127",4120,824,3296
"54128",4560,912,3648
"54129",3500,700,2800
"54130",4365,873,3492
"54131",4655,931,3724
"54132",5360,1072,4288
"54133",5345,1069,4276
"54134",5980,1196,4784
"54135",5335,1067,4268
"54136",3370,674,2696
"54137",6355,1271,5084
"54138",4470,894,3576
"54139",5255,1051,4204
"54140",4990,998,3992
"54141",5225,1045,4180
"54142",4915,983,3932
"54143",4320,864,3456
"54144",4140,828,3312
"54145",3340,668,2672
"54146",4620,924,3696
"54147",5360,1072,4288
"54148",3985,797,3188
"54149",5685,1137,4548
"54150",4435,887,3548
"54151",3900,780,3120
"54152",6160,1232,4928
"54153",3990,798,3192
"54154",5260,1052,4208
"54155",4920,984,3936
"54156",4140,828,3312
"54157",4170,834,3336
"54158",4640,928,3712
"54159",5080,1016,4064
"54160",4645,929,3716
"54161",4210,842,3368
"54162",4655,931,3724
"54163",4500,900,3600
"54164",8130,1626,6504
"54165",4875,975,3900
"54166",4795,959,3836
"54167",3835,767,3068
"54168",4625,925,3700
"54169",4885,977,3908
"54170",5405,1081,4324
"54171",4600,920,3680
"54172",4685,937,3748
"54173",4385,877,3508
"54174",3575,715,2860
"54175",5090,1018,4072
"54176",4785,957,3828
"54177",4500,900,3600
"54178",5850,1170,4680
"54179",4115,823,3292
"54180",5285,1057,4228
"54181",4290,858,3432
"54182",4150,830,3320
"54183",4580,916,3664
"54184",5605,1121,4484
"54185",4115,823,3292
"54186",5305,1061,4244
"54187",4360,872,3488
"54188",5005,1001,4004
"54189",3885,777,3108
"54190",4320,864,3456
"54191",4675,935,3740
"54192",5720,1144,4576
"54193",3900,780,3120
"54194",5200,1040,4160
"54195",3530,706,2824
"54196",5155,1031,4124
"54197",4045,809,3236
"54198",4730,946,3784
"54199",4370,874,3496
"54200",4560,912,3648
"54201",5875,1175,4700
"54202",5645,1129,4516
"54203",5480,1096,4384
"54204",4185,837,3348
"54205",5030,1006,4024
"54206",5465,1093,4372
"54207",3775,755,3020
"54208",5235,1047,4188
"54209",4340,868,3472
"54210",6710,1342,5368
"54211",3645,729,2916
"54212",4010,802,3208
"54213",4320,864,3456
"54214",4640,928,3712
"54215",5050,1010,4040
"54216",5500,1100,4400
"54217",4760,952,3808
"54218",4255,851,3404
"54219",6125,1225,4900
"54220",5730,1146,4584
"54221",4410,882,3528
"54222",4130,826,3304
"54223",4480,896,3584
"54224",3520,704,2816
"54225",4465,893,3572
"54226",4010,802,3208
"54227",4645,929,3716
"54228",6025,1205,4820
"54229",4270,854,3416
"54230",5485,1097,4388
"54231",5345,1069,4276
"54232",5905,1181,4724
"54233",6300,1260,5040
"54234",6830,1366,5464
"54235",3845,769,3076
"54236",5220,1044,4176
"54237",5755,1151,4604
"54238",4330,866,3464
"54239",5995,1199,4796
"54240",4510,902,3608
"54241",4195,839,3356
"54242",5955,1191,4764
"54243",4920,984,3936
"54244",4815,963,3852
"54245",3950,790,3160
"54246",4260,852,3408
"54247",7600,1520,6080
"54248",4490,898,3592
"54249",3920,784,3136
"54250",3920,784,3136
"54251",4850,970,3880
"54252",6110,1222,4888
"54253",7000,1400,5600
"54254",5415,1083,4332
"54255",5375,1075,4300
"54256",4100,820,3280
"54257",5025,1005,4020
"54258",4315,863,3452
"54259",4725,945,3780
"54260",4690,938,3752
"54261",6905,1381,5524
"54262",4135,827,3308
"54263",8345,1669,6676
"54264",5275,1055,4220
"54265",4555,911,3644
"54266",8435,1687,6748
"54267",4280,856,3424
"54268",4655,931,3724
"54269",4365,873,3492
"54270",6145,1229,4916
"54271",4660,932,3728
"54272",5725,1145,4580
"54273",4375,875,3500
"54274",3755,751,3004
"54275",4355,871,3484
"54276",4355,871,3484
"54277",4290,858,3432
"54278",5410,1082,4328
"54279",4690,938,3752
"54280",4205,841,3364
"54281",4575,915,3660
"54282",3230,646,2584
"54283",4115,823,3292
"54284",4395,879,3516
"54285",6540,1308,5232
"54286",4845,969,3876
"54287",3430,686,2744
"54288",4600,920,3680
"54289",4955,991,3964
"54290",5030,1006,4024
"54291",4060,812,3248
"54292",3930,786,3144
"54293",5090,1018,4072
"54294",4120,824,3296
"54295",4340,868,3472
"54296",5915,1183,4732
"54297",6220,1244,4976
"54298",4210,842,3368
"54299",4490,898,3592
"54300",5150,1030,4120
"54301",4175,835,3340
"54302",3430,686,2744
"54303",3430,686,2744
"54304",5330,1066,4264
"54305",4730,946,3784
"54306",4200,840,3360
"54307",3760,752,3008
"54308",3950,790,3160
"54309",4550,910,3640
"54310",3340,668,2672
"54311",3415,683,2732
"54312",3920,784,3136
"54313",4340,868,3472
"54314",5760,1152,4608
"54315",4505,901,3604
"54316",4755,951,3804
"54317",5035,1007,4028
"54318",3530,706,2824
"54319",3350,670,2680
"54320",5080,1016,4064
"54321",4230,846,3384
"54322",5245,1049,4196
"54323",4560,912,3648
"54324",6705,1341,5364
"54325",6015,1203,4812
"54326",5300,1060,4240
"54327",4675,935,3740
"54328",6135,1227,4908
"54329",4730,946,3784
"54330",5825,1165,4660
"54331",4030,806,3224
"54332",5515,1103,4412
"54333",4215,843,3372
"54334",6010,1202,4808
"54335",4105,821,3284
"54336",5015,1003,4012
"54337",4825,965,3860
"54338",5180,1036,4144
"54339",5305,1061,4244
"54340",5490,1098,4392
"54341",4455,891,3564
"54342",5190,1038,4152
"54343",3740,748,2992
"54344",4780,956,3824
"54345",3770,754,3016
"54346",5360,1072,4288
"54347",5725,1145,4580
"54348",4045,809,3236
"54349",5005,1001,4004
"54350",5510,1102,4408
"54351",4740,948,3792
"54352",4395,879,3516
"54353",3365,673,2692
"54354",4010,802,3208
"54355",5515,1103,4412
"54356",3820,764,3056
"54357",3900,780,3120
"54358",6280,1256,5024
"54359",3915,783,3132
"54360",4155,831,3324
"54361",4800,960,3840
"54362",6070,1214,4856
"54363",5360,1072,4288
"54364",4065,813,3252
"54365",3445,689,2756
"54366",4650,930,3720
"54367",5050,1010,4040
"54368",5035,1007,4028
"54369",4085,817,3268
"54370",5110,1022,4088
"54371",4810,962,3848
"54372",4225,845,3380
"54373",3910,782,3128
"54374",5465,1093,4372
"54375",3925,785,3140
"54376",4130,826,3304
"54377",5125,1025,4100
"54378",4505,901,3604
"54379",5130,1026,4104
"54380",4835,967,3868
"54381",4775,955,3820
"54382",4030,806,3224
"54383",5790,1158,4632
"54384",5075,1015,4060
"54385",5865,1173,4692
"54386",4305,861,3444
"54387",4260,852,3408
"54388",4465,893,3572
"54389",3855,771,3084
"54390",3260,652,2608
"54391",3740,748,2992
"54392",3925,785,3140
"54393",5365,1073,4292
"54394",3925,785,3140
"54395",3900,780,3120
"54396",4145,829,3316
"54397",4610,922,3688
"54398",3455,691,2764
"54399",3915,783,3132
"54400",6155,1231,4924
"54401",4305,861,3444
"54402",3620,724,2896
"54403",4335,867,3468
"54404",4315,863,3452
"54405",4550,910,3640
"54406",6070,1214,4856
"54407",4235,847,3388
"54408",3865,773,3092
"54409",4730,946,3784
"54410",5430,1086,4344
"54411",7100,1420,5680
"54412",4825,965,3860
"54413",5225,1045,4180
"54414",4690,938,3752
"54415",4225,845,3380
"54416",4305,861,3444
"54417",4760,952,3808
"54418",4050,810,3240
"54419",5090,1018,4072
"54420",4200,840,3360
"54421",4025,805,3220
"54422",4360,872,3488
"54423",3655,731,2924
"54424",5185,1037,4148
"54425",3410,682,2728
"54426",3900,780,3120
"54427",6640,1328,5312
"54428",3620,724,2896
"54429",4190,838,3352
"54430",4385,877,3508
"54431",3640,728,2912
"54432",4700,940,3760
"54433",4225,845,3380
"54434",5675,1135,4540
"54435",4485,897,3588
"54436",4725,945,3780
"54437",4420,884,3536
"54438",4400,880,3520
"54439",4460,892,3568
"54440",4395,879,3516
"54441",5540,1108,4432
"54442",4090,818,3272
"54443",5365,1073,4292
"54444",5445,1089,4356
"54445",3920,784,3136
"54446",4815,963,3852
"54447",3820,764,3056
"54448",4720,944,3776
"54449",5750,1150,4600
"54450",3855,771,3084
"54451",4480,896,3584
"54452",5540,1108,4432
"54453",3885,777,3108
"54454",4215,843,3372
"54455",4800,960,3840
"54456",4940,988,3952
"54457",4540,908,3632
"54458",4330,866,3464
"54459",4050,810,3240
"54460",3705,741,2964
"54461",4685,937,3748
"54462",3990,798,3192
"54463",4460,892,3568
"54464",6385,1277,5108
"54465",4120,824,3296
"54466",3755,751,3004
"54467",4730,946,3784
"54468",4325,865,3460
"54469",4955,991,3964
"54470",4460,892,3568
"54471",4445,889,3556
"54472",5000,1000,4000
"54473",4665,933,3732
"54474",4575,915,3660
"54475",3885,777,3108
"54476",3830,766,3064
"54477",5200,1040,4160
"54478",4905,981,3924
"54479",5030,1006,4024
"54480",4680,936,3744
"54481",4780,956,3824
"54482",3895,779,3116
"54483",3010,602,2408
"54484",4810,962,3848
"54485",4005,801,3204
"54486",4810,962,3848
"54487",5810,1162,4648
"54488",4525,905,3620
"54489",7455,1491,5964
"54490",4680,936,3744
"54491",5530,1106,4424
"54492",4120,824,3296
"54493",5355,1071,4284
"54494",4160,832,3328
"54495",6710,1342,5368
"54496",4590,918,3672
"54497",5110,1022,4088
"54498",7990,1598,6392
"54499",3725,745,2980
"54500",4300,860,3440
"54501",4345,869,3476
"54502",4505,901,3604
"54503",4840,968,3872
"54504",3765,753,3012
"54505",5520,1104,4416
"54506",5855,1171,4684
"54507",4375,875,3500
"54508",5895,1179,4716
"54509",5205,1041,4164
"54510",4895,979,3916
"54511",4670,934,3736
"54512",4360,872,3488
"54513",3435,687,2748
"54514",4705,941,3764
"54515",4465,893,3572
"54516",3945,789,3156
"54517",4730,946,3784
"54518",4765,953,3812
"54519",4760,952,3808
"54520",5025,1005,4020
"54521",4175,835,3340
"54522",4865,973,3892
"54523",3520,704,2816
"54524",4415,883,3532
"54525",4245,849,3396
"54526",4305,861,3444
"54527",3710,742,2968
"54528",3735,747,2988
"54529",3640,728,2912
"54530",3370,674,2696
"54531",4015,803,3212
"54532",4935,987,3948
"54533",5605,1121,4484
"54534",4015,803,3212
"54535",5545,1109,4436
"54536",4820,964,3856
"54537",3790,758,3032
"54538",5540,1108,4432
"54539",5515,1103,4412
"54540",4250,850,3400
"54541",4535,907,3628
"54542",4690,938,3752
"54543",5410,1082,4328
"54544",4650,930,3720
"54545",6710,1342,5368
"54546",3710,742,2968
"54547",4375,875,3500
"54548",4295,859,3436
"54549",4985,997,3988
"54550",4380,876,3504
"54551",3760,752,3008
"54552",7355,1471,5884
"54553",4085,817,3268
"54554",4655,931,3724
"54555",4045,809,3236
"54556",4780,956,3824
"54557",4665,933,3732
"54558",4115,823,3292
"54559",3910,782,3128
"54560",4420,884,3536
"54561",5740,1148,4592
"54562",4440,888,3552
"54563",4510,902,3608
"54564",4730,946,3784
"54565",4225,845,3380
"54566",6200,1240,4960
"54567",4285,857,3428
"54568",4420,884,3536
"54569",4205,841,3364
"54570",4150,830,3320
"54571",4045,809,3236
"54572",4010,802,3208
"54573",5415,1083,4332
"54574",4200,840,3360
"54575",3780,756,3024
"54576",6420,1284,5136
"54577",4745,949,3796
"54578",4830,966,3864
"54579",4055,811,3244
"54580",4045,809,3236
"54581",5520,1104,4416
"54582",4550,910,3640
"54583",5410,1082,4328
"54584",3810,762,3048
"54585",4550,910,3640
"54586",5305,1061,4244
"54587",5050,1010,4040
"54588",4155,831,3324
"54589",4315,863,3452
"54590",4220,844,3376
"54591",5375,1075,4300
"54592",4640,928,3712
"54593",4685,937,3748
"54594",4345,869,3476
"54595",5615,1123,4492
"54596",5285,1057,4228
"54597",3565,713,2852
"54598",5435,1087,4348
"54599",4230,846,3384
"54600",4900,980,3920
"54601",4150,830,3320
"54602",4335,867,3468
"54603",4285,857,3428
"54604",5230,1046,4184
"54605",3800,760,3040
"54606",4965,993,3972
"54607",4820,964,3856
"54608",5160,1032,4128
"54609",5165,1033,4132
"54610",4605,921,3684
"54611",4870,974,3896
"54612",3645,729,2916
"54613",4590,918,3672
"54614",5365,1073,4292
"54615",3320,664,2656
"54616",4395,879,3516
"54617",4500,900,3600
"54618",4750,950,3800
"54619",5040,1008,4032
"54620",3990,798,3192
"54621",4230,846,3384
"54622",4375,875,3500
"54623",4860,972,3888
"54624",3535,707,2828
"54625",4770,954,3816
"54626",4550,910,3640
"54627",4270,854,3416
"54628",4715,943,3772
"54629",4430,886,3544
"54630",5080,1016,4064
"54631",5700,1140,4560
"54632",4235,847,3388
"54633",5625,1125,4500
"54634",4230,846,3384
"54635",4710,942,3768
"54636",7305,1461,5844
"54637",6745,1349,5396
"54638",3760,752,3008
"54639",6285,1257,5028
"54640",5280,1056,4224
"54641",5455,1091,4364
"54642",4945,989,3956
"54643",3680,736,2944
"54644",6375,1275,5100
"54645",5130,1026,4104
"54646",4620,924,3696
"54647",4515,903,3612
"54648",4860,972,3888
"54649",3725,745,2980
"54650",4550,910,3640
"54651",4180,836,3344
"54652",3835,767,3068
"54653",4365,873,3492
"54654",5205,1041,4164
"54655",4765,953,3812
"54656",5560,1112,4448
"54657",5070,1014,4056
"54658",3310,662,2648
"54659",5515,1103,4412
"54660",4225,845,3380
"54661",4490,898,3592
"54662",4385,877,3508
"54663",3275,655,2620
"54664",4810,962,3848
"54665",4590,918,3672
"54666",4160,832,3328
"54667",4580,916,3664
"54668",3735,747,2988
"54669",3520,704,2816
"54670",4305,861,3444
"54671",3830,766,3064
"54672",5205,1041,4164
"54673",4660,932,3728
"54674",3410,682,2728
"54675",5835,1167,4668
"54676",3930,786,3144
"54677",3890,778,3112
"54678",4325,865,3460
"54679",4695,939,3756
"54680",4065,813,3252
"54681",3955,791,3164
"54682",4705,941,3764
"54683",4510,902,3608
"54684",4155,831,3324
"54685",4645,929,3716
"54686",3930,786,3144
"54687",4635,927,3708
"54688",7400,1480,5920
"54689",4390,878,3512
"54690",4310,862,3448
"54691",6545,1309,5236
"54692",4820,964,3856
"54693",4775,955,3820
"54694",4585,917,3668
"54695",4220,844,3376
"54696",3655,731,2924
"54697",5745,1149,4596
"54698",5135,1027,4108
"54699",5865,1173,4692
"54700",5725,1145,4580
"54701",8005,1601,6404
"54702",3975,795,3180
"54703",4230,846,3384
"54704",4685,937,3748
"54705",5120,1024,4096
"54706",5000,1000,4000
"54707",4720,944,3776
"54708",4275,855,3420
"54709",5095,1019,4076
"54710",4070,814,3256
"54711",4230,846,3384
"54712",4105,821,3284
"54713",4490,898,3592
"54714",4465,893,3572
"54715",5260,1052,4208
"54716",4835,967,3868
"54717",3660,732,2928
"54718",4925,985,3940
"54719",3730,746,2984
"54720",4500,900,3600
"54721",4315,863,3452
"54722",4010,802,3208
"54723",6625,1325,5300
"54724",5875,1175,4700
"54725",4225,845,3380
"54726",4810,962,3848
"54727",5240,1048,4192
"54728",5215,1043,4172
"54729",5295,1059,4236
"54730",3755,751,3004
"54731",5050,1010,4040
"54732",3920,784,3136
"54733",4845,969,3876
"54734",4780,956,3824
"54735",3630,726,2904
"54736",4330,866,3464
"54737",4280,856,3424
"54738",3920,784,3136
"54739",4130,826,3304
"54740",5855,1171,4684
"54741",4440,888,3552
"54742",4065,813,3252
"54743",4990,998,3992
"54744",3920,784,3136
"54745",4390,878,3512
"54746",5020,1004,4016
"54747",3885,777,3108
"54748",5895,1179,4716
"54749",5530,1106,4424
"54750",4635,927,3708
"54751",5590,1118,4472
"54752",4350,870,3480
"54753",4925,985,3940
"54754",6730,1346,5384
"54755",5050,1010,4040
"54756",4000,800,3200
"54757",6440,1288,5152
"54758",6490,1298,5192
"54759",4075,815,3260
"54760",4570,914,3656
"54761",4720,944,3776
"54762",5290,1058,4232
"54763",4135,827,3308
"54764",4805,961,3844
"54765",4090,818,3272
"54766",5080,1016,4064
"54767",4120,824,3296
"54768",6170,1234,4936
"54769",4600,920,3680
"54770",4820,964,3856
"54771",5285,1057,4228
"54772",6265,1253,5012
"54773",5405,1081,4324
"54774",4215,843,3372
"54775",4925,985,3940
"54776",3680,736,2944
"54777",4035,807,3228
"54778",3575,715,2860
"54779",3720,744,2976
"54780",4555,911,3644
"54781",4920,984,3936
"54782",6090,1218,4872
"54783",6165,1233,4932
"54784",4010,802,3208
"54785",4890,978,3912
"54786",3795,759,3036
"54787",5105,1021,4084
"54788",6035,1207,4828
"54789",7540,1508,6032
"54790",3895,779,3116
"54791",3990,798,3192
"54792",4090,818,3272
"54793",6520,1304,5216
"54794",5935,1187,4748
"54795",5170,1034,4136
"54796",4605,921,3684
"54797",6055,1211,4844
"54798",3660,732,2928
"54799",3505,701,2804
"54800",3630,726,2904
"54801",4480,896,3584
"54802",4390,878,3512
"54803",4365,873,3492
"54804",3980,796,3184
"54805",5665,1133,4532
"54806",4370,874,3496
"54807",3985,797,3188
"54808",4345,869,3476
"54809",4250,850,3400
"54810",5855,1171,4684
"54811",4620,924,3696
"54812",4250,850,3400
"54813",4010,802,3208
"54814",3740,748,2992
"54815",5145,1029,4116
"54816",6070,1214,4856
"54817",6105,1221,4884
"54818",4005,801,3204
"54819",4780,956,3824
"54820",6665,1333,5332
"54821",4435,887,3548
"54822",5720,1144,4576
"54823",4330,866,3464
"54824",5020,1004,4016
"54825",4140,828,3312
"54826",4680,936,3744
"54827",4170,834,3336
"54828",5580,1116,4464
"54829",4345,869,3476
"54830",5080,1016,4064
"54831",3805,761,3044
"54832",4675,935,3740
"54833",4565,913,3652
"54834",3965,793,3172
"54835",4555,911,3644
"54836",3670,734,2936
"54837",4345,869,3476
"54838",4750,950,3800
"54839",4485,897,3588
"54840",7725,1545,6180
"54841",4370,874,3496
"54842",4295,859,3436
"54843",4040,808,3232
"54844",5445,1089,4356
"54845",5540,1108,4432
"54846",4875,975,3900
"54847",5360,1072,4288
"54848",5475,1095,4380
"54849",3595,719,2876
"54850",4875,975,3900
"54851",3735,747,2988
"54852",4265,853,3412
"54853",5495,1099,4396
"54854",4130,826,3304
"54855",4390,878,3512
"54856",4540,908,3632
"54857",3505,701,2804
"54858",4155,831,3324
"54859",4765,953,3812
"54860",3525,705,2820
"54861",4520,904,3616
"54862",6085,1217,4868
"54863",4545,909,3636
"54864",3530,706,2824
"54865",5140,1028,4112
"54866",4330,866,3464
"54867",6060,1212,4848
"54868",4280,856,3424
"54869",4540,908,3632
"54870",4430,886,3544
"54871",4515,903,3612
"54872",5345,1069,4276
"54873",3765,753,3012
"54874",5185,1037,4148
"54875",7390,1478,5912
"54876",4505,901,3604
"54877",3615,723,2892
"54878",4450,890,3560
"54879",5535,1107,4428
"54880",4300,860,3440
"54881",4820,964,3856
"54882",4225,845,3380
"54883",4130,826,3304
"54884",5575,1115,4460
"54885",4390,878,3512
"54886",6575,1315,5260
"54887",4400,880,3520
"54888",4775,955,3820
"54889",3555,711,2844
"54890",3720,744,2976
"54891",4950,990,3960
"54892",4210,842,3368
"54893",4985,997,3988
"54894",5585,1117,4468
"54895",5010,1002,4008
"54896",7190,1438,5752
"54897",4760,952,3808
"54898",4080,816,3264
"54899",5145,1029,4116
"54900",6850,1370,5480
"54901",4215,843,3372
"54902",4695,939,3756
"54903",4580,916,3664
"54904",4795,959,3836
"54905",4370,874,3496
"54906",3505,701,2804
"54907",5405,1081,4324
"54908",6915,1383,5532
"54909",5910,1182,4728
"54910",3825,765,3060
"54911",4245,849,3396
"54912",5365,1073,4292
"54913",3845,769,3076
"54914",3905,781,3124
"54915",5335,1067,4268
"54916",3975,795,3180
"54917",7200,1440,5760
"54918",3505,701,2804
"54919",5910,1182,4728
"54920",6435,1287,5148
"54921",4060,812,3248
"54922",5030,1006,4024
"54923",6350,1270,5080
"54924",4675,935,3740
"54925",4605,921,3684
"54926",5300,1060,4240
"54927",5340,1068,4272
"54928",4295,859,3436
"54929",5695,1139,4556
"54930",3570,714,2856
"54931",3865,773,3092
"54932",4345,869,3476
"54933",3640,728,2912
"54934",4680,936,3744
"54935",4275,855,3420
"54936",4320,864,3456
"54937",4830,966,3864
"54938",4310,862,3448
"54939",3945,789,3156
"54940",4570,914,3656
"54941",5855,1171,4684
"54942",5670,1134,4536
"54943",3910,782,3128
"54944",4520,904,3616
"54945",4055,811,3244
"54946",5120,1024,4096
"54947",4725,945,3780
"54948",4110,822,3288
"54949",4345,869,3476
"54950",5965,1193,4772
"54951",3870,774,3096
"54952",3750,750,3000
"54953",5990,1198,4792
"54954",4950,990,3960
"54955",4505,901,3604
"54956",6435,1287,5148
"54957",4435,887,3548
"54958",5275,1055,4220
"54959",4915,983,3932
"54960",4130,826,3304
"54961",4860,972,3888
"54962",4360,872,3488
"54963",6545,1309,5236
"54964",4830,966,3864
"54965",4785,957,3828
"54966",5010,1002,4008
"54967",4375,875,3500
"54968",4135,827,3308
"54969",4325,865,3460
"54970",3955,791,3164
"54971",4245,849,3396
"54972",3560,712,2848
"54973",3605,721,2884
"54974",5220,1044,4176
"54975",5965,1193,4772
"54976",4735,947,3788
"54977",5100,1020,4080
"54978",3900,780,3120
"54979",4935,987,3948
"54980",4760,952,3808
"54981",4930,986,3944
"54982",3895,779,3116
"54983",4610,922,3688
"54984",4555,911,3644
"54985",4995,999,3996
"54986",3950,790,3160
"54987",3450,690,2760
"54988",4065,813,3252
"54989",3850,770,3080
"54990",4820,964,3856
"54991",4840,968,3872
"54992",4060,812,3248
"54993",5295,1059,4236
"54994",5645,1129,4516
"54995",4450,890,3560
"54996",4630,926,3704
"54997",3060,612,2448
"54998",5140,1028,4112
"54999",5040,1008,4032
"55000",5200,1040,4160
"55001",6235,1247,4988
"55002",4065,813,3252
"55003",4000,800,3200
"55004",5005,1001,4004
"55005",5020,1004,4016
"55006",3410,682,2728
"55007",4105,821,3284
"55008",4290,858,3432
"55009",4995,999,3996
"55010",4165,833,3332
"55011",5150,1030,4120
"55012",4510,902,3608
"55013",4810,962,3848
"55014",3785,757,3028
"55015",4065,813,3252
"55016",5325,1065,4260
"55017",6500,1300,5200
"55018",3890,778,3112
"55019",5145,1029,4116
"55020",4665,933,3732
"55021",4910,982,3928
"55022",4450,890,3560
"55023",4000,800,3200
"55024",4755,951,3804
"55025",4885,977,3908
"55026",4060,812,3248
"55027",4915,983,3932
"55028",6050,1210,4840
"55029",4765,953,3812
"55030",6125,1225,4900
"55031",4290,858,3432
"55032",4860,972,3888
"55033",5140,1028,4112
"55034",4805,961,3844
"55035",4770,954,3816
"55036",5445,1089,4356
"55037",4555,911,3644
"55038",3755,751,3004
"55039",4815,963,3852
"55040",4605,921,3684
"55041",3260,652,2608
"55042",5560,1112,4448
"55043",7240,1448,5792
"55044",4740,948,3792
"55045",4665,933,3732
"55046",5625,1125,4500
"55047",4200,840,3360
"55048",4080,816,3264
"55049",4020,804,3216
"55050",5655,1131,4524
"55051",3815,763,3052
"55052",4790,958,3832
"55053",4435,887,3548
"55054",5100,1020,4080
"55055",4640,928,3712
"55056",4300,860,3440
"55057",4600,920,3680
"55058",4230,846,3384
"55059",4965,993,3972
"55060",3940,788,3152
"55061",4900,980,3920
"55062",5320,1064,4256
"55063",4345,869,3476
"55064",6840,1368,5472
"55065",4660,932,3728
"55066",5575,1115,4460
"55067",4650,930,3720
"55068",3830,766,3064
"55069",3925,785,3140
"55070",5830,1166,4664
"55071",5250,1050,4200
"55072",4460,892,3568
"55073",5885,1177,4708
"55074",4310,862,3448
"55075",5020,1004,4016
"55076",4135,827,3308
"55077",4025,805,3220
"55078",4425,885,3540
"55079",4135,827,3308
"55080",5030,1006,4024
"55081",4960,992,3968
"55082",3910,782,3128
"55083",4475,895,3580
"55084",4070,814,3256
"55085",4325,865,3460
"55086",4980,996,3984
"55087",4325,865,3460
"55088",4755,951,3804
"55089",4430,886,3544
"55090",4990,998,3992
"55091",5750,1150,4600
"55092",4550,910,3640
"55093",5260,1052,4208
"55094",4130,826,3304
"55095",3860,772,3088
"55096",5785,1157,4628
"55097",3845,769,3076
"55098",6220,1244,4976
"55099",4435,887,3548
"55100",5740,1148,4592
"55101",4435,887,3548
"55102",5345,1069,4276
"55103",5295,1059,4236
"55104",4505,901,3604
"55105",6405,1281,5124
"55106",3765,753,3012
"55107",4680,936,3744
"55108",4845,969,3876
"55109",4400,880,3520
"55110",4790,958,3832
"55111",3905,781,3124
"55112",4620,924,3696
"55113",3585,717,2868
"55114",4885,977,3908
"55115",4980,996,3984
"55116",6335,1267,5068
"55117",4215,843,3372
"55118",3955,791,3164
"55119",5025,1005,4020
"55120",4605,921,3684
"55121",5755,1151,4604
"55122",3835,767,3068
"55123",5245,1049,4196
"55124",3575,715,2860
"55125",4415,883,3532
"55126",5195,1039,4156
"55127",4055,811,3244
"55128",5090,1018,4072
"55129",4475,895,3580
"55130",6890,1378,5512
"55131",5975,1195,4780
"55132",4130,826,3304
"55133",6610,1322,5288
"55134",3745,749,2996
"55135",4095,819,3276
"55136",4415,883,3532
"55137",3400,680,2720
"55138",4505,901,3604
"55139",3735,747,2988
"55140",5640,1128,4512
"55141",4420,884,3536
"55142",4385,877,3508
"55143",3970,794,3176
"55144",4005,801,3204
"55145",4665,933,3732
"55146",4795,959,3836
"55147",5365,1073,4292
"55148",3805,761,3044
"55149",6990,1398,5592
"55150",3960,792,3168
"55151",3945,789,3156
"55152",4935,987,3948
"55153",5070,1014,4056
"55154",3740,748,2992
"55155",4730,946,3784
"55156",6760,1352,5408
"55157",4910,982,3928
"55158",4955,991,3964
"55159",6240,1248,4992
"55160",5095,1019,4076
"55161",4985,997,3988
"55162",5095,1019,4076
"55163",6045,1209,4836
"55164",4325,865,3460
"55165",4530,906,3624
"55166",5215,1043,4172
"55167",4245,849,3396
"55168",3860,772,3088
"55169",3905,781,3124
"55170",5635,1127,4508
"55171",6960,1392,5568
"55172",3790,758,3032
"55173",4955,991,3964
"55174",3775,755,3020
"55175",5050,1010,4040
"55176",5380,1076,4304
"55177",5330,1066,4264
"55178",4045,809,3236
"55179",4285,857,3428
"55180",5315,1063,4252
"55181",4085,817,3268
"55182",4935,987,3948
"55183",5645,1129,4516
"55184",4180,836,3344
"55185",4820,964,3856
"55186",4990,998,3992
"55187",4830,966,3864
"55188",3800,760,3040
"55189",4845,969,3876
"55190",4115,823,3292
"55191",4780,956,3824
"55192",4620,924,3696
"55193",4900,980,3920
"55194",4085,817,3268
"55195",3990,798,3192
"55196",4105,821,3284
"55197",4305,861,3444
"55198",6560,1312,5248
"55199",4185,837,3348
"55200",4030,806,3224
"55201",6080,1216,4864
"55202",4000,800,3200
"55203",3925,785,3140
"55204",4555,911,3644
"55205",4495,899,3596
"55206",3745,749,2996
"55207",5710,1142,4568
"55208",5900,1180,4720
"55209",5575,1115,4460
"55210",5535,1107,4428
"55211",4935,987,3948
"55212",3890,778,3112
"55213",4670,934,3736
"55214",6225,1245,4980
"55215",4750,950,3800
"55216",6220,1244,4976
"55217",4930,986,3944
"55218",4510,902,3608
"55219",4255,851,3404
"55220",4650,930,3720
"55221",5300,1060,4240
"55222",5870,1174,4696
"55223",4620,924,3696
"55224",4420,884,3536
"55225",4385,877,3508
"55226",5135,1027,4108
"55227",4230,846,3384
"55228",3640,728,2912
"55229",4800,960,3840
"55230",5085,1017,4068
"55231",4395,879,3516
"55232",5495,1099,4396
"55233",4670,934,3736
"55234",4405,881,3524
"55235",4145,829,3316
"55236",5635,1127,4508
"55237",4015,803,3212
"55238",4730,946,3784
"55239",5160,1032,4128
"55240",3870,774,3096
"55241",4330,866,3464
"55242",3860,772,3088
"55243",3695,739,2956
"55244",4115,823,3292
"55245",4910,982,3928
"55246",3655,731,2924
"55247",4325,865,3460
"55248",5825,1165,4660
"55249",4165,833,3332
"55250",4690,938,3752
"55251",4330,866,3464
"55252",6025,1205,4820
"55253",5635,1127,4508
"55254",4035,807,3228
"55255",5110,1022,4088
"55256",4635,927,3708
"55257",4260,852,3408
"55258",4520,904,3616
"55259",4945,989,3956
"55260",4420,884,3536
"55261",3815,763,3052
"55262",5305,1061,4244
"55263",5395,1079,4316
"55264",4635,927,3708
"55265",4620,924,3696
"55266",7535,1507,6028
"55267",4830,966,3864
"55268",4285,857,3428
"55269",4495,899,3596
"55270",5330,1066,4264
"55271",4110,822,3288
"55272",4160,832,3328
"55273",3980,796,3184
"55274",5200,1040,4160
"55275",5305,1061,4244
"55276",6245,1249,4996
"55277",3485,697,2788
"55278",4705,941,3764
"55279",3850,770,3080
"55280",4295,859,3436
"55281",6790,1358,5432
"55282",4625,925,3700
"55283",4065,813,3252
"55284",4615,923,3692
"55285",5205,1041,4164
"55286",4430,886,3544
"55287",4280,856,3424
"55288",4390,878,3512
"55289",4660,932,3728
"55290",4350,870,3480
"55291",4490,898,3592
"55292",4805,961,3844
"55293",5505,1101,4404
"55294",4985,997,3988
"55295",3740,748,2992
"55296",5705,1141,4564
"55297",6540,1308,5232
"55298",5345,1069,4276
"55299",4800,960,3840
"55300",3785,757,3028
"55301",5270,1054,4216
"55302",4920,984,3936
"55303",3830,766,3064
"55304",4445,889,3556
"55305",5285,1057,4228
"55306",4125,825,3300
"55307",4460,892,3568
"55308",6200,1240,4960
"55309",4965,993,3972
"55310",4745,949,3796
"55311",4060,812,3248
"55312",3725,745,2980
"55313",6000,1200,4800
"55314",3610,722,2888
"55315",4320,864,3456
"55316",3565,713,2852
"55317",3695,739,2956
"55318",4420,884,3536
"55319",4020,804,3216
"55320",3550,710,2840
"55321",4395,879,3516
"55322",4615,923,3692
"55323",4345,869,3476
"55324",5395,1079,4316
"55325",4625,925,3700
"55326",5920,1184,4736
"55327",4325,865,3460
"55328",4040,808,3232
"55329",6970,1394,5576
"55330",6645,1329,5316
"55331",6505,1301,5204
"55332",4060,812,3248
"55333",4150,830,3320
"55334",5515,1103,4412
"55335",6325,1265,5060
"55336",3430,686,2744
"55337",4960,992,3968
"55338",4375,875,3500
"55339",4650,930,3720
"55340",3810,762,3048
"55341",4705,941,3764
"55342",4780,956,3824
"55343",4840,968,3872
"55344",3440,688,2752
"55345",4345,869,3476
"55346",5195,1039,4156
"55347",5535,1107,4428
"55348",4975,995,3980
"55349",4430,886,3544
"55350",5385,1077,4308
"55351",4775,955,3820
"55352",5215,1043,4172
"55353",4370,874,3496
"55354",4675,935,3740
"55355",4845,969,3876
"55356",4220,844,3376
"55357",3715,743,2972
"55358",4555,911,3644
"55359",5655,1131,4524
"55360",7185,1437,5748
"55361",6335,1267,5068
"55362",3855,771,3084
"55363",4730,946,3784
"55364",5355,1071,4284
"55365",3435,687,2748
"55366",4180,836,3344
"55367",4760,952,3808
"55368",4490,898,3592
"55369",5060,1012,4048
"55370",4280,856,3424
"55371",5690,1138,4552
"55372",4465,893,3572
"55373",5125,1025,4100
"55374",4125,825,3300
"55375",3850,770,3080
"55376",4555,911,3644
"55377",3980,796,3184
"55378",4915,983,3932
"55379",4765,953,3812
"55380",5625,1125,4500
"55381",4125,825,3300
"55382",3630,726,2904
"55383",4285,857,3428
"55384",5545,1109,4436
"55385",3610,722,2888
"55386",5130,1026,4104
"55387",4490,898,3592
"55388",4875,975,3900
"55389",4240,848,3392
"55390",4655,931,3724
"55391",3935,787,3148
"55392",4830,966,3864
"55393",4710,942,3768
"55394",3725,745,2980
"55395",5715,1143,4572
"55396",5280,1056,4224
"55397",3550,710,2840
"55398",4680,936,3744
"55399",4210,842,3368
"55400",3550,710,2840
"55401",4065,813,3252
"55402",4495,899,3596
"55403",5165,1033,4132
"55404",4320,864,3456
"55405",3225,645,2580
"55406",5930,1186,4744
"55407",4925,985,3940
"55408",4845,969,3876
"55409",4300,860,3440
"55410",3710,742,2968
"55411",5260,1052,4208
"55412",4950,990,3960
"55413",4250,850,3400
"55414",4530,906,3624
"55415",4325,865,3460
"55416",3980,796,3184
"55417",5405,1081,4324
"55418",4065,813,3252
"55419",4515,903,3612
"55420",4555,911,3644
"55421",3115,623,2492
"55422",3785,757,3028
"55423",4635,927,3708
"55424",3785,757,3028
"55425",4940,988,3952
"55426",4095,819,3276
"55427",3980,796,3184
"55428",3950,790,3160
"55429",4355,871,3484
"55430",4430,886,3544
"55431",4570,914,3656
"55432",5050,1010,4040
"55433",4580,916,3664
"55434",4810,962,3848
"55435",5090,1018,4072
"55436",4340,868,3472
"55437",5155,1031,4124
"55438",4045,809,3236
"55439",3850,770,3080
"55440",5670,1134,4536
"55441",4925,985,3940
"55442",4800,960,3840
"55443",4995,999,3996
"55444",4170,834,3336
"55445",4035,807,3228
"55446",4960,992,3968
"55447",3880,776,3104
"55448",4335,867,3468
"55449",4825,965,3860
"55450",3605,721,2884
"55451",3210,642,2568
"55452",5020,1004,4016
"55453",7795,1559,6236
"55454",5075,1015,4060
"55455",3985,797,3188
"55456",5245,1049,4196
"55457",5615,1123,4492
"55458",4745,949,3796
"55459",5040,1008,4032
"55460",3765,753,3012
"55461",4315,863,3452
"55462",3980,796,3184
"55463",4570,914,3656
"55464",5925,1185,4740
"55465",4280,856,3424
"55466",4015,803,3212
"55467",5475,1095,4380
"55468",4165,833,3332
"55469",5485,1097,4388
"55470",5225,1045,4180
"55471",3965,793,3172
"55472",3950,790,3160
"55473",5310,1062,4248
"55474",3780,756,3024
"55475",4875,975,3900
"55476",4955,991,3964
"55477",3905,781,3124
"55478",4520,904,3616
"55479",6135,1227,4908
"55480",4190,838,3352
"55481",4345,869,3476
"55482",5165,1033,4132
"55483",6045,1209,4836
"55484",5710,1142,4568
"55485",7835,1567,6268
"55486",3305,661,2644
"55487",5030,1006,4024
"55488",8070,1614,6456
"55489",5065,1013,4052
"55490",3740,748,2992
"55491",5845,1169,4676
"55492",5035,1007,4028
"55493",4080,816,3264
"55494",3715,743,2972
"55495",3520,704,2816
"55496",3725,745,2980
"55497",3950,790,3160
"55498",3730,746,2984
"55499",3680,736,2944
"55500",5715,1143,4572
"55501",4125,825,3300
"55502",5650,1130,4520
"55503",4485,897,3588
"55504",4040,808,3232
"55505",4600,920,3680
"55506",6470,1294,5176
"55507",4980,996,3984
"55508",4110,822,3288
"55509",4070,814,3256
"55510",4495,899,3596
"55511",3610,722,2888
"55512",5465,1093,4372
"55513",4540,908,3632
"55514",3635,727,2908
"55515",4610,922,3688
"55516",4315,863,3452
"55517",3730,746,2984
"55518",4235,847,3388
"55519",4260,852,3408
"55520",4450,890,3560
"55521",4620,924,3696
"55522",3630,726,2904
"55523",4565,913,3652
"55524",7310,1462,5848
"55525",4685,937,3748
"55526",5075,1015,4060
"55527",3975,795,3180
"55528",4575,915,3660
"55529",5515,1103,4412
"55530",6165,1233,4932
"55531",5110,1022,4088
"55532",3870,774,3096
"55533",4550,910,3640
"55534",4210,842,3368
"55535",4970,994,3976
"55536",4830,966,3864
"55537",4240,848,3392
"55538",5230,1046,4184
"55539",4735,947,3788
"55540",4070,814,3256
"55541",3155,631,2524
"55542",4485,897,3588
"55543",4530,906,3624
"55544",3960,792,3168
"55545",4595,919,3676
"55546",4480,896,3584
"55547",4895,979,3916
"55548",4395,879,3516
"55549",5285,1057,4228
"55550",4740,948,3792
"55551",4525,905,3620
"55552",4610,922,3688
"55553",3780,756,3024
"55554",4920,984,3936
"55555",4475,895,3580
"55556",3920,784,3136
"55557",4750,950,3800
"55558",4255,851,3404
"55559",4555,911,3644
"55560",4635,927,3708
"55561",4380,876,3504
"55562",4200,840,3360
"55563",5450,1090,4360
"55564",3935,787,3148
"55565",6640,1328,5312
"55566",4310,862,3448
"55567",4450,890,3560
"55568",5365,1073,4292
"55569",3660,732,2928
"55570",4850,970,3880
"55571",4795,959,3836
"55572",4100,820,3280
"55573",5400,1080,4320
"55574",4555,911,3644
"55575",4380,876,3504
"55576",3735,747,2988
"55577",5900,1180,4720
"55578",4455,891,3564
"55579",3675,735,2940
"55580",4370,874,3496
"55581",5135,1027,4108
"55582",5170,1034,4136
"55583",4275,855,3420
"55584",4130,826,3304
"55585",8225,1645,6580
"55586",4830,966,3864
"55587",3575,715,2860
"55588",4045,809,3236
"55589",4110,822,3288
"55590",3735,747,2988
"55591",3640,728,2912
"55592",5010,1002,4008
"55593",5625,1125,4500
"55594",4465,893,3572
"55595",6400,1280,5120
"55596",4500,900,3600
"55597",4535,907,3628
"55598",4630,926,3704
"55599",3900,780,3120
"55600",5360,1072,4288
"55601",3200,640,2560
"55602",4395,879,3516
"55603",5350,1070,4280
"55604",4155,831,3324
"55605",3950,790,3160
"55606",3820,764,3056
"55607",4590,918,3672
"55608",5945,1189,4756
"55609",4995,999,3996
"55610",4800,960,3840
"55611",4195,839,3356
"55612",5250,1050,4200
"55613",6865,1373,5492
"55614",4305,861,3444
"55615",4565,913,3652
"55616",4320,864,3456
"55617",4230,846,3384
"55618",6030,1206,4824
"55619",3380,676,2704
"55620",5605,1121,4484
"55621",6025,1205,4820
"55622",4440,888,3552
"55623",4155,831,3324
"55624",5940,1188,4752
"55625",4355,871,3484
"55626",4855,971,3884
"55627",5980,1196,4784
"55628",5150,1030,4120
"55629",5120,1024,4096
"55630",5045,1009,4036
"55631",5365,1073,4292
"55632",7165,1433,5732
"55633",6595,1319,5276
"55634",3890,778,3112
"55635",3930,786,3144
"55636",4680,936,3744
"55637",4055,811,3244
"55638",5495,1099,4396
"55639",3570,714,2856
"55640",5105,1021,4084
"55641",4110,822,3288
"55642",4020,804,3216
"55643",6015,1203,4812
"55644",4105,821,3284
"55645",4915,983,3932
"55646",6375,1275,5100
"55647",4415,883,3532
"55648",5100,1020,4080
"55649",4975,995,3980
"55650",4490,898,3592
"55651",5100,1020,4080
"55652",4565,913,3652
"55653",5145,1029,4116
"55654",3605,721,2884
"55655",5390,1078,4312
"55656",3570,714,2856
"55657",4425,885,3540
"55658",4695,939,3756
"55659",6705,1341,5364
"55660",4875,975,3900
"55661",4540,908,3632
"55662",4270,854,3416
"55663",3330,666,2664
"55664",5790,1158,4632
"55665",6065,1213,4852
"55666",4525,905,3620
"55667",4675,935,3740
"55668",4790,958,3832
"55669",5615,1123,4492
"55670",4690,938,3752
"55671",4385,877,3508
"55672",3690,738,2952
"55673",4575,915,3660
"55674",6065,1213,4852
"55675",5810,1162,4648
"55676",4340,868,3472
"55677",4660,932,3728
"55678",6005,1201,4804
"55679",5305,1061,4244
"55680",4100,820,3280
"55681",4160,832,3328
"55682",5035,1007,4028
"55683",4960,992,3968
"55684",4730,946,3784
"55685",4715,943,3772
"55686",4615,923,3692
"55687",4400,880,3520
"55688",4025,805,3220
"55689",6200,1240,4960
"55690",4505,901,3604
"55691",3340,668,2672
"55692",4030,806,3224
"55693",3485,697,2788
"55694",3710,742,2968
"55695",4830,966,3864
"55696",4725,945,3780
"55697",5140,1028,4112
"55698",5590,1118,4472
"55699",3650,730,2920
"55700",4030,806,3224
"55701",3350,670,2680
"55702",4105,821,3284
"55703",4265,853,3412
"55704",6070,1214,4856
"55705",4675,935,3740
"55706",4915,983,3932
"55707",4130,826,3304
"55708",5045,1009,4036
"55709",4560,912,3648
"55710",4545,909,3636
"55711",4995,999,3996
"55712",5510,1102,4408
"55713",4910,982,3928
"55714",4710,942,3768
"55715",3440,688,2752
"55716",5210,1042,4168
"55717",5100,1020,4080
"55718",4790,958,3832
"55719",5485,1097,4388
"55720",4470,894,3576
"55721",4995,999,3996
"55722",5300,1060,4240
"55723",4000,800,3200
"55724",3975,795,3180
"55725",3855,771,3084
"55726",5825,1165,4660
"55727",4405,881,3524
"55728",7465,1493,5972
"55729",6140,1228,4912
"55730",4955,991,3964
"55731",4630,926,3704
"55732",4780,956,3824
"55733",5185,1037,4148
"55734",4075,815,3260
"55735",4470,894,3576
"55736",4635,927,3708
"55737",4265,853,3412
"55738",4505,901,3604
"55739",4280,856,3424
"55740",5305,1061,4244
"55741",5070,1014,4056
"55742",4265,853,3412
"55743",5370,1074,4296
"55744",6530,1306,5224
"55745",5705,1141,4564
"55746",6430,1286,5144
"55747",4945,989,3956
"55748",5370,1074,4296
"55749",5595,1119,4476
"55750",3775,755,3020
"55751",4805,961,3844
"55752",4440,888,3552
"55753",4865,973,3892
"55754",3575,715,2860
"55755",4725,945,3780
"55756",5150,1030,4120
"55757",3780,756,3024
"55758",5425,1085,4340
"55759",7535,1507,6028
"55760",5775,1155,4620
"55761",3270,654,2616
"55762",6310,1262,5048
"55763",4760,952,3808
"55764",5320,1064,4256
"55765",5715,1143,4572
"55766",4780,956,3824
"55767",4685,937,3748
"55768",4965,993,3972
"55769",3885,777,3108
"55770",6150,1230,4920
"55771",5305,1061,4244
"55772",4070,814,3256
"55773",3305,661,2644
"55774",3445,689,2756
"55775",4720,944,3776
"55776",4290,858,3432
"55777",5235,1047,4188
"55778",4455,891,3564
"55779",5100,1020,4080
"55780",4385,877,3508
"55781",6795,1359,5436
"55782",3980,796,3184
"55783",5375,1075,4300
"55784",6355,1271,5084
"55785",4725,945,3780
"55786",5290,1058,4232
"55787",5430,1086,4344
"55788",4960,992,3968
"55789",3995,799,3196
"55790",5050,1010,4040
"55791",4460,892,3568
"55792",5595,1119,4476
"55793",7945,1589,6356
"55794",3600,720,2880
"55795",4695,939,3756
"55796",3800,760,3040
"55797",4935,987,3948
"55798",5370,1074,4296
"55799",4835,967,3868
"55800",8015,1603,6412
"55801",3430,686,2744
"55802",5650,1130,4520
"55803",4345,869,3476
"55804",6860,1372,5488
"55805",4570,914,3656
"55806",5345,1069,4276
"55807",5430,1086,4344
"55808",3795,759,3036
"55809",6240,1248,4992
"55810",3825,765,3060
"55811",4700,940,3760
"55812",4420,884,3536
"55813",3875,775,3100
"55814",6450,1290,5160
"55815",4820,964,3856
"55816",4610,922,3688
"55817",4555,911,3644
"55818",4175,835,3340
"55819",4105,821,3284
"55820",4675,935,3740
"55821",4110,822,3288
"55822",4385,877,3508
"55823",4125,825,3300
"55824",4325,865,3460
"55825",4975,995,3980
"55826",7485,1497,5988
"55827",6030,1206,4824
"55828",4340,868,3472
"55829",3845,769,3076
"55830",6120,1224,4896
"55831",3650,730,2920
"55832",5095,1019,4076
"55833",3075,615,2460
"55834",4600,920,3680
"55835",4450,890,3560
"55836",5310,1062,4248
"55837",5300,1060,4240
"55838",4860,972,3888
"55839",5125,1025,4100
"55840",5645,1129,4516
"55841",3585,717,2868
"55842",4060,812,3248
"55843",4940,988,3952
"55844",5000,1000,4000
"55845",5005,1001,4004
"55846",3705,741,2964
"55847",5835,1167,4668
"55848",3845,769,3076
"55849",4645,929,3716
"55850",5390,1078,4312
"55851",3245,649,2596
"55852",4315,863,3452
"55853",4535,907,3628
"55854",3340,668,2672
"55855",4385,877,3508
"55856",3945,789,3156
"55857",3900,780,3120
"55858",4145,829,3316
"55859",4230,846,3384
"55860",5705,1141,4564
"55861",5520,1104,4416
"55862",5255,1051,4204
"55863",3855,771,3084
"55864",4240,848,3392
"55865",7230,1446,5784
"55866",5130,1026,4104
"55867",6025,1205,4820
"55868",5240,1048,4192
"55869",4640,928,3712
"55870",3825,765,3060
"55871",4455,891,3564
"55872",4070,814,3256
"55873",4575,915,3660
"55874",5115,1023,4092
"55875",4960,992,3968
"55876",5400,1080,4320
"55877",3750,750,3000
"55878",4100,820,3280
"55879",4865,973,3892
"55880",5205,1041,4164
"55881",4050,810,3240
"55882",5110,1022,4088
"55883",4530,906,3624
"55884",4310,862,3448
"55885",4265,853,3412
"55886",4255,851,3404
"55887",4935,987,3948
"55888",4445,889,3556
"55889",4805,961,3844
"55890",4225,845,3380
"55891",5615,1123,4492
"55892",4040,808,3232
"55893",4040,808,3232
"55894",4765,953,3812
"55895",3205,641,2564
"55896",3765,753,3012
"55897",4020,804,3216
"55898",6180,1236,4944
"55899",4375,875,3500
"55900",4380,876,3504
"55901",4075,815,3260
"55902",3805,761,3044
"55903",4795,959,3836
"55904",4460,892,3568
"55905",3695,739,2956
"55906",3940,788,3152
"55907",4700,940,3760
"55908",4265,853,3412
"55909",4995,999,3996
"55910",3870,774,3096
"55911",5790,1158,4632
"55912",4120,824,3296
"55913",4370,874,3496
"55914",4420,884,3536
"55915",5190,1038,4152
"55916",7430,1486,5944
"55917",4760,952,3808
"55918",4805,961,3844
"55919",4545,909,3636
"55920",6350,1270,5080
"55921",5090,1018,4072
"55922",4290,858,3432
"55923",4300,860,3440
"55924",4295,859,3436
"55925",4585,917,3668
"55926",4305,861,3444
"55927",3745,749,2996
"55928",4430,886,3544
"55929",5350,1070,4280
"55930",4805,961,3844
"55931",5560,1112,4448
"55932",3655,731,2924
"55933",4635,927,3708
"55934",3645,729,2916
"55935",5695,1139,4556
"55936",6135,1227,4908
"55937",5070,1014,4056
"55938",4570,914,3656
"55939",4495,899,3596
"55940",4705,941,3764
"55941",6120,1224,4896
"55942",5980,1196,4784
"55943",5850,1170,4680
"55944",4445,889,3556
"55945",3735,747,2988
"55946",4470,894,3576
"55947",6255,1251,5004
"55948",3930,786,3144
"55949",5535,1107,4428
"55950",4575,915,3660
"55951",3965,793,3172
"55952",3745,749,2996
"55953",3955,791,3164
"55954",6950,1390,5560
"55955",4910,982,3928
"55956",5895,1179,4716
"55957",4550,910,3640
"55958",4715,943,3772
"55959",4200,840,3360
"55960",4970,994,3976
"55961",5755,1151,4604
"55962",5080,1016,4064
"55963",4755,951,3804
"55964",4145,829,3316
"55965",4420,884,3536
"55966",3870,774,3096
"55967",5505,1101,4404
"55968",3345,669,2676
"55969",3950,790,3160
"55970",5300,1060,4240
"55971",5610,1122,4488
"55972",7180,1436,5744
"55973",3900,780,3120
"55974",6540,1308,5232
"55975",3920,784,3136
"55976",3730,746,2984
"55977",3660,732,2928
"55978",3790,758,3032
"55979",5340,1068,4272
"55980",6145,1229,4916
"55981",3435,687,2748
"55982",4655,931,3724
"55983",4150,830,3320
"55984",3540,708,2832
"55985",4200,840,3360
"55986",5420,1084,4336
"55987",5005,1001,4004
"55988",6020,1204,4816
"55989",4690,938,3752
"55990",3875,775,3100
"55991",5085,1017,4068
"55992",7915,1583,6332
"55993",4550,910,3640
"55994",4760,952,3808
"55995",3875,775,3100
"55996",4010,802,3208
"55997",5770,1154,4616
"55998",5685,1137,4548
"55999",6360,1272,5088
"56000",4080,816,3264
"56001",4780,956,3824
"56002",4060,812,3248
"56003",5240,1048,4192
"56004",4235,847,3388
"56005",4605,921,3684
"56006",4260,852,3408
"56007",4660,932,3728
"56008",4025,805,3220
"56009",4385,877,3508
"56010",6915,1383,5532
"56011",5240,1048,4192
"56012",4490,898,3592
"56013",3860,772,3088
"56014",6010,1202,4808
"56015",8020,1604,6416
"56016",4365,873,3492
"56017",3895,779,3116
"56018",4365,873,3492
"56019",3660,732,2928
"56020",3375,675,2700
"56021",4795,959,3836
"56022",5135,1027,4108
"56023",4540,908,3632
"56024",5470,1094,4376
"56025",4200,840,3360
"56026",4620,924,3696
"56027",4065,813,3252
"56028",4895,979,3916
"56029",6625,1325,5300
"56030",3425,685,2740
"56031",4195,839,3356
"56032",4895,979,3916
"56033",5435,1087,4348
"56034",4555,911,3644
"56035",3680,736,2944
"56036",4960,992,3968
"56037",4355,871,3484
"56038",5980,1196,4784
"56039",5700,1140,4560
"56040",4905,981,3924
"56041",5495,1099,4396
"56042",4815,963,3852
"56043",5760,1152,4608
"56044",4615,923,3692
"56045",4045,809,3236
"56046",4150,830,3320
"56047",4235,847,3388
"56048",3880,776,3104
"56049",4835,967,3868
"56050",3860,772,3088
"56051",3675,735,2940
"56052",4505,901,3604
"56053",4405,881,3524
"56054",4235,847,3388
"56055",5420,1084,4336
"56056",3845,769,3076
"56057",4595,919,3676
"56058",5825,1165,4660
"56059",3630,726,2904
"56060",4510,902,3608
"56061",4835,967,3868
"56062",4230,846,3384
"56063",3755,751,3004
"56064",5190,1038,4152
"56065",4575,915,3660
"56066",4880,976,3904
"56067",4875,975,3900
"56068",5140,1028,4112
"56069",5280,1056,4224
"56070",6390,1278,5112
"56071",3800,760,3040
"56072",4245,849,3396
"56073",5060,1012,4048
"56074",7090,1418,5672
"56075",4645,929,3716
"56076",4175,835,3340
"56077",4325,865,3460
"56078",4250,850,3400
"56079",4235,847,3388
"56080",4690,938,3752
"56081",3050,610,2440
"56082",3770,754,3016
"56083",4940,988,3952
"56084",4700,940,3760
"56085",5280,1056,4224
"56086",4300,860,3440
"56087",4660,932,3728
"56088",3885,777,3108
"56089",4845,969,3876
"56090",5255,1051,4204
"56091",5290,1058,4232
"56092",4275,855,3420
"56093",8620,1724,6896
"56094",4760,952,3808
"56095",5360,1072,4288
"56096",4600,920,3680
"56097",3955,791,3164
"56098",4615,923,3692
"56099",4320,864,3456
"56100",4275,855,3420
"56101",3965,793,3172
"56102",4145,829,3316
"56103",5290,1058,4232
"56104",4150,830,3320
"56105",5910,1182,4728
"56106",5025,1005,4020
"56107",4820,964,3856
"56108",4965,993,3972
"56109",4045,809,3236
"56110",4210,842,3368
"56111",4675,935,3740
"56112",8585,1717,6868
"56113",5340,1068,4272
"56114",5600,1120,4480
"56115",3865,773,3092
"56116",5620,1124,4496
"56117",4440,888,3552
"56118",3935,787,3148
"56119",3800,760,3040
"56120",4760,952,3808
"56121",5950,1190,4760
"56122",5800,1160,4640
"56123",5165,1033,4132
"56124",4210,842,3368
"56125",3770,754,3016
"56126",3835,767,3068
"56127",4620,924,3696
"56128",4030,806,3224
"56129",4175,835,3340
"56130",3930,786,3144
"56131",4620,924,3696
"56132",4720,944,3776
"56133",4825,965,3860
"56134",6970,1394,5576
"56135",4270,854,3416
"56136",4360,872,3488
"56137",4470,894,3576
"56138",5490,1098,4392
"56139",5370,1074,4296
"56140",4185,837,3348
"56141",4490,898,3592
"56142",6590,1318,5272
"56143",4150,830,3320
"56144",3855,771,3084
"56145",4585,917,3668
"56146",4160,832,3328
"56147",4535,907,3628
"56148",3230,646,2584
"56149",5495,1099,4396
"56150",4180,836,3344
"56151",6810,1362,5448
"56152",3870,774,3096
"56153",4210,842,3368
"56154",4425,885,3540
"56155",3840,768,3072
"56156",5540,1108,4432
"56157",3965,793,3172
"56158",4375,875,3500
"56159",6240,1248,4992
"56160",4240,848,3392
"56161",4975,995,3980
"56162",3950,790,3160
"56163",7195,1439,5756
"56164",5180,1036,4144
"56165",4890,978,3912
"56166",3865,773,3092
"56167",7680,1536,6144
"56168",4845,969,3876
"56169",3690,738,2952
"56170",4230,846,3384
"56171",3965,793,3172
"56172",4305,861,3444
"56173",4390,878,3512
"56174",4930,986,3944
"56175",5315,1063,4252
"56176",5300,1060,4240
"56177",3885,777,3108
"56178",3890,778,3112
"56179",5820,1164,4656
"56180",6830,1366,5464
"56181",4785,957,3828
"56182",4815,963,3852
"56183",5940,1188,4752
"56184",4675,935,3740
"56185",4365,873,3492
"56186",3820,764,3056
"56187",4305,861,3444
"56188",4560,912,3648
"56189",3635,727,2908
"56190",4170,834,3336
"56191",4975,995,3980
"56192",4165,833,3332
"56193",6925,1385,5540
"56194",4385,877,3508
"56195",3780,756,3024
"56196",4830,966,3864
"56197",3480,696,2784
"56198",4950,990,3960
"56199",6405,1281,5124
"56200",4205,841,3364
"56201",4365,873,3492
"56202",5550,1110,4440
"56203",5615,1123,4492
"56204",3810,762,3048
"56205",5625,1125,4500
"56206",5390,1078,4312
"56207",4205,841,3364
"56208",3735,747,2988
"56209",5220,1044,4176
"56210",4875,975,3900
"56211",3625,725,2900
"56212",4885,977,3908
"56213",4735,947,3788
"56214",3870,774,3096
"56215",4135,827,3308
"56216",3520,704,2816
"56217",8655,1731,6924
"56218",4970,994,3976
"56219",3505,701,2804
"56220",4960,992,3968
"56221",5240,1048,4192
"56222",4595,919,3676
"56223",4915,983,3932
"56224",4520,904,3616
"56225",4470,894,3576
"56226",5695,1139,4556
"56227",5280,1056,4224
"56228",4035,807,3228
"56229",4540,908,3632
"56230",4280,856,3424
"56231",4440,888,3552
"56232",5850,1170,4680
"56233",5175,1035,4140
"56234",5530,1106,4424
"56235",4555,911,3644
"56236",3650,730,2920
"56237",5905,1181,4724
"56238",4185,837,3348
"56239",3545,709,2836
"56240",6085,1217,4868
"56241",5235,1047,4188
"56242",3770,754,3016
"56243",5795,1159,4636
"56244",4755,951,3804
"56245",6715,1343,5372
"56246",4440,888,3552
"56247",4470,894,3576
"56248",4550,910,3640
"56249",5215,1043,4172
"56250",4700,940,3760
"56251",4585,917,3668
"56252",4755,951,3804
"56253",4955,991,3964
"56254",4170,834,3336
"56255",4120,824,3296
"56256",5280,1056,4224
"56257",5445,1089,4356
"56258",5080,1016,4064
"56259",4600,920,3680
"56260",3890,778,3112
"56261",3625,725,2900
"56262",4050,810,3240
"56263",4565,913,3652
"56264",5075,1015,4060
"56265",4250,850,3400
"56266",4185,837,3348
"56267",4450,890,3560
"56268",5400,1080,4320
"56269",3500,700,2800
"56270",4790,958,3832
"56271",5445,1089,4356
"56272",4655,931,3724
"56273",5460,1092,4368
"56274",5635,1127,4508
"56275",6315,1263,5052
"56276",5150,1030,4120
"56277",4285,857,3428
"56278",5130,1026,4104
"56279",4820,964,3856
"56280",3745,749,2996
"56281",3985,797,3188
"56282",4675,935,3740
"56283",4770,954,3816
"56284",4415,883,3532
"56285",3960,792,3168
"56286",3210,642,2568
"56287",4930,986,3944
"56288",4060,812,3248
"56289",4650,930,3720
"56290",4580,916,3664
"56291",5250,1050,4200
"56292",5920,1184,4736
"56293",4535,907,3628
"56294",4235,847,3388
"56295",4605,921,3684
"56296",5195,1039,4156
"56297",7260,1452,5808
"56298",5525,1105,4420
"56299",4280,856,3424
"56300",3990,798,3192
"56301",6175,1235,4940
"56302",4445,889,3556
"56303",4255,851,3404
"56304",4785,957,3828
"56305",5115,1023,4092
"56306",4885,977,3908
"56307",4845,969,3876
"56308",4745,949,3796
"56309",4200,840,3360
"56310",4450,890,3560
"56311",3860,772,3088
"56312",4235,847,3388
"56313",4920,984,3936
"56314",4265,853,3412
"56315",4660,932,3728
"56316",4265,853,3412
"56317",4845,969,3876
"56318",3925,785,3140
"56319",4275,855,3420
"56320",4285,857,3428
"56321",4535,907,3628
"56322",4880,976,3904
"56323",4370,874,3496
"56324",4460,892,3568
"56325",4730,946,3784
"56326",3810,762,3048
"56327",3535,707,2828
"56328",5575,1115,4460
"56329",5220,1044,4176
"56330",4675,935,3740
"56331",5640,1128,4512
"56332",4345,869,3476
"56333",3655,731,2924
"56334",4955,991,3964
"56335",4365,873,3492
"56336",3960,792,3168
"56337",5140,1028,4112
"56338",5410,1082,4328
"56339",5135,1027,4108
"56340",4320,864,3456
"56341",5260,1052,4208
"56342",5395,1079,4316
"56343",7100,1420,5680
"56344",5280,1056,4224
"56345",4760,952,3808
"56346",5125,1025,4100
"56347",5115,1023,4092
"56348",7460,1492,5968
"56349",3565,713,2852
"56350",5995,1199,4796
"56351",4350,870,3480
"56352",4185,837,3348
"56353",5440,1088,4352
"56354",4270,854,3416
"56355",4065,813,3252
"56356",5235,1047,4188
"56357",3660,732,2928
"56358",4725,945,3780
"56359",5340,1068,4272
"56360",4530,906,3624
"56361",3860,772,3088
"56362",4720,944,3776
"56363",3990,798,3192
"56364",4985,997,3988
"56365",3690,738,2952
"56366",3965,793,3172
"56367",4890,978,3912
"56368",5470,1094,4376
"56369",4715,943,3772
"56370",4135,827,3308
"56371",4700,940,3760
"56372",4875,975,3900
"56373",4465,893,3572
"56374",4415,883,3532
"56375",4720,944,3776
"56376",4145,829,3316
"56377",4005,801,3204
"56378",4850,970,3880
"56379",3665,733,2932
"56380",4755,951,3804
"56381",4760,952,3808
"56382",4305,861,3444
"56383",4510,902,3608
"56384",5270,1054,4216
"56385",4815,963,3852
"56386",6790,1358,5432
"56387",5480,1096,4384
"56388",4665,933,3732
"56389",7200,1440,5760
"56390",5725,1145,4580
"56391",4180,836,3344
"56392",5930,1186,4744
"56393",5325,1065,4260
"56394",6450,1290,5160
"56395",4670,934,3736
"56396",5035,1007,4028
"56397",5635,1127,4508
"56398",5105,1021,4084
"56399",5450,1090,4360
"56400",8400,1680,6720
"56401",3795,759,3036
"56402",3810,762,3048
"56403",5080,1016,4064
"56404",7020,1404,5616
"56405",4900,980,3920
"56406",5010,1002,4008
"56407",5040,1008,4032
"56408",4830,966,3864
"56409",4980,996,3984
"56410",4990,998,3992
"56411",3630,726,2904
"56412",5395,1079,4316
"56413",4975,995,3980
"56414",4530,906,3624
"56415",5435,1087,4348
"56416",3860,772,3088
"56417",5335,1067,4268
"56418",4130,826,3304
"56419",4420,884,3536
"56420",4385,877,3508
"56421",4690,938,3752
"56422",5715,1143,4572
"56423",5370,1074,4296
"56424",4145,829,3316
"56425",5070,1014,4056
"56426",6680,1336,5344
"56427",4205,841,3364
"56428",3825,765,3060
"56429",4475,895,3580
"56430",5870,1174,4696
"56431",4805,961,3844
"56432",4400,880,3520
"56433",4755,951,3804
"56434",4430,886,3544
"56435",5275,1055,4220
"56436",4160,832,3328
"56437",4580,916,3664
"56438",5435,1087,4348
"56439",4835,967,3868
"56440",4505,901,3604
"56441",4710,942,3768
"56442",4200,840,3360
"56443",4100,820,3280
"56444",4220,844,3376
"56445",8070,1614,6456
"56446",4765,953,3812
"56447",4295,859,3436
"56448",4355,871,3484
"56449",4130,826,3304
"56450",4075,815,3260
"56451",5075,1015,4060
"56452",4695,939,3756
"56453",3805,761,3044
"56454",4085,817,3268
"56455",4845,969,3876
"56456",4085,817,3268
"56457",4635,927,3708
"56458",4425,885,3540
"56459",4475,895,3580
"56460",4435,887,3548
"56461",5795,1159,4636
"56462",3940,788,3152
"56463",4120,824,3296
"56464",5420,1084,4336
"56465",4665,933,3732
"56466",3915,783,3132
"56467",5620,1124,4496
"56468",5020,1004,4016
"56469",4490,898,3592
"56470",4760,952,3808
"56471",4480,896,3584
"56472",3780,756,3024
"56473",3880,776,3104
"56474",4425,885,3540
"56475",4290,858,3432
"56476",5000,1000,4000
"56477",4175,835,3340
"56478",3735,747,2988
"56479",5680,1136,4544
"56480",4140,828,3312
"56481",5780,1156,4624
"56482",3915,783,3132
"56483",4965,993,3972
"56484",3735,747,2988
"56485",4900,980,3920
"56486",4720,944,3776
"56487",4075,815,3260
"56488",4295,859,3436
"56489",4455,891,3564
"56490",4570,914,3656
"56491",4050,810,3240
"56492",7705,1541,6164
"56493",3975,795,3180
"56494",4445,889,3556
"56495",6145,1229,4916
"56496",5580,1116,4464
"56497",4330,866,3464
"56498",4440,888,3552
"56499",4725,945,3780
"56500",4865,973,3892
"56501",6065,1213,4852
"56502",5610,1122,4488
"56503",4190,838,3352
"56504",4525,905,3620
"56505",3470,694,2776
"56506",5580,1116,4464
"56507",3510,702,2808
"56508",4060,812,3248
"56509",5115,1023,4092
"56510",3795,759,3036
"56511",4025,805,3220
"56512",4820,964,3856
"56513",4450,890,3560
"56514",3485,697,2788
"56515",4695,939,3756
"56516",3755,751,3004
"56517",4720,944,3776
"56518",4245,849,3396
"56519",3940,788,3152
"56520",4035,807,3228
"56521",4890,978,3912
"56522",4325,865,3460
"56523",5890,1178,4712
"56524",4460,892,3568
"56525",3735,747,2988
"56526",4740,948,3792
"56527",5155,1031,4124
"56528",3780,756,3024
"56529",3735,747,2988
"56530",3515,703,2812
"56531",4470,894,3576
"56532",4995,999,3996
"56533",7665,1533,6132
"56534",5845,1169,4676
"56535",4770,954,3816
"56536",5190,1038,4152
"56537",4785,957,3828
"56538",3870,774,3096
"56539",3855,771,3084
"56540",4385,877,3508
"56541",3920,784,3136
"56542",4855,971,3884
"56543",4920,984,3936
"56544",4830,966,3864
"56545",5565,1113,4452
"56546",4425,885,3540
"56547",5945,1189,4756
"56548",4580,916,3664
"56549",4090,818,3272
"56550",5045,1009,4036
"56551",4395,879,3516
"56552",3585,717,2868
"56553",4765,953,3812
"56554",3860,772,3088
"56555",4545,909,3636
"56556",5785,1157,4628
"56557",3170,634,2536
"56558",4950,990,3960
"56559",5025,1005,4020
"56560",6235,1247,4988
"56561",4850,970,3880
"56562",4180,836,3344
"56563",4530,906,3624
"56564",5075,1015,4060
"56565",3710,742,2968
"56566",4605,921,3684
"56567",5790,1158,4632
"56568",5095,1019,4076
"56569",4650,930,3720
"56570",3635,727,2908
"56571",5075,1015,4060
"56572",5780,1156,4624
"56573",4445,889,3556
"56574",5065,1013,4052
"56575",4060,812,3248
"56576",4550,910,3640
"56577",4640,928,3712
"56578",4740,948,3792
"56579",5120,1024,4096
"56580",5200,1040,4160
"56581",5160,1032,4128
"56582",4215,843,3372
"56583",5920,1184,4736
"56584",5740,1148,4592
"56585",5195,1039,4156
"56586",6110,1222,4888
"56587",4510,902,3608
"56588",4255,851,3404
"56589",4920,984,3936
"56590",4945,989,3956
"56591",4960,992,3968
"56592",4470,894,3576
"56593",4935,987,3948
"56594",4345,869,3476
"56595",4685,937,3748
"56596",5060,1012,4048
"56597",4910,982,3928
"56598",5355,1071,4284
"56599",5035,1007,4028
"56600",4405,881,3524
"56601",4805,961,3844
"56602",4245,849,3396
"56603",5090,1018,4072
"56604",5680,1136,4544
"56605",5235,1047,4188
"56606",4490,898,3592
"56607",5165,1033,4132
"56608",4455,891,3564
"56609",4655,931,3724
"56610",4905,981,3924
"56611",5060,1012,4048
"56612",3835,767,3068
"56613",5160,1032,4128
"56614",4385,877,3508
"56615",4405,881,3524
"56616",4130,826,3304
"56617",4565,913,3652
"56618",4185,837,3348
"56619",4995,999,3996
"56620",4680,936,3744
"56621",4185,837,3348
"56622",4425,885,3540
"56623",5630,1126,4504
"56624",5415,1083,4332
"56625",5395,1079,4316
"56626",4600,920,3680
"56627",4940,988,3952
"56628",5835,1167,4668
"56629",4860,972,3888
"56630",3515,703,2812
"56631",3975,795,3180
"56632",4315,863,3452
"56633",3700,740,2960
"56634",4605,921,3684
"56635",3895,779,3116
"56636",4370,874,3496
"56637",4985,997,3988
"56638",4525,905,3620
"56639",3955,791,3164
"56640",4470,894,3576
"56641",4760,952,3808
"56642",5205,1041,4164
"56643",4035,807,3228
"56644",4410,882,3528
"56645",6845,1369,5476
"56646",4845,969,3876
"56647",6445,1289,5156
"56648",5180,1036,4144
"56649",4665,933,3732
"56650",5620,1124,4496
"56651",7075,1415,5660
"56652",4635,927,3708
"56653",4695,939,3756
"56654",4430,886,3544
"56655",5895,1179,4716
"56656",5480,1096,4384
"56657",3900,780,3120
"56658",5055,1011,4044
"56659",5165,1033,4132
"56660",4040,808,3232
"56661",4565,913,3652
"56662",4130,826,3304
"56663",4595,919,3676
"56664",4195,839,3356
"56665",5780,1156,4624
"56666",3720,744,2976
"56667",4835,967,3868
"56668",4720,944,3776
"56669",3770,754,3016
"56670",3460,692,2768
"56671",4210,842,3368
"56672",5680,1136,4544
"56673",3735,747,2988
"56674",5910,1182,4728
"56675",5175,1035,4140
"56676",4435,887,3548
"56677",3950,790,3160
"56678",5895,1179,4716
"56679",4210,842,3368
"56680",5765,1153,4612
"56681",4460,892,3568
"56682",6060,1212,4848
"56683",4750,950,3800
"56684",4555,911,3644
"56685",3975,795,3180
"56686",4690,938,3752
"56687",4995,999,3996
"56688",4800,960,3840
"56689",4650,930,3720
"56690",3965,793,3172
"56691",5600,1120,4480
"56692",5180,1036,4144
"56693",3710,742,2968
"56694",4280,856,3424
"56695",4130,826,3304
"56696",6480,1296,5184
"56697",6790,1358,5432
"56698",4140,828,3312
"56699",3855,771,3084
"56700",4855,971,3884
"56701",4850,970,3880
"56702",6105,1221,4884
"56703",5490,1098,4392
"56704",4620,924,3696
"56705",5760,1152,4608
"56706",5155,1031,4124
"56707",4370,874,3496
"56708",4840,968,3872
"56709",4375,875,3500
"56710",4795,959,3836
"56711",3805,761,3044
"56712",3770,754,3016
"56713",4310,862,3448
"56714",4945,989,3956
"56715",4905,981,3924
"56716",4280,856,3424
"56717",4030,806,3224
"56718",4310,862,3448
"56719",4220,844,3376
"56720",4250,850,3400
"56721",4105,821,3284
"56722",5475,1095,4380
"56723",4250,850,3400
"56724",6335,1267,5068
"56725",4975,995,3980
"56726",4695,939,3756
"56727",5855,1171,4684
"56728",4860,972,3888
"56729",4600,920,3680
"56730",5990,1198,4792
"56731",4930,986,3944
"56732",5515,1103,4412
"56733",4530,906,3624
"56734",5495,1099,4396
"56735",4895,979,3916
"56736",5130,1026,4104
"56737",3720,744,2976
"56738",5450,1090,4360
"56739",4085,817,3268
"56740",3980,796,3184
"56741",4565,913,3652
"56742",3965,793,3172
"56743",4390,878,3512
"56744",3815,763,3052
"56745",3680,736,2944
"56746",5285,1057,4228
"56747",4015,803,3212
"56748",6150,1230,4920
"56749",6210,1242,4968
"56750",5315,1063,4252
"56751",5970,1194,4776
"56752",4275,855,3420
"56753",6240,1248,4992
"56754",4955,991,3964
"56755",4275,855,3420
"56756",3715,743,2972
"56757",3650,730,2920
"56758",4155,831,3324
"56759",3410,682,2728
"56760",6915,1383,5532
"56761",4510,902,3608
"56762",7890,1578,6312
"56763",4250,850,3400
"56764",3725,745,2980
"56765",4330,866,3464
"56766",5255,1051,4204
"56767",3955,791,3164
"56768",4295,859,3436
"56769",5150,1030,4120
"56770",3970,794,3176
"56771",6150,1230,4920
"56772",4800,960,3840
"56773",5100,1020,4080
"56774",4790,958,3832
"56775",4965,993,3972
"56776",5170,1034,4136
"56777",5025,1005,4020
"56778",4115,823,3292
"56779",5315,1063,4252
"56780",4580,916,3664
"56781",5435,1087,4348
"56782",6665,1333,5332
"56783",4085,817,3268
"56784",4925,985,3940
"56785",5440,1088,4352
"56786",4555,911,3644
"56787",4350,870,3480
"56788",5105,1021,4084
"56789",4330,866,3464
"56790",6340,1268,5072
"56791",4970,994,3976
"56792",4670,934,3736
"56793",7170,1434,5736
"56794",3620,724,2896
"56795",4780,956,3824
"56796",4150,830,3320
"56797",4615,923,3692
"56798",3895,779,3116
"56799",3835,767,3068
"56800",5120,1024,4096
"56801",4745,949,3796
"56802",6655,1331,5324
"56803",5290,1058,4232
"56804",4840,968,3872
"56805",4070,814,3256
"56806",5485,1097,4388
"56807",4105,821,3284
"56808",4015,803,3212
"56809",3870,774,3096
"56810",4415,883,3532
"56811",4185,837,3348
"56812",4830,966,3864
"56813",5300,1060,4240
"56814",4355,871,3484
"56815",6210,1242,4968
"56816",4245,849,3396
"56817",5415,1083,4332
"56818",3985,797,3188
"56819",5395,1079,4316
"56820",5020,1004,4016
"56821",3890,778,3112
"56822",4465,893,3572
"56823",3790,758,3032
"56824",5225,1045,4180
"56825",4135,827,3308
"56826",5930,1186,4744
"56827",6020,1204,4816
"56828",5190,1038,4152
"56829",4700,940,3760
"56830",4485,897,3588
"56831",4480,896,3584
"56832",4680,936,3744
"56833",3410,682,2728
"56834",5680,1136,4544
"56835",4830,966,3864
"56836",4355,871,3484
"56837",5055,1011,4044
"56838",4875,975,3900
"56839",4005,801,3204
"56840",3875,775,3100
"56841",4140,828,3312
"56842",4945,989,3956
"56843",3330,666,2664
"56844",4555,911,3644
"56845",4790,958,3832
"56846",4940,988,3952
"56847",4495,899,3596
"56848",4450,890,3560
"56849",5530,1106,4424
"56850",3970,794,3176
"56851",4105,821,3284
"56852",5615,1123,4492
"56853",5080,1016,4064
"56854",3950,790,3160
"56855",4770,954,3816
"56856",4790,958,3832
"56857",5350,1070,4280
"56858",4535,907,3628
"56859",3835,767,3068
"56860",5550,1110,4440
"56861",6130,1226,4904
"56862",4555,911,3644
"56863",5065,1013,4052
"56864",4645,929,3716
"56865",4080,816,3264
"56866",5600,1120,4480
"56867",4940,988,3952
"56868",4040,808,3232
"56869",4645,929,3716
"56870",3400,680,2720
"56871",4075,815,3260
"56872",4765,953,3812
"56873",5775,1155,4620
"56874",4900,980,3920
"56875",6200,1240,4960
"56876",4355,871,3484
"56877",4525,905,3620
"56878",3700,740,2960
"56879",5405,1081,4324
"56880",4680,936,3744
"56881",3820,764,3056
"56882",3830,766,3064
"56883",4730,946,3784
"56884",4880,976,3904
"56885",3720,744,2976
"56886",4550,910,3640
"56887",4045,809,3236
"56888",3715,743,2972
"56889",4305,861,3444
"56890",4260,852,3408
"56891",5410,1082,4328
"56892",3840,768,3072
"56893",4325,865,3460
"56894",5140,1028,4112
"56895",4310,862,3448
"56896",4215,843,3372
"56897",8485,1697,6788
"56898",5045,1009,4036
"56899",5515,1103,4412
"56900",4170,834,3336
"56901",4985,997,3988
"56902",5300,1060,4240
"56903",4205,841,3364
"56904",4925,985,3940
"56905",5425,1085,4340
"56906",3905,781,3124
"56907",4855,971,3884
"56908",4870,974,3896
"56909",4535,907,3628
"56910",5585,1117,4468
"56911",4370,874,3496
"56912",5610,1122,4488
"56913",5200,1040,4160
"56914",3685,737,2948
"56915",4755,951,3804
"56916",4815,963,3852
"56917",4360,872,3488
"56918",4090,818,3272
"56919",5010,1002,4008
"56920",4205,841,3364
"56921",4980,996,3984
"56922",4250,850,3400
"56923",3280,656,2624
"56924",4795,959,3836
"56925",4700,940,3760
"56926",8750,1750,7000
"56927",4925,985,3940
"56928",6025,1205,4820
"56929",5095,1019,4076
"56930",6300,1260,5040
"56931",4350,870,3480
"56932",4230,846,3384
"56933",5790,1158,4632
"56934",3395,679,2716
"56935",4300,860,3440
"56936",4720,944,3776
"56937",4220,844,3376
"56938",3800,760,3040
"56939",4355,871,3484
"56940",4405,881,3524
"56941",4545,909,3636
"56942",5005,1001,4004
"56943",4800,960,3840
"56944",3670,734,2936
"56945",5735,1147,4588
"56946",4355,871,3484
"56947",5015,1003,4012
"56948",6460,1292,5168
"56949",5525,1105,4420
"56950",5695,1139,4556
"56951",6465,1293,5172
"56952",3670,734,2936
"56953",5035,1007,4028
"56954",5240,1048,4192
"56955",4920,984,3936
"56956",4595,919,3676
"56957",6970,1394,5576
"56958",4220,844,3376
"56959",5220,1044,4176
"56960",3515,703,2812
"56961",4000,800,3200
"56962",4565,913,3652
"56963",3855,771,3084
"56964",4845,969,3876
"56965",4815,963,3852
"56966",3850,770,3080
"56967",5750,1150,4600
"56968",3565,713,2852
"56969",6690,1338,5352
"56970",4415,883,3532
"56971",3425,685,2740
"56972",6710,1342,5368
"56973",7710,1542,6168
"56974",6440,1288,5152
"56975",3545,709,2836
"56976",4100,820,3280
"56977",3755,751,3004
"56978",5025,1005,4020
"56979",5360,1072,4288
"56980",4935,987,3948
"56981",5555,1111,4444
"56982",4865,973,3892
"56983",4370,874,3496
"56984",5540,1108,4432
"56985",3665,733,2932
"56986",5130,1026,4104
"56987",4355,871,3484
"56988",4095,819,3276
"56989",3990,798,3192
"56990",4650,930,3720
"56991",4765,953,3812
"56992",4870,974,3896
"56993",5960,1192,4768
"56994",4935,987,3948
"56995",4080,816,3264
"56996",4155,831,3324
"56997",5415,1083,4332
"56998",3950,790,3160
"56999",5235,1047,4188
"57000",6125,1225,4900
"57001",4525,905,3620
"57002",4210,842,3368
"57003",5525,1105,4420
"57004",4260,852,3408
"57005",5760,1152,4608
"57006",5470,1094,4376
"57007",5040,1008,4032
"57008",4695,939,3756
"57009",4300,860,3440
"57010",5455,1091,4364
"57011",4890,978,3912
"57012",5050,1010,4040
"57013",5200,1040,4160
"57014",4425,885,3540
"57015",7525,1505,6020
"57016",4235,847,3388
"57017",4795,959,3836
"57018",5365,1073,4292
"57019",3635,727,2908
"57020",4340,868,3472
"57021",4525,905,3620
"57022",4035,807,3228
"57023",5170,1034,4136
"57024",3875,775,3100
"57025",7625,1525,6100
"57026",5745,1149,4596
"57027",4710,942,3768
"57028",4355,871,3484
"57029",6060,1212,4848
"57030",5125,1025,4100
"57031",4805,961,3844
"57032",5035,1007,4028
"57033",4905,981,3924
"57034",5550,1110,4440
"57035",4495,899,3596
"57036",5815,1163,4652
"57037",5220,1044,4176
"57038",4390,878,3512
"57039",4105,821,3284
"57040",3990,798,3192
"57041",5400,1080,4320
"57042",4740,948,3792
"57043",4540,908,3632
"57044",5540,1108,4432
"57045",4435,887,3548
"57046",4765,953,3812
"57047",3170,634,2536
"57048",3710,742,2968
"57049",4115,823,3292
"57050",5120,1024,4096
"57051",5085,1017,4068
"57052",5330,1066,4264
"57053",4885,977,3908
"57054",4865,973,3892
"57055",7140,1428,5712
"57056",6375,1275,5100
"57057",5805,1161,4644
"57058",5915,1183,4732
"57059",4235,847,3388
"57060",3575,715,2860
"57061",6015,1203,4812
"57062",4305,861,3444
"57063",4200,840,3360
"57064",5610,1122,4488
"57065",4930,986,3944
"57066",4465,893,3572
"57067",4970,994,3976
"57068",4750,950,3800
"57069",3915,783,3132
"57070",5330,1066,4264
"57071",4090,818,3272
"57072",5520,1104,4416
"57073",3860,772,3088
"57074",4070,814,3256
"57075",6550,1310,5240
"57076",5310,1062,4248
"57077",4495,899,3596
"57078",4745,949,3796
"57079",5435,1087,4348
"57080",4490,898,3592
"57081",4650,930,3720
"57082",3750,750,3000
"57083",6105,1221,4884
"57084",4570,914,3656
"57085",3680,736,2944
"57086",4500,900,3600
"57087",6305,1261,5044
"57088",3500,700,2800
"57089",4255,851,3404
"57090",4425,885,3540
"57091",6315,1263,5052
"57092",5145,1029,4116
"57093",3520,704,2816
"57094",4410,882,3528
"57095",4665,933,3732
"57096",3665,733,2932
"57097",4460,892,3568
"57098",5565,1113,4452
"57099",4735,947,3788
"57100",4015,803,3212
"57101",4255,851,3404
"57102",4500,900,3600
"57103",3785,757,3028
"57104",6210,1242,4968
"57105",3805,761,3044
"57106",4275,855,3420
"57107",4100,820,3280
"57108",4610,922,3688
"57109",6745,1349,5396
"57110",4805,961,3844
"57111",4235,847,3388
"57112",4480,896,3584
"57113",4315,863,3452
"57114",5940,1188,4752
"57115",6015,1203,4812
"57116",5965,1193,4772
"57117",3840,768,3072
"57118",4345,869,3476
"57119",6235,1247,4988
"57120",5445,1089,4356
"57121",3950,790,3160
"57122",5725,1145,4580
"57123",4105,821,3284
"57124",5980,1196,4784
"57125",4040,808,3232
"57126",4680,936,3744
"57127",4355,871,3484
"57128",3540,708,2832
"57129",5120,1024,4096
"57130",3615,723,2892
"57131",4635,927,3708
"57132",6045,1209,4836
"57133",5860,1172,4688
"57134",4485,897,3588
"57135",4225,845,3380
"57136",4150,830,3320
"57137",3685,737,2948
"57138",6590,1318,5272
"57139",3650,730,2920
"57140",4225,845,3380
"57141",4010,802,3208
"57142",4720,944,3776
"57143",3785,757,3028
"57144",4850,970,3880
"57145",3565,713,2852
"57146",5190,1038,4152
"57147",5865,1173,4692
"57148",5350,1070,4280
"57149",3625,725,2900
"57150",3980,796,3184
"57151",5590,1118,4472
"57152",4165,833,3332
"57153",4480,896,3584
"57154",4855,971,3884
"57155",5065,1013,4052
"57156",3370,674,2696
"57157",3485,697,2788
"57158",4400,880,3520
"57159",4915,983,3932
"57160",5655,1131,4524
"57161",4365,873,3492
"57162",6030,1206,4824
"57163",4675,935,3740
"57164",5090,1018,4072
"57165",4270,854,3416
"57166",4115,823,3292
"57167",3455,691,2764
"57168",4805,961,3844
"57169",6060,1212,4848
"57170",4260,852,3408
"57171",5055,1011,4044
"57172",6285,1257,5028
"57173",5105,1021,4084
"57174",3320,664,2656
"57175",5320,1064,4256
"57176",5305,1061,4244
"57177",5185,1037,4148
"57178",4685,937,3748
"57179",5200,1040,4160
"57180",5225,1045,4180
"57181",4120,824,3296
"57182",4005,801,3204
"57183",4340,868,3472
"57184",5240,1048,4192
"57185",4855,971,3884
"57186",5080,1016,4064
"57187",4815,963,3852
"57188",6055,1211,4844
"57189",3985,797,3188
"57190",5495,1099,4396
"57191",4100,820,3280
"57192",5435,1087,4348
"57193",4880,976,3904
"57194",4010,802,3208
"57195",5290,1058,4232
"57196",5515,1103,4412
"57197",3850,770,3080
"57198",4935,987,3948
"57199",5385,1077,4308
"57200",5025,1005,4020
"57201",3970,794,3176
"57202",3970,794,3176
"57203",5775,1155,4620
"57204",3935,787,3148
"57205",4395,879,3516
"57206",5185,1037,4148
"57207",3850,770,3080
"57208",4145,829,3316
"57209",4150,830,3320
"57210",5655,1131,4524
"57211",6065,1213,4852
"57212",4490,898,3592
"57213",4695,939,3756
"57214",4140,828,3312
"57215",4735,947,3788
"57216",3680,736,2944
"57217",4955,991,3964
"57218",6300,1260,5040
"57219",3855,771,3084
"57220",5745,1149,4596
"57221",4410,882,3528
"57222",4160,832,3328
"57223",6665,1333,5332
"57224",5035,1007,4028
"57225",4415,883,3532
"57226",4720,944,3776
"57227",3820,764,3056
"57228",4200,840,3360
"57229",6030,1206,4824
"57230",5255,1051,4204
"57231",6980,1396,5584
"57232",4195,839,3356
"57233",4395,879,3516
"57234",4240,848,3392
"57235",4305,861,3444
"57236",6240,1248,4992
"57237",6270,1254,5016
"57238",4015,803,3212
"57239",5460,1092,4368
"57240",3785,757,3028
"57241",4230,846,3384
"57242",5620,1124,4496
"57243",4385,877,3508
"57244",3850,770,3080
"57245",3935,787,3148
"57246",4915,983,3932
"57247",3965,793,3172
"57248",3930,786,3144
"57249",4580,916,3664
"57250",4650,930,3720
"57251",3535,707,2828
"57252",4515,903,3612
"57253",6345,1269,5076
"57254",4395,879,3516
"57255",5340,1068,4272
"57256",5555,1111,4444
"57257",4060,812,3248
"57258",4110,822,3288
"57259",5070,1014,4056
"57260",5485,1097,4388
"57261",4515,903,3612
"57262",5350,1070,4280
"57263",4040,808,3232
"57264",5855,1171,4684
"57265",4500,900,3600
"57266",3915,783,3132
"57267",5705,1141,4564
"57268",4370,874,3496
"57269",4855,971,3884
"57270",3260,652,2608
"57271",4155,831,3324
"57272",3850,770,3080
"57273",5890,1178,4712
"57274",3820,764,3056
"57275",4290,858,3432
"57276",4125,825,3300
"57277",3575,715,2860
"57278",6090,1218,4872
"57279",4510,902,3608
"57280",4800,960,3840
"57281",4345,869,3476
"57282",5175,1035,4140
"57283",5715,1143,4572
"57284",4395,879,3516
"57285",5575,1115,4460
"57286",4815,963,3852
"57287",5365,1073,4292
"57288",5040,1008,4032
"57289",5030,1006,4024
"57290",4760,952,3808
"57291",4325,865,3460
"57292",5565,1113,4452
"57293",5245,1049,4196
"57294",4485,897,3588
"57295",3905,781,3124
"57296",4370,874,3496
"57297",5100,1020,4080
"57298",6735,1347,5388
"57299",4790,958,3832
"57300",4110,822,3288
"57301",4505,901,3604
"57302",6470,1294,5176
"57303",5215,1043,4172
"57304",3695,739,2956
"57305",4405,881,3524
"57306",5420,1084,4336
"57307",5275,1055,4220
"57308",6280,1256,5024
"57309",5565,1113,4452
"57310",4410,882,3528
"57311",4985,997,3988
"57312",4580,916,3664
"57313",4530,906,3624
"57314",3900,780,3120
"57315",6800,1360,5440
"57316",4970,994,3976
"57317",5400,1080,4320
"57318",4140,828,3312
"57319",5000,1000,4000
"57320",5950,1190,4760
"57321",6090,1218,4872
"57322",4725,945,3780
"57323",4630,926,3704
"57324",4720,944,3776
"57325",4550,910,3640
"57326",4305,861,3444
"57327",3750,750,3000
"57328",5900,1180,4720
"57329",7225,1445,5780
"57330",4255,851,3404
"57331",4630,926,3704
"57332",5700,1140,4560
"57333",4800,960,3840
"57334",4820,964,3856
"57335",4400,880,3520
"57336",4010,802,3208
"57337",3360,672,2688
"57338",5685,1137,4548
"57339",4785,957,3828
"57340",4205,841,3364
"57341",4345,869,3476
"57342",5310,1062,4248
"57343",6025,1205,4820
"57344",4510,902,3608
"57345",4860,972,3888
"57346",4810,962,3848
"57347",5510,1102,4408
"57348",3965,793,3172
"57349",4770,954,3816
"57350",7030,1406,5624
"57351",4225,845,3380
"57352",4240,848,3392
"57353",3575,715,2860
"57354",4075,815,3260
"57355",4150,830,3320
"57356",3830,766,3064
"57357",4115,823,3292
"57358",4380,876,3504
"57359",5295,1059,4236
"57360",4535,907,3628
"57361",4095,819,3276
"57362",5105,1021,4084
"57363",4020,804,3216
"57364",5310,1062,4248
"57365",3920,784,3136
"57366",5675,1135,4540
"57367",4300,860,3440
"57368",4155,831,3324
"57369",6655,1331,5324
"57370",3355,671,2684
"57371",4120,824,3296
"57372",3795,759,3036
"57373",4620,924,3696
"57374",5305,1061,4244
"57375",5315,1063,4252
"57376",4580,916,3664
"57377",5465,1093,4372
"57378",4125,825,3300
"57379",6080,1216,4864
"57380",3805,761,3044
"57381",5240,1048,4192
"57382",3800,760,3040
"57383",4570,914,3656
"57384",3935,787,3148
"57385",3830,766,3064
"57386",4435,887,3548
"57387",5035,1007,4028
"57388",4600,920,3680
"57389",3905,781,3124
"57390",4685,937,3748
"57391",6190,1238,4952
"57392",4785,957,3828
"57393",3900,780,3120
"57394",6075,1215,4860
"57395",3950,790,3160
"57396",4925,985,3940
"57397",5245,1049,4196
"57398",3805,761,3044
"57399",4360,872,3488
"57400",5020,1004,4016
"57401",3805,761,3044
"57402",4265,853,3412
"57403",3165,633,2532
"57404",4560,912,3648
"57405",4555,911,3644
"57406",6100,1220,4880
"57407",5325,1065,4260
"57408",4885,977,3908
"57409",4565,913,3652
"57410",4560,912,3648
"57411",5395,1079,4316
"57412",7310,1462,5848
"57413",4235,847,3388
"57414",4415,883,3532
"57415",5050,1010,4040
"57416",3305,661,2644
"57417",4735,947,3788
"57418",4065,813,3252
"57419",3950,790,3160
"57420",5115,1023,4092
"57421",3275,655,2620
"57422",5035,1007,4028
"57423",3835,767,3068
"57424",3795,759,3036
"57425",5695,1139,4556
"57426",4665,933,3732
"57427",4895,979,3916
"57428",4145,829,3316
"57429",4775,955,3820
"57430",3370,674,2696
"57431",5265,1053,4212
"57432",5005,1001,4004
"57433",4305,861,3444
"57434",4110,822,3288
"57435",6005,1201,4804
"57436",3500,700,2800
"57437",4115,823,3292
"57438",3890,778,3112
"57439",5825,1165,4660
"57440",4095,819,3276
"57441",5825,1165,4660
"57442",4720,944,3776
"57443",5220,1044,4176
"57444",4080,816,3264
"57445",3560,712,2848
"57446",3750,750,3000
"57447",3995,799,3196
"57448",6815,1363,5452
"57449",3950,790,3160
"57450",4730,946,3784
"57451",4155,831,3324
"57452",5505,1101,4404
"57453",5555,1111,4444
"57454",3905,781,3124
"57455",4590,918,3672
"57456",4030,806,3224
"57457",5310,1062,4248
"57458",4765,953,3812
"57459",4825,965,3860
"57460",4505,901,3604
"57461",5350,1070,4280
"57462",7620,1524,6096
"57463",4375,875,3500
"57464",3720,744,2976
"57465",6180,1236,4944
"57466",3845,769,3076
"57467",3945,789,3156
"57468",3720,744,2976
"57469",5635,1127,4508
"57470",4480,896,3584
"57471",5660,1132,4528
"57472",3820,764,3056
"57473",3710,742,2968
"57474",4270,854,3416
"57475",4150,830,3320
"57476",4580,916,3664
"57477",5005,1001,4004
"57478",4565,913,3652
"57479",4355,871,3484
"57480",7250,1450,5800
"57481",4840,968,3872
"57482",3955,791,3164
"57483",5770,1154,4616
"57484",3895,779,3116
"57485",3970,794,3176
"57486",5355,1071,4284
"57487",3825,765,3060
"57488",7040,1408,5632
"57489",4810,962,3848
"57490",3345,669,2676
"57491",3530,706,2824
"57492",4940,988,3952
"57493",3180,636,2544
"57494",5205,1041,4164
"57495",4535,907,3628
"57496",5285,1057,4228
"57497",3735,747,2988
"57498",5560,1112,4448
"57499",3805,761,3044
"57500",6130,1226,4904
"57501",4270,854,3416
"57502",4300,860,3440
"57503",4655,931,3724
"57504",6335,1267,5068
"57505",4920,984,3936
"57506",4280,856,3424
"57507",3485,697,2788
"57508",3735,747,2988
"57509",6335,1267,5068
"57510",4575,915,3660
"57511",3140,628,2512
"57512",4360,872,3488
"57513",4350,870,3480
"57514",4720,944,3776
"57515",5835,1167,4668
"57516",5310,1062,4248
"57517",5520,1104,4416
"57518",4235,847,3388
"57519",5720,1144,4576
"57520",5985,1197,4788
"57521",5775,1155,4620
"57522",3950,790,3160
"57523",4580,916,3664
"57524",4265,853,3412
"57525",5460,1092,4368
"57526",4265,853,3412
"57527",4940,988,3952
"57528",3930,786,3144
"57529",8780,1756,7024
"57530",4835,967,3868
"57531",3695,739,2956
"57532",3710,742,2968
"57533",5165,1033,4132
"57534",5100,1020,4080
"57535",5960,1192,4768
"57536",7520,1504,6016
"57537",3990,798,3192
"57538",4990,998,3992
"57539",4370,874,3496
"57540",5200,1040,4160
"57541",4600,920,3680
"57542",3590,718,2872
"57543",4255,851,3404
"57544",3935,787,3148
"57545",3980,796,3184
"57546",3925,785,3140
"57547",3990,798,3192
"57548",3585,717,2868
"57549",3660,732,2928
"57550",4075,815,3260
"57551",5720,1144,4576
"57552",5555,1111,4444
"57553",5435,1087,4348
"57554",4335,867,3468
"57555",3895,779,3116
"57556",3680,736,2944
"57557",5215,1043,4172
"57558",6365,1273,5092
"57559",5365,1073,4292
"57560",4325,865,3460
"57561",3725,745,2980
"57562",4580,916,3664
"57563",4560,912,3648
"57564",4100,820,3280
"57565",4225,845,3380
"57566",4595,919,3676
"57567",5060,1012,4048
"57568",7870,1574,6296
"57569",4490,898,3592
"57570",5080,1016,4064
"57571",4855,971,3884
"57572",4005,801,3204
"57573",4545,909,3636
"57574",5645,1129,4516
"57575",7000,1400,5600
"57576",5695,1139,4556
"57577",4360,872,3488
"57578",4355,871,3484
"57579",4460,892,3568
"57580",5350,1070,4280
"57581",6255,1251,5004
"57582",4770,954,3816
"57583",4125,825,3300
"57584",7055,1411,5644
"57585",6475,1295,5180
"57586",3925,785,3140
"57587",3805,761,3044
"57588",3725,745,2980
"57589",4205,841,3364
"57590",4540,908,3632
"57591",4875,975,3900
"57592",5180,1036,4144
"57593",5070,1014,4056
"57594",4610,922,3688
"57595",4135,827,3308
"57596",4475,895,3580
"57597",4445,889,3556
"57598",3650,730,2920
"57599",5110,1022,4088
"57600",4720,944,3776
"57601",5140,1028,4112
"57602",6295,1259,5036
"57603",4965,993,3972
"57604",5700,1140,4560
"57605",3995,799,3196
"57606",4870,974,3896
"57607",5335,1067,4268
"57608",6960,1392,5568
"57609",3830,766,3064
"57610",5235,1047,4188
"57611",4280,856,3424
"57612",3685,737,2948
"57613",5510,1102,4408
"57614",4900,980,3920
"57615",4390,878,3512
"57616",3415,683,2732
"57617",4780,956,3824
"57618",4735,947,3788
"57619",4165,833,3332
"57620",4035,807,3228
"57621",4990,998,3992
"57622",4330,866,3464
"57623",4605,921,3684
"57624",3535,707,2828
"57625",4680,936,3744
"57626",4570,914,3656
"57627",5080,1016,4064
"57628",5030,1006,4024
"57629",4635,927,3708
"57630",5440,1088,4352
"57631",4275,855,3420
"57632",4285,857,3428
"57633",4330,866,3464
"57634",4410,882,3528
"57635",6505,1301,5204
"57636",4145,829,3316
"57637",4015,803,3212
"57638",4650,930,3720
"57639",5270,1054,4216
"57640",4520,904,3616
"57641",4205,841,3364
"57642",5925,1185,4740
"57643",5640,1128,4512
"57644",5335,1067,4268
"57645",5300,1060,4240
"57646",5265,1053,4212
"57647",3790,758,3032
"57648",3415,683,2732
"57649",4525,905,3620
"57650",3610,722,2888
"57651",4115,823,3292
"57652",3445,689,2756
"57653",3820,764,3056
"57654",4895,979,3916
"57655",4345,869,3476
"57656",4515,903,3612
"57657",4115,823,3292
"57658",4215,843,3372
"57659",6195,1239,4956
"57660",4260,852,3408
"57661",4580,916,3664
"57662",5320,1064,4256
"57663",4665,933,3732
"57664",4090,818,3272
"57665",4620,924,3696
"57666",5515,1103,4412
"57667",4875,975,3900
"57668",3620,724,2896
"57669",4485,897,3588
"57670",4685,937,3748
"57671",4715,943,3772
"57672",4980,996,3984
"57673",4140,828,3312
"57674",4120,824,3296
"57675",4130,826,3304
"57676",4450,890,3560
"57677",4280,856,3424
"57678",4240,848,3392
"57679",5175,1035,4140
"57680",4265,853,3412
"57681",6140,1228,4912
"57682",6140,1228,4912
"57683",4625,925,3700
"57684",4180,836,3344
"57685",5055,1011,4044
"57686",4280,856,3424
"57687",5070,1014,4056
"57688",5055,1011,4044
"57689",3745,749,2996
"57690",3655,731,2924
"57691",3690,738,2952
"57692",4915,983,3932
"57693",4630,926,3704
"57694",4815,963,3852
"57695",4185,837,3348
"57696",4285,857,3428
"57697",4830,966,3864
"57698",5300,1060,4240
"57699",4690,938,3752
"57700",4055,811,3244
"57701",4055,811,3244
"57702",3840,768,3072
"57703",6655,1331,5324
"57704",4605,921,3684
"57705",4870,974,3896
"57706",5510,1102,4408
"57707",3950,790,3160
"57708",4960,992,3968
"57709",4280,856,3424
"57710",5500,1100,4400
"57711",5135,1027,4108
"57712",3865,773,3092
"57713",4485,897,3588
"57714",5125,1025,4100
"57715",3655,731,2924
"57716",4420,884,3536
"57717",4735,947,3788
"57718",3615,723,2892
"57719",4690,938,3752
"57720",4505,901,3604
"57721",5305,1061,4244
"57722",3915,783,3132
"57723",5895,1179,4716
"57724",4315,863,3452
"57725",5140,1028,4112
"57726",3890,778,3112
"57727",3625,725,2900
"57728",3420,684,2736
"57729",4930,986,3944
"57730",4775,955,3820
"57731",6315,1263,5052
"57732",4320,864,3456
"57733",5160,1032,4128
"57734",4115,823,3292
"57735",6115,1223,4892
"57736",4455,891,3564
"57737",4800,960,3840
"57738",4980,996,3984
"57739",4250,850,3400
"57740",3830,766,3064
"57741",4385,877,3508
"57742",4075,815,3260
"57743",4695,939,3756
"57744",3560,712,2848
"57745",3970,794,3176
"57746",4390,878,3512
"57747",4250,850,3400
"57748",4205,841,3364
"57749",5620,1124,4496
"57750",5125,1025,4100
"57751",6195,1239,4956
"57752",4005,801,3204
"57753",4305,861,3444
"57754",6035,1207,4828
"57755",3550,710,2840
"57756",5150,1030,4120
"57757",3975,795,3180
"57758",5390,1078,4312
"57759",6410,1282,5128
"57760",3970,794,3176
"57761",4120,824,3296
"57762",3720,744,2976
"57763",3270,654,2616
"57764",4785,957,3828
"57765",4585,917,3668
"57766",3780,756,3024
"57767",4235,847,3388
"57768",4805,961,3844
"57769",3695,739,2956
"57770",5610,1122,4488
"57771",3715,743,2972
"57772",4350,870,3480
"57773",3660,732,2928
"57774",4645,929,3716
"57775",4340,868,3472
"57776",5340,1068,4272
"57777",5275,1055,4220
"57778",4430,886,3544
"57779",4840,968,3872
"57780",5715,1143,4572
"57781",4380,876,3504
"57782",4545,909,3636
"57783",4595,919,3676
"57784",6725,1345,5380
"57785",3700,740,2960
"57786",3805,761,3044
"57787",4110,822,3288
"57788",3810,762,3048
"57789",4515,903,3612
"57790",5345,1069,4276
"57791",4365,873,3492
"57792",4830,966,3864
"57793",4465,893,3572
"57794",4565,913,3652
"57795",4690,938,3752
"57796",4030,806,3224
"57797",4570,914,3656
"57798",4325,865,3460
"57799",3705,741,2964
"57800",7675,1535,6140
"57801",4725,945,3780
"57802",5285,1057,4228
"57803",5480,1096,4384
"57804",3880,776,3104
"57805",4595,919,3676
"57806",5050,1010,4040
"57807",4385,877,3508
"57808",5990,1198,4792
"57809",4450,890,3560
"57810",4680,936,3744
"57811",4415,883,3532
"57812",4875,975,3900
"57813",5380,1076,4304
"57814",4330,866,3464
"57815",4340,868,3472
"57816",4230,846,3384
"57817",5225,1045,4180
"57818",4795,959,3836
"57819",3885,777,3108
"57820",4800,960,3840
"57821",4825,965,3860
"57822",5060,1012,4048
"57823",4240,848,3392
"57824",4255,851,3404
"57825",4580,916,3664
"57826",5915,1183,4732
"57827",4390,878,3512
"57828",5925,1185,4740
"57829",5085,1017,4068
"57830",5055,1011,4044
"57831",5555,1111,4444
"57832",4610,922,3688
"57833",3495,699,2796
"57834",4765,953,3812
"57835",5115,1023,4092
"57836",5540,1108,4432
"57837",4780,956,3824
"57838",4910,982,3928
"57839",3680,736,2944
"57840",3690,738,2952
"57841",4055,811,3244
"57842",6170,1234,4936
"57843",5455,1091,4364
"57844",4740,948,3792
"57845",3775,755,3020
"57846",5070,1014,4056
"57847",4960,992,3968
"57848",4005,801,3204
"57849",4890,978,3912
"57850",4645,929,3716
"57851",4185,837,3348
"57852",4095,819,3276
"57853",4915,983,3932
"57854",4560,912,3648
"57855",5100,1020,4080
"57856",6180,1236,4944
"57857",4890,978,3912
"57858",7960,1592,6368
"57859",4515,903,3612
"57860",5070,1014,4056
"57861",5235,1047,4188
"57862",3585,717,2868
"57863",4630,926,3704
"57864",6085,1217,4868
"57865",5700,1140,4560
"57866",5330,1066,4264
"57867",4830,966,3864
"57868",5150,1030,4120
"57869",4265,853,3412
"57870",4105,821,3284
"57871",4290,858,3432
"57872",4385,877,3508
"57873",4680,936,3744
"57874",4780,956,3824
"57875",4065,813,3252
"57876",4285,857,3428
"57877",4470,894,3576
"57878",5230,1046,4184
"57879",4790,958,3832
"57880",4280,856,3424
"57881",4420,884,3536
"57882",5095,1019,4076
"57883",6230,1246,4984
"57884",4335,867,3468
"57885",4635,927,3708
"57886",3845,769,3076
"57887",4535,907,3628
"57888",4695,939,3756
"57889",5915,1183,4732
"57890",5140,1028,4112
"57891",4675,935,3740
"57892",5035,1007,4028
"57893",4965,993,3972
"57894",4035,807,3228
"57895",4200,840,3360
"57896",4270,854,3416
"57897",4380,876,3504
"57898",4115,823,3292
"57899",5120,1024,4096
"57900",5275,1055,4220
"57901",5470,1094,4376
"57902",4405,881,3524
"57903",3800,760,3040
"57904",3905,781,3124
"57905",4160,832,3328
"57906",4345,869,3476
"57907",4060,812,3248
"57908",5855,1171,4684
"57909",3475,695,2780
"57910",4285,857,3428
"57911",5310,1062,4248
"57912",4285,857,3428
"57913",4620,924,3696
"57914",4405,881,3524
"57915",5395,1079,4316
"57916",4240,848,3392
"57917",4150,830,3320
"57918",3730,746,2984
"57919",5345,1069,4276
"57920",7460,1492,5968
"57921",4230,846,3384
"57922",5125,1025,4100
"57923",4170,834,3336
"57924",3915,783,3132
"57925",4060,812,3248
"57926",4100,820,3280
"57927",6870,1374,5496
"57928",4845,969,3876
"57929",4930,986,3944
"57930",6020,1204,4816
"57931",4800,960,3840
"57932",4500,900,3600
"57933",4310,862,3448
"57934",4830,966,3864
"57935",3320,664,2656
"57936",3705,741,2964
"57937",4275,855,3420
"57938",4840,968,3872
"57939",3580,716,2864
"57940",3905,781,3124
"57941",4825,965,3860
"57942",4200,840,3360
"57943",3900,780,3120
"57944",3510,702,2808
"57945",4225,845,3380
"57946",4025,805,3220
"57947",7710,1542,6168
"57948",5070,1014,4056
"57949",4440,888,3552
"57950",4470,894,3576
"57951",4725,945,3780
"57952",5305,1061,4244
"57953",5335,1067,4268
"57954",4390,878,3512
"57955",3370,674,2696
"57956",4855,971,3884
"57957",3265,653,2612
"57958",4715,943,3772
"57959",5885,1177,4708
"57960",3990,798,3192
"57961",5480,1096,4384
"57962",5710,1142,4568
"57963",5820,1164,4656
"57964",5510,1102,4408
"57965",4965,993,3972
"57966",6975,1395,5580
"57967",4675,935,3740
"57968",5885,1177,4708
"57969",7865,1573,6292
"57970",4950,990,3960
"57971",6875,1375,5500
"57972",4655,931,3724
"57973",4930,986,3944
"57974",4230,846,3384
"57975",4645,929,3716
"57976",5095,1019,4076
"57977",3990,798,3192
"57978",4635,927,3708
"57979",4620,924,3696
"57980",5990,1198,4792
"57981",5435,1087,4348
"57982",4195,839,3356
"57983",5175,1035,4140
"57984",4710,942,3768
"57985",4900,980,3920
"57986",6185,1237,4948
"57987",5190,1038,4152
"57988",5470,1094,4376
"57989",4410,882,3528
"57990",3755,751,3004
"57991",4035,807,3228
"57992",4830,966,3864
"57993",5050,1010,4040
"57994",3780,756,3024
"57995",6425,1285,5140
"57996",5450,1090,4360
"57997",5760,1152,4608
"57998",4225,845,3380
"57999",5195,1039,4156
"58000",4080,816,3264
"58001",4165,833,3332
"58002",4900,980,3920
"58003",3595,719,2876
"58004",4415,883,3532
"58005",4535,907,3628
"58006",4905,981,3924
"58007",3465,693,2772
"58008",3595,719,2876
"58009",3915,783,3132
"58010",5955,1191,4764
"58011",4515,903,3612
"58012",3970,794,3176
"58013",4350,870,3480
"58014",4985,997,3988
"58015",4245,849,3396
"58016",4605,921,3684
"58017",4885,977,3908
"58018",3760,752,3008
"58019",3405,681,2724
"58020",5130,1026,4104
"58021",5435,1087,4348
"58022",4370,874,3496
"58023",4405,881,3524
"58024",4750,950,3800
"58025",4270,854,3416
"58026",5825,1165,4660
"58027",3965,793,3172
"58028",3910,782,3128
"58029",5050,1010,4040
"58030",3925,785,3140
"58031",3855,771,3084
"58032",4350,870,3480
"58033",5685,1137,4548
"58034",4585,917,3668
"58035",5630,1126,4504
"58036",5260,1052,4208
"58037",4130,826,3304
"58038",4875,975,3900
"58039",4510,902,3608
"58040",4130,826,3304
"58041",4535,907,3628
"58042",3995,799,3196
"58043",4135,827,3308
"58044",3545,709,2836
"58045",5675,1135,4540
"58046",4455,891,3564
"58047",4545,909,3636
"58048",4575,915,3660
"58049",5320,1064,4256
"58050",5345,1069,4276
"58051",5480,1096,4384
"58052",7570,1514,6056
"58053",4755,951,3804
"58054",5785,1157,4628
"58055",4100,820,3280
"58056",4995,999,3996
"58057",4400,880,3520
"58058",4300,860,3440
"58059",4390,878,3512
"58060",5045,1009,4036
"58061",5465,1093,4372
"58062",4775,955,3820
"58063",4410,882,3528
"58064",5090,1018,4072
"58065",5740,1148,4592
"58066",4825,965,3860
"58067",4265,853,3412
"58068",4250,850,3400
"58069",5220,1044,4176
"58070",3705,741,2964
"58071",4625,925,3700
"58072",4890,978,3912
"58073",4505,901,3604
"58074",4225,845,3380
"58075",3870,774,3096
"58076",4405,881,3524
"58077",6040,1208,4832
"58078",3975,795,3180
"58079",4080,816,3264
"58080",4435,887,3548
"58081",4915,983,3932
"58082",4515,903,3612
"58083",7695,1539,6156
"58084",4990,998,3992
"58085",3615,723,2892
"58086",5195,1039,4156
"58087",3295,659,2636
"58088",4285,857,3428
"58089",5745,1149,4596
"58090",4455,891,3564
"58091",5925,1185,4740
"58092",4675,935,3740
"58093",5180,1036,4144
"58094",4145,829,3316
"58095",5160,1032,4128
"58096",4105,821,3284
"58097",5125,1025,4100
"58098",4785,957,3828
"58099",4960,992,3968
"58100",5500,1100,4400
"58101",4570,914,3656
"58102",5135,1027,4108
"58103",4535,907,3628
"58104",6285,1257,5028
"58105",4210,842,3368
"58106",3745,749,2996
"58107",4165,833,3332
"58108",4940,988,3952
"58109",3870,774,3096
"58110",5305,1061,4244
"58111",4175,835,3340
"58112",3910,782,3128
"58113",5530,1106,4424
"58114",5430,1086,4344
"58115",3880,776,3104
"58116",4890,978,3912
"58117",4135,827,3308
"58118",4690,938,3752
"58119",3670,734,2936
"58120",4335,867,3468
"58121",4460,892,3568
"58122",4630,926,3704
"58123",4020,804,3216
"58124",3920,784,3136
"58125",5460,1092,4368
"58126",4585,917,3668
"58127",4295,859,3436
"58128",4455,891,3564
"58129",4515,903,3612
"58130",4710,942,3768
"58131",6465,1293,5172
"58132",4315,863,3452
"58133",3815,763,3052
"58134",3225,645,2580
"58135",4555,911,3644
"58136",5070,1014,4056
"58137",4705,941,3764
"58138",3670,734,2936
"58139",4440,888,3552
"58140",4740,948,3792
"58141",3760,752,3008
"58142",4475,895,3580
"58143",4390,878,3512
"58144",5480,1096,4384
"58145",3485,697,2788
"58146",5670,1134,4536
"58147",5180,1036,4144
"58148",5335,1067,4268
"58149",3715,743,2972
"58150",4100,820,3280
"58151",3690,738,2952
"58152",5610,1122,4488
"58153",6050,1210,4840
"58154",3735,747,2988
"58155",5165,1033,4132
"58156",5355,1071,4284
"58157",4605,921,3684
"58158",3205,641,2564
"58159",5085,1017,4068
"58160",3450,690,2760
"58161",4080,816,3264
"58162",4370,874,3496
"58163",6385,1277,5108
"58164",4640,928,3712
"58165",4160,832,3328
"58166",4700,940,3760
"58167",4440,888,3552
"58168",5365,1073,4292
"58169",5170,1034,4136
"58170",4510,902,3608
"58171",5190,1038,4152
"58172",3875,775,3100
"58173",3840,768,3072
"58174",6115,1223,4892
"58175",4770,954,3816
"58176",5585,1117,4468
"58177",4960,992,3968
"58178",6425,1285,5140
"58179",4795,959,3836
"58180",3770,754,3016
"58181",4265,853,3412
"58182",4100,820,3280
"58183",3565,713,2852
"58184",4825,965,3860
"58185",4690,938,3752
"58186",5815,1163,4652
"58187",3910,782,3128
"58188",3810,762,3048
"58189",6140,1228,4912
"58190",3680,736,2944
"58191",5140,1028,4112
"58192",5455,1091,4364
"58193",5855,1171,4684
"58194",4490,898,3592
"58195",3465,693,2772
"58196",4340,868,3472
"58197",3305,661,2644
"58198",4555,911,3644
"58199",4885,977,3908
"58200",5300,1060,4240
"58201",4160,832,3328
"58202",3795,759,3036
"58203",4740,948,3792
"58204",3590,718,2872
"58205",3770,754,3016
"58206",4775,955,3820
"58207",4855,971,3884
"58208",4050,810,3240
"58209",5620,1124,4496
"58210",4665,933,3732
"58211",5625,1125,4500
"58212",3770,754,3016
"58213",4040,808,3232
"58214",4225,845,3380
"58215",4375,875,3500
"58216",3700,740,2960
"58217",3920,784,3136
"58218",3955,791,3164
"58219",5790,1158,4632
"58220",5470,1094,4376
"58221",6075,1215,4860
"58222",4325,865,3460
"58223",3820,764,3056
"58224",4700,940,3760
"58225",4820,964,3856
"58226",4570,914,3656
"58227",4365,873,3492
"58228",3855,771,3084
"58229",6045,1209,4836
"58230",5070,1014,4056
"58231",6485,1297,5188
"58232",4095,819,3276
"58233",3760,752,3008
"58234",4265,853,3412
"58235",5475,1095,4380
"58236",4795,959,3836
"58237",5390,1078,4312
"58238",5940,1188,4752
"58239",4525,905,3620
"58240",4210,842,3368
"58241",5660,1132,4528
"58242",3960,792,3168
"58243",4045,809,3236
"58244",5550,1110,4440
"58245",5465,1093,4372
"58246",4890,978,3912
"58247",4645,929,3716
"58248",6295,1259,5036
"58249",3895,779,3116
"58250",3665,733,2932
"58251",4090,818,3272
"58252",5650,1130,4520
"58253",4380,876,3504
"58254",4705,941,3764
"58255",4110,822,3288
"58256",4235,847,3388
"58257",5105,1021,4084
"58258",7235,1447,5788
"58259",4480,896,3584
"58260",5525,1105,4420
"58261",4885,977,3908
"58262",4415,883,3532
"58263",5170,1034,4136
"58264",5330,1066,4264
"58265",4055,811,3244
"58266",5100,1020,4080
"58267",3300,660,2640
"58268",4380,876,3504
"58269",4480,896,3584
"58270",4400,880,3520
"58271",4455,891,3564
"58272",5435,1087,4348
"58273",5525,1105,4420
"58274",3715,743,2972
"58275",4510,902,3608
"58276",5135,1027,4108
"58277",5020,1004,4016
"58278",5530,1106,4424
"58279",4475,895,3580
"58280",4340,868,3472
"58281",4370,874,3496
"58282",3805,761,3044
"58283",3885,777,3108
"58284",4540,908,3632
"58285",5225,1045,4180
"58286",4600,920,3680
"58287",4845,969,3876
"58288",4430,886,3544
"58289",4505,901,3604
"58290",3855,771,3084
"58291",4925,985,3940
"58292",5885,1177,4708
"58293",3655,731,2924
"58294",4490,898,3592
"58295",4325,865,3460
"58296",3995,799,3196
"58297",5205,1041,4164
"58298",5030,1006,4024
"58299",7165,1433,5732
"58300",4680,936,3744
"58301",4615,923,3692
"58302",4270,854,3416
"58303",3730,746,2984
"58304",4690,938,3752
"58305",4710,942,3768
"58306",5310,1062,4248
"58307",5080,1016,4064
"58308",5440,1088,4352
"58309",3440,688,2752
"58310",5530,1106,4424
"58311",5395,1079,4316
"58312",5515,1103,4412
"58313",3710,742,2968
"58314",4120,824,3296
"58315",3810,762,3048
"58316",5070,1014,4056
"58317",5585,1117,4468
"58318",4820,964,3856
"58319",5060,1012,4048
"58320",5815,1163,4652
"58321",4225,845,3380
"58322",5525,1105,4420
"58323",6010,1202,4808
"58324",3990,798,3192
"58325",5635,1127,4508
"58326",4610,922,3688
"58327",3750,750,3000
"58328",5335,1067,4268
"58329",3975,795,3180
"58330",8070,1614,6456
"58331",5960,1192,4768
"58332",4120,824,3296
"58333",7085,1417,5668
"58334",5000,1000,4000
"58335",6020,1204,4816
"58336",3360,672,2688
"58337",5150,1030,4120
"58338",5660,1132,4528
"58339",4210,842,3368
"58340",5345,1069,4276
"58341",4800,960,3840
"58342",5855,1171,4684
"58343",3895,779,3116
"58344",4850,970,3880
"58345",4740,948,3792
"58346",5290,1058,4232
"58347",3950,790,3160
"58348",4450,890,3560
"58349",4450,890,3560
"58350",4370,874,3496
"58351",4125,825,3300
"58352",4165,833,3332
"58353",5185,1037,4148
"58354",4785,957,3828
"58355",4060,812,3248
"58356",4860,972,3888
"58357",4495,899,3596
"58358",4065,813,3252
"58359",6270,1254,5016
"58360",4120,824,3296
"58361",5520,1104,4416
"58362",4255,851,3404
"58363",3885,777,3108
"58364",6345,1269,5076
"58365",3655,731,2924
"58366",5300,1060,4240
"58367",3845,769,3076
"58368",8015,1603,6412
"58369",4430,886,3544
"58370",4205,841,3364
"58371",5915,1183,4732
"58372",4670,934,3736
"58373",4010,802,3208
"58374",5140,1028,4112
"58375",4775,955,3820
"58376",4795,959,3836
"58377",4585,917,3668
"58378",3850,770,3080
"58379",3915,783,3132
"58380",5980,1196,4784
"58381",5140,1028,4112
"58382",3575,715,2860
"58383",6390,1278,5112
"58384",4160,832,3328
"58385",3855,771,3084
"58386",5950,1190,4760
"58387",5255,1051,4204
"58388",4245,849,3396
"58389",4610,922,3688
"58390",4385,877,3508
"58391",3340,668,2672
"58392",5670,1134,4536
"58393",3800,760,3040
"58394",4045,809,3236
"58395",4255,851,3404
"58396",4115,823,3292
"58397",5850,1170,4680
"58398",5915,1183,4732
"58399",4885,977,3908
"58400",3960,792,3168
"58401",5910,1182,4728
"58402",5820,1164,4656
"58403",5365,1073,4292
"58404",5345,1069,4276
"58405",4395,879,3516
"58406",4755,951,3804
"58407",4205,841,3364
"58408",4615,923,3692
"58409",4120,824,3296
"58410",4185,837,3348
"58411",4890,978,3912
"58412",5550,1110,4440
"58413",3990,798,3192
"58414",4065,813,3252
"58415",3770,754,3016
"58416",3830,766,3064
"58417",3450,690,2760
"58418",7305,1461,5844
"58419",5440,1088,4352
"58420",5145,1029,4116
"58421",4200,840,3360
"58422",5770,1154,4616
"58423",3800,760,3040
"58424",6520,1304,5216
"58425",4495,899,3596
"58426",4950,990,3960
"58427",4325,865,3460
"58428",4580,916,3664
"58429",4655,931,3724
"58430",4325,865,3460
"58431",5700,1140,4560
"58432",4165,833,3332
"58433",6915,1383,5532
"58434",3925,785,3140
"58435",5090,1018,4072
"58436",4860,972,3888
"58437",4700,940,3760
"58438",5315,1063,4252
"58439",6315,1263,5052
"58440",4380,876,3504
"58441",3980,796,3184
"58442",4585,917,3668
"58443",4595,919,3676
"58444",4970,994,3976
"58445",5000,1000,4000
"58446",6445,1289,5156
"58447",4140,828,3312
"58448",6805,1361,5444
"58449",5655,1131,4524
"58450",4305,861,3444
"58451",4445,889,3556
"58452",3890,778,3112
"58453",4750,950,3800
"58454",4360,872,3488
"58455",4155,831,3324
"58456",3745,749,2996
"58457",4925,985,3940
"58458",4920,984,3936
"58459",6045,1209,4836
"58460",5150,1030,4120
"58461",6190,1238,4952
"58462",4355,871,3484
"58463",5855,1171,4684
"58464",5620,1124,4496
"58465",5225,1045,4180
"58466",3995,799,3196
"58467",4275,855,3420
"58468",4445,889,3556
"58469",4590,918,3672
"58470",4270,854,3416
"58471",4155,831,3324
"58472",4830,966,3864
"58473",4485,897,3588
"58474",5600,1120,4480
"58475",4080,816,3264
"58476",5550,1110,4440
"58477",3940,788,3152
"58478",5410,1082,4328
"58479",6510,1302,5208
"58480",6965,1393,5572
"58481",4635,927,3708
"58482",3735,747,2988
"58483",4290,858,3432
"58484",3925,785,3140
"58485",4840,968,3872
"58486",4450,890,3560
"58487",3525,705,2820
"58488",3990,798,3192
"58489",4725,945,3780
"58490",4410,882,3528
"58491",5785,1157,4628
"58492",4180,836,3344
"58493",4975,995,3980
"58494",5330,1066,4264
"58495",4110,822,3288
"58496",3850,770,3080
"58497",4060,812,3248
"58498",4910,982,3928
"58499",4225,845,3380
"58500",4065,813,3252
"58501",4915,983,3932
"58502",5520,1104,4416
"58503",4750,950,3800
"58504",4160,832,3328
"58505",3995,799,3196
"58506",4800,960,3840
"58507",3960,792,3168
"58508",6465,1293,5172
"58509",5045,1009,4036
"58510",4780,956,3824
"58511",4480,896,3584
"58512",4590,918,3672
"58513",5305,1061,4244
"58514",4870,974,3896
"58515",5055,1011,4044
"58516",4260,852,3408
"58517",3445,689,2756
"58518",4880,976,3904
"58519",4680,936,3744
"58520",4550,910,3640
"58521",4135,827,3308
"58522",5340,1068,4272
"58523",3830,766,3064
"58524",5590,1118,4472
"58525",4500,900,3600
"58526",4695,939,3756
"58527",4780,956,3824
"58528",5275,1055,4220
"58529",4645,929,3716
"58530",4820,964,3856
"58531",4440,888,3552
"58532",5325,1065,4260
"58533",5415,1083,4332
"58534",4065,813,3252
"58535",3795,759,3036
"58536",4305,861,3444
"58537",4550,910,3640
"58538",5140,1028,4112
"58539",3895,779,3116
"58540",3490,698,2792
"58541",4395,879,3516
"58542",6260,1252,5008
"58543",4500,900,3600
"58544",4090,818,3272
"58545",4020,804,3216
"58546",6760,1352,5408
"58547",4480,896,3584
"58548",4060,812,3248
"58549",5755,1151,4604
"58550",4240,848,3392
"58551",6540,1308,5232
"58552",3860,772,3088
"58553",4715,943,3772
"58554",6175,1235,4940
"58555",3465,693,2772
"58556",5460,1092,4368
"58557",5750,1150,4600
"58558",4540,908,3632
"58559",3410,682,2728
"58560",5965,1193,4772
"58561",3670,734,2936
"58562",5155,1031,4124
"58563",3930,786,3144
"58564",5560,1112,4448
"58565",4525,905,3620
"58566",4155,831,3324
"58567",4075,815,3260
"58568",4530,906,3624
"58569",4060,812,3248
"58570",3170,634,2536
"58571",5170,1034,4136
"58572",4085,817,3268
"58573",5695,1139,4556
"58574",4385,877,3508
"58575",4700,940,3760
"58576",5270,1054,4216
"58577",4370,874,3496
"58578",4640,928,3712
"58579",4525,905,3620
"58580",3745,749,2996
"58581",4615,923,3692
"58582",5345,1069,4276
"58583",4165,833,3332
"58584",4610,922,3688
"58585",6070,1214,4856
"58586",5010,1002,4008
"58587",3815,763,3052
"58588",5405,1081,4324
"58589",5850,1170,4680
"58590",4315,863,3452
"58591",5505,1101,4404
"58592",3675,735,2940
"58593",5420,1084,4336
"58594",4975,995,3980
"58595",4780,956,3824
"58596",6430,1286,5144
"58597",4435,887,3548
"58598",3555,711,2844
"58599",3915,783,3132
"58600",8305,1661,6644
"58601",5350,1070,4280
"58602",4865,973,3892
"58603",3840,768,3072
"58604",4105,821,3284
"58605",5850,1170,4680
"58606",6050,1210,4840
"58607",3860,772,3088
"58608",5325,1065,4260
"58609",4080,816,3264
"58610",5110,1022,4088
"58611",4315,863,3452
"58612",5545,1109,4436
"58613",7130,1426,5704
"58614",4425,885,3540
"58615",4490,898,3592
"58616",5350,1070,4280
"58617",4955,991,3964
"58618",4870,974,3896
"58619",3700,740,2960
"58620",4770,954,3816
"58621",5505,1101,4404
"58622",3855,771,3084
"58623",4315,863,3452
"58624",4275,855,3420
"58625",4825,965,3860
"58626",5295,1059,4236
"58627",3740,748,2992
"58628",5440,1088,4352
"58629",4105,821,3284
"58630",6535,1307,5228
"58631",4110,822,3288
"58632",4360,872,3488
"58633",5515,1103,4412
"58634",3720,744,2976
"58635",4290,858,3432
"58636",4085,817,3268
"58637",3910,782,3128
"58638",3965,793,3172
"58639",4305,861,3444
"58640",5030,1006,4024
"58641",5510,1102,4408
"58642",5860,1172,4688
"58643",4330,866,3464
"58644",6975,1395,5580
"58645",3830,766,3064
"58646",4340,868,3472
"58647",4420,884,3536
"58648",4415,883,3532
"58649",5320,1064,4256
"58650",5730,1146,4584
"58651",3780,756,3024
"58652",4240,848,3392
"58653",4615,923,3692
"58654",6850,1370,5480
"58655",5340,1068,4272
"58656",3795,759,3036
"58657",5030,1006,4024
"58658",4590,918,3672
"58659",4355,871,3484
"58660",3610,722,2888
"58661",6175,1235,4940
"58662",5230,1046,4184
"58663",6060,1212,4848
"58664",5245,1049,4196
"58665",4385,877,3508
"58666",4560,912,3648
"58667",4060,812,3248
"58668",4025,805,3220
"58669",6490,1298,5192
"58670",4715,943,3772
"58671",4775,955,3820
"58672",4565,913,3652
"58673",4435,887,3548
"58674",4005,801,3204
"58675",4100,820,3280
"58676",4425,885,3540
"58677",3825,765,3060
"58678",3980,796,3184
"58679",5345,1069,4276
"58680",4675,935,3740
"58681",6525,1305,5220
"58682",5125,1025,4100
"58683",4830,966,3864
"58684",5655,1131,4524
"58685",4555,911,3644
"58686",4555,911,3644
"58687",5745,1149,4596
"58688",3670,734,2936
"58689",3990,798,3192
"58690",3540,708,2832
"58691",4850,970,3880
"58692",5190,1038,4152
"58693",6995,1399,5596
"58694",4200,840,3360
"58695",3960,792,3168
"58696",4360,872,3488
"58697",4225,845,3380
"58698",4220,844,3376
"58699",3235,647,2588
"58700",4795,959,3836
"58701",4165,833,3332
"58702",7160,1432,5728
"58703",4010,802,3208
"58704",4630,926,3704
"58705",4215,843,3372
"58706",4450,890,3560
"58707",4450,890,3560
"58708",5585,1117,4468
"58709",3700,740,2960
"58710",3995,799,3196
"58711",4215,843,3372
"58712",5170,1034,4136
"58713",4315,863,3452
"58714",3870,774,3096
"58715",4135,827,3308
"58716",4340,868,3472
"58717",5575,1115,4460
"58718",3975,795,3180
"58719",4615,923,3692
"58720",5410,1082,4328
"58721",4115,823,3292
"58722",4840,968,3872
"58723",4245,849,3396
"58724",4895,979,3916
"58725",5220,1044,4176
"58726",8280,1656,6624
"58727",4145,829,3316
"58728",4300,860,3440
"58729",4165,833,3332
"58730",5575,1115,4460
"58731",7005,1401,5604
"58732",3485,697,2788
"58733",5005,1001,4004
"58734",4425,885,3540
"58735",4725,945,3780
"58736",4530,906,3624
"58737",3970,794,3176
"58738",3350,670,2680
"58739",3550,710,2840
"58740",4360,872,3488
"58741",3425,685,2740
"58742",3470,694,2776
"58743",3455,691,2764
"58744",4280,856,3424
"58745",4285,857,3428
"58746",4545,909,3636
"58747",5710,1142,4568
"58748",4915,983,3932
"58749",5990,1198,4792
"58750",5495,1099,4396
"58751",3915,783,3132
"58752",6260,1252,5008
"58753",4530,906,3624
"58754",4595,919,3676
"58755",3870,774,3096
"58756",5540,1108,4432
"58757",4685,937,3748
"58758",3320,664,2656
"58759",5675,1135,4540
"58760",5125,1025,4100
"58761",4920,984,3936
"58762",4210,842,3368
"58763",4345,869,3476
"58764",5160,1032,4128
"58765",4920,984,3936
"58766",4585,917,3668
"58767",5205,1041,4164
"58768",3985,797,3188
"58769",3885,777,3108
"58770",3590,718,2872
"58771",4900,980,3920
"58772",5055,1011,4044
"58773",4610,922,3688
"58774",3390,678,2712
"58775",4240,848,3392
"58776",5575,1115,4460
"58777",4260,852,3408
"58778",5415,1083,4332
"58779",6230,1246,4984
"58780",4515,903,3612
"58781",4340,868,3472
"58782",3345,669,2676
"58783",5005,1001,4004
"58784",4625,925,3700
"58785",5525,1105,4420
"58786",4785,957,3828
"58787",3835,767,3068
"58788",4935,987,3948
"58789",4835,967,3868
"58790",3820,764,3056
"58791",6085,1217,4868
"58792",6570,1314,5256
"58793",5495,1099,4396
"58794",4595,919,3676
"58795",6485,1297,5188
"58796",3860,772,3088
"58797",4705,941,3764
"58798",5475,1095,4380
"58799",4770,954,3816
"58800",3815,763,3052
"58801",4055,811,3244
"58802",5810,1162,4648
"58803",4650,930,3720
"58804",5050,1010,4040
"58805",4435,887,3548
"58806",4465,893,3572
"58807",4800,960,3840
"58808",4695,939,3756
"58809",3545,709,2836
"58810",4715,943,3772
"58811",4700,940,3760
"58812",4760,952,3808
"58813",4725,945,3780
"58814",5185,1037,4148
"58815",4055,811,3244
"58816",5230,1046,4184
"58817",3660,732,2928
"58818",4790,958,3832
"58819",6355,1271,5084
"58820",4260,852,3408
"58821",4370,874,3496
"58822",4945,989,3956
"58823",4655,931,3724
"58824",6115,1223,4892
"58825",5105,1021,4084
"58826",3620,724,2896
"58827",4295,859,3436
"58828",3935,787,3148
"58829",5360,1072,4288
"58830",4165,833,3332
"58831",5155,1031,4124
"58832",6475,1295,5180
"58833",5120,1024,4096
"58834",4075,815,3260
"58835",4390,878,3512
"58836",4380,876,3504
"58837",6140,1228,4912
"58838",4990,998,3992
"58839",4330,866,3464
"58840",5180,1036,4144
"58841",4265,853,3412
"58842",4585,917,3668
"58843",5250,1050,4200
"58844",4575,915,3660
"58845",3590,718,2872
"58846",3945,789,3156
"58847",4585,917,3668
"58848",3890,778,3112
"58849",5080,1016,4064
"58850",4870,974,3896
"58851",5295,1059,4236
"58852",4620,924,3696
"58853",5275,1055,4220
"58854",4170,834,3336
"58855",4475,895,3580
"58856",3820,764,3056
"58857",4490,898,3592
"58858",4130,826,3304
"58859",5180,1036,4144
"58860",3740,748,2992
"58861",4550,910,3640
"58862",4600,920,3680
"58863",7220,1444,5776
"58864",4970,994,3976
"58865",6135,1227,4908
"58866",4425,885,3540
"58867",4855,971,3884
"58868",4935,987,3948
"58869",4085,817,3268
"58870",5070,1014,4056
"58871",4760,952,3808
"58872",4850,970,3880
"58873",4810,962,3848
"58874",4725,945,3780
"58875",3715,743,2972
"58876",4575,915,3660
"58877",5310,1062,4248
"58878",4680,936,3744
"58879",5045,1009,4036
"58880",4085,817,3268
"58881",4715,943,3772
"58882",4310,862,3448
"58883",4960,992,3968
"58884",3420,684,2736
"58885",4105,821,3284
"58886",4040,808,3232
"58887",4950,990,3960
"58888",4700,940,3760
"58889",3985,797,3188
"58890",5045,1009,4036
"58891",3620,724,2896
"58892",4660,932,3728
"58893",3630,726,2904
"58894",4030,806,3224
"58895",3735,747,2988
"58896",5955,1191,4764
"58897",4695,939,3756
"58898",3530,706,2824
"58899",4560,912,3648
"58900",4875,975,3900
"58901",4225,845,3380
"58902",5280,1056,4224
"58903",5015,1003,4012
"58904",4290,858,3432
"58905",4490,898,3592
"58906",5845,1169,4676
"58907",4125,825,3300
"58908",4615,923,3692
"58909",4980,996,3984
"58910",5530,1106,4424
"58911",4890,978,3912
"58912",5125,1025,4100
"58913",4740,948,3792
"58914",4130,826,3304
"58915",3625,725,2900
"58916",4420,884,3536
"58917",4005,801,3204
"58918",4340,868,3472
"58919",4630,926,3704
"58920",5075,1015,4060
"58921",4055,811,3244
"58922",5335,1067,4268
"58923",7110,1422,5688
"58924",7670,1534,6136
"58925",4730,946,3784
"58926",5020,1004,4016
"58927",7815,1563,6252
"58928",5680,1136,4544
"58929",4515,903,3612
"58930",4845,969,3876
"58931",6695,1339,5356
"58932",4045,809,3236
"58933",5750,1150,4600
"58934",6515,1303,5212
"58935",5375,1075,4300
"58936",3180,636,2544
"58937",4910,982,3928
"58938",6215,1243,4972
"58939",4340,868,3472
"58940",4465,893,3572
"58941",4935,987,3948
"58942",3500,700,2800
"58943",5945,1189,4756
"58944",4435,887,3548
"58945",4490,898,3592
"58946",4125,825,3300
"58947",4515,903,3612
"58948",6340,1268,5072
"58949",7140,1428,5712
"58950",4655,931,3724
"58951",4455,891,3564
"58952",3820,764,3056
"58953",4695,939,3756
"58954",5830,1166,4664
"58955",3365,673,2692
"58956",4380,876,3504
"58957",4470,894,3576
"58958",3865,773,3092
"58959",8440,1688,6752
"58960",3815,763,3052
"58961",4820,964,3856
"58962",4095,819,3276
"58963",7640,1528,6112
"58964",5435,1087,4348
"58965",6015,1203,4812
"58966",3845,769,3076
"58967",3875,775,3100
"58968",3610,722,2888
"58969",4780,956,3824
"58970",3925,785,3140
"58971",4615,923,3692
"58972",3905,781,3124
"58973",6565,1313,5252
"58974",3780,756,3024
"58975",5895,1179,4716
"58976",3995,799,3196
"58977",4615,923,3692
"58978",4690,938,3752
"58979",5970,1194,4776
"58980",4565,913,3652
"58981",4950,990,3960
"58982",5095,1019,4076
"58983",4900,980,3920
"58984",5075,1015,4060
"58985",5900,1180,4720
"58986",6255,1251,5004
"58987",4855,971,3884
"58988",3575,715,2860
"58989",5600,1120,4480
"58990",4520,904,3616
"58991",4390,878,3512
"58992",4800,960,3840
"58993",5585,1117,4468
"58994",4800,960,3840
"58995",4710,942,3768
"58996",4920,984,3936
"58997",3940,788,3152
"58998",4030,806,3224
"58999",3735,747,2988
"59000",7025,1405,5620
"59001",5770,1154,4616
"59002",4465,893,3572
"59003",5220,1044,4176
"59004",3785,757,3028
"59005",4240,848,3392
"59006",5640,1128,4512
"59007",3935,787,3148
"59008",5205,1041,4164
"59009",7945,1589,6356
"59010",4630,926,3704
"59011",4655,931,3724
"59012",3400,680,2720
"59013",4550,910,3640
"59014",4730,946,3784
"59015",3995,799,3196
"59016",3800,760,3040
"59017",5595,1119,4476
"59018",4540,908,3632
"59019",5640,1128,4512
"59020",4120,824,3296
"59021",3635,727,2908
"59022",4250,850,3400
"59023",4230,846,3384
"59024",7515,1503,6012
"59025",4525,905,3620
"59026",4780,956,3824
"59027",4050,810,3240
"59028",3610,722,2888
"59029",3365,673,2692
"59030",5510,1102,4408
"59031",3935,787,3148
"59032",4475,895,3580
"59033",6390,1278,5112
"59034",4740,948,3792
"59035",4210,842,3368
"59036",4435,887,3548
"59037",4820,964,3856
"59038",5390,1078,4312
"59039",3930,786,3144
"59040",4810,962,3848
"59041",6665,1333,5332
"59042",5600,1120,4480
"59043",3290,658,2632
"59044",4175,835,3340
"59045",5255,1051,4204
"59046",4570,914,3656
"59047",4005,801,3204
"59048",4905,981,3924
"59049",4745,949,3796
"59050",4505,901,3604
"59051",7525,1505,6020
"59052",4110,822,3288
"59053",4420,884,3536
"59054",3770,754,3016
"59055",5670,1134,4536
"59056",4845,969,3876
"59057",6605,1321,5284
"59058",6880,1376,5504
"59059",5060,1012,4048
"59060",4900,980,3920
"59061",5030,1006,4024
"59062",5675,1135,4540
"59063",4370,874,3496
"59064",3530,706,2824
"59065",4365,873,3492
"59066",4450,890,3560
"59067",3835,767,3068
"59068",3300,660,2640
"59069",4295,859,3436
"59070",4860,972,3888
"59071",7045,1409,5636
"59072",3415,683,2732
"59073",5215,1043,4172
"59074",4985,997,3988
"59075",4730,946,3784
"59076",3580,716,2864
"59077",5040,1008,4032
"59078",4435,887,3548
"59079",5240,1048,4192
"59080",4465,893,3572
"59081",5910,1182,4728
"59082",4935,987,3948
"59083",6460,1292,5168
"59084",3800,760,3040
"59085",4660,932,3728
"59086",5765,1153,4612
"59087",4110,822,3288
"59088",5115,1023,4092
"59089",4915,983,3932
"59090",4290,858,3432
"59091",4990,998,3992
"59092",4655,931,3724
"59093",4325,865,3460
"59094",3630,726,2904
"59095",5930,1186,4744
"59096",3940,788,3152
"59097",4910,982,3928
"59098",4220,844,3376
"59099",4990,998,3992
"59100",4925,985,3940
"59101",4125,825,3300
"59102",4265,853,3412
"59103",4380,876,3504
"59104",4915,983,3932
"59105",3870,774,3096
"59106",5045,1009,4036
"59107",4330,866,3464
"59108",4460,892,3568
"59109",5325,1065,4260
"59110",4305,861,3444
"59111",4140,828,3312
"59112",4245,849,3396
"59113",3070,614,2456
"59114",4470,894,3576
"59115",3085,617,2468
"59116",6130,1226,4904
"59117",5790,1158,4632
"59118",4385,877,3508
"59119",5475,1095,4380
"59120",4325,865,3460
"59121",5125,1025,4100
"59122",4915,983,3932
"59123",4080,816,3264
"59124",4950,990,3960
"59125",4190,838,3352
"59126",4380,876,3504
"59127",4370,874,3496
"59128",4770,954,3816
"59129",4460,892,3568
"59130",6080,1216,4864
"59131",3405,681,2724
"59132",4505,901,3604
"59133",4180,836,3344
"59134",3680,736,2944
"59135",4650,930,3720
"59136",3580,716,2864
"59137",4660,932,3728
"59138",5480,1096,4384
"59139",3230,646,2584
"59140",4330,866,3464
"59141",5200,1040,4160
"59142",5335,1067,4268
"59143",3575,715,2860
"59144",4215,843,3372
"59145",6040,1208,4832
"59146",4080,816,3264
"59147",4360,872,3488
"59148",4485,897,3588
"59149",4375,875,3500
"59150",3660,732,2928
"59151",3435,687,2748
"59152",4035,807,3228
"59153",4110,822,3288
"59154",5055,1011,4044
"59155",4670,934,3736
"59156",5195,1039,4156
"59157",5275,1055,4220
"59158",4030,806,3224
"59159",4855,971,3884
"59160",8340,1668,6672
"59161",4375,875,3500
"59162",4040,808,3232
"59163",3630,726,2904
"59164",4000,800,3200
"59165",4885,977,3908
"59166",4340,868,3472
"59167",4980,996,3984
"59168",4910,982,3928
"59169",4300,860,3440
"59170",6560,1312,5248
"59171",4085,817,3268
"59172",4070,814,3256
"59173",4240,848,3392
"59174",3920,784,3136
"59175",4710,942,3768
"59176",4345,869,3476
"59177",5620,1124,4496
"59178",3670,734,2936
"59179",6475,1295,5180
"59180",4495,899,3596
"59181",5880,1176,4704
"59182",4160,832,3328
"59183",6030,1206,4824
"59184",5705,1141,4564
"59185",6315,1263,5052
"59186",4350,870,3480
"59187",5695,1139,4556
"59188",5280,1056,4224
"59189",4725,945,3780
"59190",6625,1325,5300
"59191",4040,808,3232
"59192",4275,855,3420
"59193",4490,898,3592
"59194",4155,831,3324
"59195",6385,1277,5108
"59196",4285,857,3428
"59197",5640,1128,4512
"59198",4655,931,3724
"59199",7265,1453,5812
"59200",5575,1115,4460
"59201",4345,869,3476
"59202",4820,964,3856
"59203",5005,1001,4004
"59204",3715,743,2972
"59205",6105,1221,4884
"59206",4030,806,3224
"59207",4390,878,3512
"59208",4765,953,3812
"59209",4230,846,3384
"59210",4035,807,3228
"59211",4595,919,3676
"59212",5020,1004,4016
"59213",4380,876,3504
"59214",5095,1019,4076
"59215",3725,745,2980
"59216",4105,821,3284
"59217",5055,1011,4044
"59218",6290,1258,5032
"59219",5440,1088,4352
"59220",5080,1016,4064
"59221",4640,928,3712
"59222",4990,998,3992
"59223",3475,695,2780
"59224",4935,987,3948
"59225",4050,810,3240
"59226",4585,917,3668
"59227",4245,849,3396
"59228",4885,977,3908
"59229",5370,1074,4296
"59230",3515,703,2812
"59231",4495,899,3596
"59232",3815,763,3052
"59233",4650,930,3720
"59234",4340,868,3472
"59235",5410,1082,4328
"59236",4230,846,3384
"59237",4040,808,3232
"59238",4605,921,3684
"59239",6870,1374,5496
"59240",4415,883,3532
"59241",6730,1346,5384
"59242",3840,768,3072
"59243",4095,819,3276
"59244",4240,848,3392
"59245",4435,887,3548
"59246",3945,789,3156
"59247",4055,811,3244
"59248",4605,921,3684
"59249",3665,733,2932
"59250",3275,655,2620
"59251",4835,967,3868
"59252",5025,1005,4020
"59253",5990,1198,4792
"59254",3635,727,2908
"59255",4720,944,3776
"59256",4070,814,3256
"59257",4430,886,3544
"59258",5405,1081,4324
"59259",4485,897,3588
"59260",5610,1122,4488
"59261",5060,1012,4048
"59262",4965,993,3972
"59263",5150,1030,4120
"59264",4450,890,3560
"59265",6755,1351,5404
"59266",4610,922,3688
"59267",5010,1002,4008
"59268",5830,1166,4664
"59269",4685,937,3748
"59270",4370,874,3496
"59271",6240,1248,4992
"59272",7000,1400,5600
"59273",4775,955,3820
"59274",4415,883,3532
"59275",4655,931,3724
"59276",4165,833,3332
"59277",4025,805,3220
"59278",3230,646,2584
"59279",4425,885,3540
"59280",6090,1218,4872
"59281",4085,817,3268
"59282",4305,861,3444
"59283",4330,866,3464
"59284",3645,729,2916
"59285",4665,933,3732
"59286",4690,938,3752
"59287",4095,819,3276
"59288",4500,900,3600
"59289",5205,1041,4164
"59290",4030,806,3224
"59291",5240,1048,4192
"59292",4240,848,3392
"59293",5845,1169,4676
"59294",5280,1056,4224
"59295",5090,1018,4072
"59296",4525,905,3620
"59297",5310,1062,4248
"59298",3990,798,3192
"59299",5545,1109,4436
"59300",4240,848,3392
"59301",4075,815,3260
"59302",5920,1184,4736
"59303",4385,877,3508
"59304",5590,1118,4472
"59305",4310,862,3448
"59306",3810,762,3048
"59307",4320,864,3456
"59308",6435,1287,5148
"59309",6105,1221,4884
"59310",5450,1090,4360
"59311",6150,1230,4920
"59312",4105,821,3284
"59313",4850,970,3880
"59314",4830,966,3864
"59315",4620,924,3696
"59316",5450,1090,4360
"59317",5675,1135,4540
"59318",4670,934,3736
"59319",3655,731,2924
"59320",4960,992,3968
"59321",4085,817,3268
"59322",6140,1228,4912
"59323",5060,1012,4048
"59324",5190,1038,4152
"59325",4625,925,3700
"59326",4370,874,3496
"59327",4895,979,3916
"59328",4690,938,3752
"59329",4010,802,3208
"59330",5105,1021,4084
"59331",4170,834,3336
"59332",4115,823,3292
"59333",5510,1102,4408
"59334",6155,1231,4924
"59335",4810,962,3848
"59336",5100,1020,4080
"59337",4385,877,3508
"59338",5420,1084,4336
"59339",4365,873,3492
"59340",5145,1029,4116
"59341",3275,655,2620
"59342",3960,792,3168
"59343",4865,973,3892
"59344",4925,985,3940
"59345",3915,783,3132
"59346",5560,1112,4448
"59347",4280,856,3424
"59348",3840,768,3072
"59349",4985,997,3988
"59350",3785,757,3028
"59351",3265,653,2612
"59352",5720,1144,4576
"59353",5425,1085,4340
"59354",6695,1339,5356
"59355",5045,1009,4036
"59356",5135,1027,4108
"59357",4950,990,3960
"59358",4765,953,3812
"59359",5365,1073,4292
"59360",5720,1144,4576
"59361",4125,825,3300
"59362",4675,935,3740
"59363",4725,945,3780
"59364",4170,834,3336
"59365",4445,889,3556
"59366",4055,811,3244
"59367",5890,1178,4712
"59368",4505,901,3604
"59369",5075,1015,4060
"59370",5680,1136,4544
"59371",4750,950,3800
"59372",5120,1024,4096
"59373",4185,837,3348
"59374",4330,866,3464
"59375",4105,821,3284
"59376",3725,745,2980
"59377",4935,987,3948
"59378",3890,778,3112
"59379",5895,1179,4716
"59380",4385,877,3508
"59381",4450,890,3560
"59382",4325,865,3460
"59383",4125,825,3300
"59384",4830,966,3864
"59385",4675,935,3740
"59386",5840,1168,4672
"59387",4865,973,3892
"59388",4455,891,3564
"59389",4965,993,3972
"59390",6145,1229,4916
"59391",3545,709,2836
"59392",6665,1333,5332
"59393",5005,1001,4004
"59394",4840,968,3872
"59395",4005,801,3204
"59396",5245,1049,4196
"59397",4045,809,3236
"59398",5360,1072,4288
"59399",4745,949,3796
"59400",5015,1003,4012
"59401",4375,875,3500
"59402",6440,1288,5152
"59403",4070,814,3256
"59404",3970,794,3176
"59405",4835,967,3868
"59406",4520,904,3616
"59407",5490,1098,4392
"59408",4195,839,3356
"59409",5785,1157,4628
"59410",4415,883,3532
"59411",5090,1018,4072
"59412",5690,1138,4552
"59413",4360,872,3488
"59414",5355,1071,4284
"59415",4175,835,3340
"59416",3140,628,2512
"59417",3735,747,2988
"59418",4000,800,3200
"59419",5010,1002,4008
"59420",4245,849,3396
"59421",4990,998,3992
"59422",4300,860,3440
"59423",6775,1355,5420
"59424",3855,771,3084
"59425",3605,721,2884
"59426",4560,912,3648
"59427",6430,1286,5144
"59428",5155,1031,4124
"59429",4705,941,3764
"59430",4010,802,3208
"59431",4910,982,3928
"59432",6240,1248,4992
"59433",5735,1147,4588
"59434",4200,840,3360
"59435",5855,1171,4684
"59436",6060,1212,4848
"59437",4600,920,3680
"59438",4805,961,3844
"59439",4570,914,3656
"59440",4290,858,3432
"59441",5230,1046,4184
"59442",6560,1312,5248
"59443",5085,1017,4068
"59444",5345,1069,4276
"59445",4790,958,3832
"59446",4205,841,3364
"59447",5945,1189,4756
"59448",5270,1054,4216
"59449",5440,1088,4352
"59450",4375,875,3500
"59451",5755,1151,4604
"59452",3925,785,3140
"59453",5460,1092,4368
"59454",5540,1108,4432
"59455",4810,962,3848
"59456",3890,778,3112
"59457",4640,928,3712
"59458",4515,903,3612
"59459",4360,872,3488
"59460",4405,881,3524
"59461",6165,1233,4932
"59462",4030,806,3224
"59463",5235,1047,4188
"59464",4470,894,3576
"59465",4770,954,3816
"59466",4310,862,3448
"59467",3895,779,3116
"59468",4030,806,3224
"59469",5995,1199,4796
"59470",5165,1033,4132
"59471",4350,870,3480
"59472",4290,858,3432
"59473",3955,791,3164
"59474",5210,1042,4168
"59475",6175,1235,4940
"59476",3960,792,3168
"59477",4040,808,3232
"59478",4090,818,3272
"59479",6510,1302,5208
"59480",4170,834,3336
"59481",5995,1199,4796
"59482",4960,992,3968
"59483",4720,944,3776
"59484",4840,968,3872
"59485",5115,1023,4092
"59486",6380,1276,5104
"59487",5190,1038,4152
"59488",5040,1008,4032
"59489",3730,746,2984
"59490",4265,853,3412
"59491",3840,768,3072
"59492",5340,1068,4272
"59493",5925,1185,4740
"59494",5210,1042,4168
"59495",3995,799,3196
"59496",4545,909,3636
"59497",4530,906,3624
"59498",3860,772,3088
"59499",3760,752,3008
"59500",4305,861,3444
"59501",5635,1127,4508
"59502",4600,920,3680
"59503",3435,687,2748
"59504",4175,835,3340
"59505",3930,786,3144
"59506",6835,1367,5468
"59507",4005,801,3204
"59508",3400,680,2720
"59509",4535,907,3628
"59510",5205,1041,4164
"59511",5305,1061,4244
"59512",4540,908,3632
"59513",4500,900,3600
"59514",4700,940,3760
"59515",4310,862,3448
"59516",4095,819,3276
"59517",4025,805,3220
"59518",3780,756,3024
"59519",5100,1020,4080
"59520",6120,1224,4896
"59521",4810,962,3848
"59522",3835,767,3068
"59523",4220,844,3376
"59524",5340,1068,4272
"59525",4850,970,3880
"59526",3900,780,3120
"59527",5475,1095,4380
"59528",7175,1435,5740
"59529",8445,1689,6756
"59530",5385,1077,4308
"59531",4370,874,3496
"59532",4845,969,3876
"59533",3735,747,2988
"59534",4325,865,3460
"59535",6230,1246,4984
"59536",4805,961,3844
"59537",3995,799,3196
"59538",4270,854,3416
"59539",5445,1089,4356
"59540",5995,1199,4796
"59541",5065,1013,4052
"59542",4505,901,3604
"59543",5055,1011,4044
"59544",8240,1648,6592
"59545",6225,1245,4980
"59546",4005,801,3204
"59547",4480,896,3584
"59548",4820,964,3856
"59549",4400,880,3520
"59550",4715,943,3772
"59551",4155,831,3324
"59552",5595,1119,4476
"59553",5120,1024,4096
"59554",3625,725,2900
"59555",4245,849,3396
"59556",3745,749,2996
"59557",4150,830,3320
"59558",5160,1032,4128
"59559",3815,763,3052
"59560",5170,1034,4136
"59561",5145,1029,4116
"59562",4035,807,3228
"59563",4910,982,3928
"59564",5735,1147,4588
"59565",3705,741,2964
"59566",4455,891,3564
"59567",4940,988,3952
"59568",5880,1176,4704
"59569",4270,854,3416
"59570",4580,916,3664
"59571",5160,1032,4128
"59572",4385,877,3508
"59573",6055,1211,4844
"59574",4010,802,3208
"59575",3950,790,3160
"59576",4440,888,3552
"59577",4320,864,3456
"59578",3855,771,3084
"59579",3770,754,3016
"59580",4745,949,3796
"59581",4000,800,3200
"59582",3630,726,2904
"59583",4375,875,3500
"59584",3785,757,3028
"59585",5005,1001,4004
"59586",5355,1071,4284
"59587",4290,858,3432
"59588",3605,721,2884
"59589",7690,1538,6152
"59590",4745,949,3796
"59591",6150,1230,4920
"59592",4175,835,3340
"59593",8425,1685,6740
"59594",3670,734,2936
"59595",5270,1054,4216
"59596",4335,867,3468
"59597",4190,838,3352
"59598",5750,1150,4600
"59599",4205,841,3364
"59600",4990,998,3992
"59601",3830,766,3064
"59602",3805,761,3044
"59603",4130,826,3304
"59604",4245,849,3396
"59605",4630,926,3704
"59606",5380,1076,4304
"59607",4745,949,3796
"59608",4945,989,3956
"59609",4685,937,3748
"59610",4395,879,3516
"59611",4980,996,3984
"59612",4455,891,3564
"59613",4745,949,3796
"59614",4045,809,3236
"59615",4140,828,3312
"59616",2885,577,2308
"59617",6440,1288,5152
"59618",4270,854,3416
"59619",6815,1363,5452
"59620",4125,825,3300
"59621",4110,822,3288
"59622",7220,1444,5776
"59623",3905,781,3124
"59624",4080,816,3264
"59625",5570,1114,4456
"59626",4140,828,3312
"59627",5140,1028,4112
"59628",5410,1082,4328
"59629",4750,950,3800
"59630",5110,1022,4088
"59631",3710,742,2968
"59632",5700,1140,4560
"59633",3765,753,3012
"59634",4835,967,3868
"59635",4135,827,3308
"59636",4330,866,3464
"59637",5255,1051,4204
"59638",4285,857,3428
"59639",4670,934,3736
"59640",6585,1317,5268
"59641",4635,927,3708
"59642",5735,1147,4588
"59643",3755,751,3004
"59644",6095,1219,4876
"59645",4225,845,3380
"59646",5715,1143,4572
"59647",4820,964,3856
"59648",5165,1033,4132
"59649",3590,718,2872
"59650",5660,1132,4528
"59651",4735,947,3788
"59652",4425,885,3540
"59653",5140,1028,4112
"59654",4165,833,3332
"59655",4535,907,3628
"59656",3425,685,2740
"59657",4460,892,3568
"59658",4600,920,3680
"59659",3790,758,3032
"59660",4615,923,3692
"59661",4555,911,3644
"59662",4710,942,3768
"59663",5680,1136,4544
"59664",5640,1128,4512
"59665",6420,1284,5136
"59666",7330,1466,5864
"59667",3875,775,3100
"59668",5155,1031,4124
"59669",5055,1011,4044
"59670",5860,1172,4688
"59671",3900,780,3120
"59672",4420,884,3536
"59673",3630,726,2904
"59674",5820,1164,4656
"59675",3820,764,3056
"59676",4975,995,3980
"59677",4060,812,3248
"59678",4490,898,3592
"59679",5415,1083,4332
"59680",3800,760,3040
"59681",4990,998,3992
"59682",3530,706,2824
"59683",5380,1076,4304
"59684",5030,1006,4024
"59685",4905,981,3924
"59686",4220,844,3376
"59687",3955,791,3164
"59688",4995,999,3996
"59689",4520,904,3616
"59690",5505,1101,4404
"59691",5315,1063,4252
"59692",5445,1089,4356
"59693",4825,965,3860
"59694",4595,919,3676
"59695",4700,940,3760
"59696",4960,992,3968
"59697",4990,998,3992
"59698",4305,861,3444
"59699",5095,1019,4076
"59700",3955,791,3164
"59701",4210,842,3368
"59702",5165,1033,4132
"59703",5990,1198,4792
"59704",5280,1056,4224
"59705",4170,834,3336
"59706",4635,927,3708
"59707",4835,967,3868
"59708",5040,1008,4032
"59709",4870,974,3896
"59710",4175,835,3340
"59711",4070,814,3256
"59712",4315,863,3452
"59713",4005,801,3204
"59714",3755,751,3004
"59715",5765,1153,4612
"59716",4050,810,3240
"59717",4880,976,3904
"59718",4475,895,3580
"59719",6245,1249,4996
"59720",4535,907,3628
"59721",4220,844,3376
"59722",5955,1191,4764
"59723",5835,1167,4668
"59724",4440,888,3552
"59725",5240,1048,4192
"59726",4400,880,3520
"59727",4985,997,3988
"59728",3340,668,2672
"59729",5245,1049,4196
"59730",4490,898,3592
"59731",3570,714,2856
"59732",6220,1244,4976
"59733",4505,901,3604
"59734",4030,806,3224
"59735",6665,1333,5332
"59736",5555,1111,4444
"59737",4780,956,3824
"59738",5835,1167,4668
"59739",4590,918,3672
"59740",7190,1438,5752
"59741",4100,820,3280
"59742",3590,718,2872
"59743",4325,865,3460
"59744",4080,816,3264
"59745",4555,911,3644
"59746",4575,915,3660
"59747",5835,1167,4668
"59748",6035,1207,4828
"59749",4330,866,3464
"59750",4695,939,3756
"59751",4850,970,3880
"59752",6005,1201,4804
"59753",4535,907,3628
"59754",4305,861,3444
"59755",5385,1077,4308
"59756",4825,965,3860
"59757",4090,818,3272
"59758",5755,1151,4604
"59759",4310,862,3448
"59760",4815,963,3852
"59761",4740,948,3792
"59762",3660,732,2928
"59763",6705,1341,5364
"59764",5425,1085,4340
"59765",4755,951,3804
"59766",5970,1194,4776
"59767",3925,785,3140
"59768",5115,1023,4092
"59769",4140,828,3312
"59770",3985,797,3188
"59771",4595,919,3676
"59772",4355,871,3484
"59773",4200,840,3360
"59774",5345,1069,4276
"59775",4030,806,3224
"59776",5000,1000,4000
"59777",3950,790,3160
"59778",5060,1012,4048
"59779",4905,981,3924
"59780",5365,1073,4292
"59781",4600,920,3680
"59782",3940,788,3152
"59783",4545,909,3636
"59784",5075,1015,4060
"59785",5355,1071,4284
"59786",5415,1083,4332
"59787",4940,988,3952
"59788",4875,975,3900
"59789",5325,1065,4260
"59790",4110,822,3288
"59791",3810,762,3048
"59792",4915,983,3932
"59793",6145,1229,4916
"59794",5105,1021,4084
"59795",4375,875,3500
"59796",4805,961,3844
"59797",4430,886,3544
"59798",5165,1033,4132
"59799",5265,1053,4212
"59800",7750,1550,6200
"59801",5460,1092,4368
"59802",4700,940,3760
"59803",4145,829,3316
"59804",4420,884,3536
"59805",5915,1183,4732
"59806",4510,902,3608
"59807",5715,1143,4572
"59808",4400,880,3520
"59809",3375,675,2700
"59810",4420,884,3536
"59811",4310,862,3448
"59812",4820,964,3856
"59813",4680,936,3744
"59814",6750,1350,5400
"59815",4210,842,3368
"59816",5290,1058,4232
"59817",3740,748,2992
"59818",4950,990,3960
"59819",3845,769,3076
"59820",4755,951,3804
"59821",3880,776,3104
"59822",4770,954,3816
"59823",4940,988,3952
"59824",6190,1238,4952
"59825",5130,1026,4104
"59826",3440,688,2752
"59827",4075,815,3260
"59828",5245,1049,4196
"59829",5290,1058,4232
"59830",3615,723,2892
"59831",4025,805,3220
"59832",4085,817,3268
"59833",4315,863,3452
"59834",4485,897,3588
"59835",3515,703,2812
"59836",5865,1173,4692
"59837",3520,704,2816
"59838",3975,795,3180
"59839",5780,1156,4624
"59840",6485,1297,5188
"59841",4485,897,3588
"59842",4720,944,3776
"59843",5590,1118,4472
"59844",4660,932,3728
"59845",4700,940,3760
"59846",4190,838,3352
"59847",3880,776,3104
"59848",7200,1440,5760
"59849",4180,836,3344
"59850",5455,1091,4364
"59851",3925,785,3140
"59852",5180,1036,4144
"59853",6785,1357,5428
"59854",4855,971,3884
"59855",5865,1173,4692
"59856",5765,1153,4612
"59857",6110,1222,4888
"59858",4060,812,3248
"59859",4460,892,3568
"59860",4200,840,3360
"59861",4395,879,3516
"59862",5110,1022,4088
"59863",5470,1094,4376
"59864",4235,847,3388
"59865",5480,1096,4384
"59866",4175,835,3340
"59867",5485,1097,4388
"59868",5245,1049,4196
"59869",3435,687,2748
"59870",5790,1158,4632
"59871",3825,765,3060
"59872",4160,832,3328
"59873",4910,982,3928
"59874",4845,969,3876
"59875",3175,635,2540
"59876",4815,963,3852
"59877",4920,984,3936
"59878",4815,963,3852
"59879",5415,1083,4332
"59880",3810,762,3048
"59881",3920,784,3136
"59882",4055,811,3244
"59883",4000,800,3200
"59884",5345,1069,4276
"59885",4060,812,3248
"59886",5265,1053,4212
"59887",3470,694,2776
"59888",4720,944,3776
"59889",4730,946,3784
"59890",4275,855,3420
"59891",5495,1099,4396
"59892",5190,1038,4152
"59893",5285,1057,4228
"59894",4005,801,3204
"59895",4680,936,3744
"59896",5130,1026,4104
"59897",4895,979,3916
"59898",3835,767,3068
"59899",5860,1172,4688
"59900",4370,874,3496
"59901",3915,783,3132
"59902",4985,997,3988
"59903",4160,832,3328
"59904",4850,970,3880
"59905",3930,786,3144
"59906",3910,782,3128
"59907",3955,791,3164
"59908",6150,1230,4920
"59909",4145,829,3316
"59910",3900,780,3120
"59911",4985,997,3988
"59912",5625,1125,4500
"59913",4280,856,3424
"59914",4560,912,3648
"59915",4995,999,3996
"59916",3890,778,3112
"59917",4960,992,3968
"59918",4375,875,3500
"59919",3925,785,3140
"59920",3730,746,2984
"59921",4720,944,3776
"59922",5630,1126,4504
"59923",4170,834,3336
"59924",4025,805,3220
"59925",6290,1258,5032
"59926",4140,828,3312
"59927",3250,650,2600
"59928",3370,674,2696
"59929",5330,1066,4264
"59930",4215,843,3372
"59931",4555,911,3644
"59932",4805,961,3844
"59933",4625,925,3700
"59934",4260,852,3408
"59935",3655,731,2924
"59936",3680,736,2944
"59937",3930,786,3144
"59938",5390,1078,4312
"59939",4295,859,3436
"59940",4755,951,3804
"59941",4620,924,3696
"59942",4060,812,3248
"59943",5425,1085,4340
"59944",3605,721,2884
"59945",4090,818,3272
"59946",4135,827,3308
"59947",5850,1170,4680
"59948",4285,857,3428
"59949",3640,728,2912
"59950",4335,867,3468
"59951",4395,879,3516
"59952",4665,933,3732
"59953",5175,1035,4140
"59954",4325,865,3460
"59955",3870,774,3096
"59956",4380,876,3504
"59957",5035,1007,4028
"59958",4490,898,3592
"59959",4310,862,3448
"59960",4120,824,3296
"59961",5010,1002,4008
"59962",5125,1025,4100
"59963",3970,794,3176
"59964",4455,891,3564
"59965",4795,959,3836
"59966",4760,952,3808
"59967",4950,990,3960
"59968",4625,925,3700
"59969",4625,925,3700
"59970",3945,789,3156
"59971",4155,831,3324
"59972",5500,1100,4400
"59973",6435,1287,5148
"59974",4190,838,3352
"59975",6190,1238,4952
"59976",4780,956,3824
"59977",5045,1009,4036
"59978",5205,1041,4164
"59979",4085,817,3268
"59980",6145,1229,4916
"59981",4180,836,3344
"59982",4590,918,3672
"59983",4740,948,3792
"59984",3695,739,2956
"59985",3470,694,2776
"59986",6105,1221,4884
"59987",3665,733,2932
"59988",4670,934,3736
"59989",3840,768,3072
"59990",4870,974,3896
"59991",5355,1071,4284
"59992",4565,913,3652
"59993",5150,1030,4120
"59994",5615,1123,4492
"59995",3665,733,2932
"59996",3870,774,3096
"59997",4475,895,3580
"59998",4170,834,3336
"59999",5380,1076,4304
"60000",4325,865,3460
"60001",4025,805,3220
"60002",5365,1073,4292
"60003",5250,1050,4200
"60004",4125,825,3300
"60005",5880,1176,4704
"60006",4500,900,3600
"60007",5480,1096,4384
"60008",7015,1403,5612
"60009",3805,761,3044
"60010",4780,956,3824
"60011",4850,970,3880
"60012",4685,937,3748
"60013",3430,686,2744
"60014",5050,1010,4040
"60015",4070,814,3256
"60016",4675,935,3740
"60017",3965,793,3172
"60018",4230,846,3384
"60019",5470,1094,4376
"60020",3760,752,3008
"60021",4255,851,3404
"60022",6520,1304,5216
"60023",5340,1068,4272
"60024",5310,1062,4248
"60025",5040,1008,4032
"60026",3890,778,3112
"60027",4320,864,3456
"60028",6805,1361,5444
"60029",4000,800,3200
"60030",3975,795,3180
"60031",4820,964,3856
"60032",5490,1098,4392
"60033",5195,1039,4156
"60034",4845,969,3876
"60035",4655,931,3724
"60036",4460,892,3568
"60037",4390,878,3512
"60038",5005,1001,4004
"60039",4630,926,3704
"60040",4955,991,3964
"60041",5430,1086,4344
"60042",5020,1004,4016
"60043",3615,723,2892
"60044",3695,739,2956
"60045",5940,1188,4752
"60046",5120,1024,4096
"60047",3755,751,3004
"60048",4600,920,3680
"60049",5225,1045,4180
"60050",4500,900,3600
"60051",4535,907,3628
"60052",4740,948,3792
"60053",3960,792,3168
"60054",4565,913,3652
"60055",4270,854,3416
"60056",5345,1069,4276
"60057",4380,876,3504
"60058",6625,1325,5300
"60059",6685,1337,5348
"60060",8505,1701,6804
"60061",3655,731,2924
"60062",3380,676,2704
"60063",5275,1055,4220
"60064",4445,889,3556
"60065",4560,912,3648
"60066",6560,1312,5248
"60067",4440,888,3552
"60068",6240,1248,4992
"60069",4325,865,3460
"60070",3775,755,3020
"60071",4120,824,3296
"60072",4130,826,3304
"60073",3905,781,3124
"60074",4050,810,3240
"60075",6215,1243,4972
"60076",4185,837,3348
"60077",4135,827,3308
"60078",4625,925,3700
"60079",4900,980,3920
"60080",5520,1104,4416
"60081",4720,944,3776
"60082",5420,1084,4336
"60083",4225,845,3380
"60084",4180,836,3344
"60085",4830,966,3864
"60086",4630,926,3704
"60087",4625,925,3700
"60088",3710,742,2968
"60089",5090,1018,4072
"60090",4150,830,3320
"60091",5285,1057,4228
"60092",4930,986,3944
"60093",5290,1058,4232
"60094",3895,779,3116
"60095",4730,946,3784
"60096",4815,963,3852
"60097",5555,1111,4444
"60098",3860,772,3088
"60099",4010,802,3208
"60100",4615,923,3692
"60101",3680,736,2944
"60102",4445,889,3556
"60103",4390,878,3512
"60104",5175,1035,4140
"60105",5340,1068,4272
"60106",5050,1010,4040
"60107",5000,1000,4000
"60108",4395,879,3516
"60109",4320,864,3456
"60110",3830,766,3064
"60111",4030,806,3224
"60112",3935,787,3148
"60113",4350,870,3480
"60114",5455,1091,4364
"60115",3960,792,3168
"60116",4120,824,3296
"60117",4320,864,3456
"60118",4030,806,3224
"60119",4535,907,3628
"60120",4340,868,3472
"60121",5995,1199,4796
"60122",3450,690,2760
"60123",6785,1357,5428
"60124",4945,989,3956
"60125",4895,979,3916
"60126",4485,897,3588
"60127",5305,1061,4244
"60128",4505,901,3604
"60129",4425,885,3540
"60130",6070,1214,4856
"60131",4965,993,3972
"60132",4560,912,3648
"60133",4315,863,3452
"60134",3940,788,3152
"60135",4325,865,3460
"60136",4500,900,3600
"60137",4245,849,3396
"60138",4895,979,3916
"60139",5660,1132,4528
"60140",6640,1328,5312
"60141",5030,1006,4024
"60142",5535,1107,4428
"60143",4895,979,3916
"60144",5755,1151,4604
"60145",6030,1206,4824
"60146",4770,954,3816
"60147",4015,803,3212
"60148",4775,955,3820
"60149",3735,747,2988
"60150",7025,1405,5620
"60151",4205,841,3364
"60152",7390,1478,5912
"60153",4315,863,3452
"60154",3990,798,3192
"60155",4785,957,3828
"60156",4790,958,3832
"60157",4020,804,3216
"60158",3675,735,2940
"60159",5435,1087,4348
"60160",4425,885,3540
"60161",4585,917,3668
"60162",5160,1032,4128
"60163",4185,837,3348
"60164",3535,707,2828
"60165",4620,924,3696
"60166",3860,772,3088
"60167",5640,1128,4512
"60168",5685,1137,4548
"60169",3160,632,2528
"60170",4605,921,3684
"60171",5815,1163,4652
"60172",6320,1264,5056
"60173",3795,759,3036
"60174",6295,1259,5036
"60175",3855,771,3084
"60176",3875,775,3100
"60177",4635,927,3708
"60178",5460,1092,4368
"60179",4340,868,3472
"60180",5300,1060,4240
"60181",4340,868,3472
"60182",4560,912,3648
"60183",6590,1318,5272
"60184",4650,930,3720
"60185",4285,857,3428
"60186",4785,957,3828
"60187",4780,956,3824
"60188",4890,978,3912
"60189",4035,807,3228
"60190",3655,731,2924
"60191",7885,1577,6308
"60192",5070,1014,4056
"60193",5030,1006,4024
"60194",6530,1306,5224
"60195",4645,929,3716
"60196",3900,780,3120
"60197",4430,886,3544
"60198",5435,1087,4348
"60199",5590,1118,4472
"60200",6500,1300,5200
"60201",4040,808,3232
"60202",4285,857,3428
"60203",3175,635,2540
"60204",3835,767,3068
"60205",4870,974,3896
"60206",4045,809,3236
"60207",5210,1042,4168
"60208",3820,764,3056
"60209",4505,901,3604
"60210",6215,1243,4972
"60211",6480,1296,5184
"60212",4155,831,3324
"60213",4690,938,3752
"60214",4450,890,3560
"60215",4935,987,3948
"60216",7170,1434,5736
"60217",4965,993,3972
"60218",7340,1468,5872
"60219",3845,769,3076
"60220",3990,798,3192
"60221",3650,730,2920
"60222",5310,1062,4248
"60223",5470,1094,4376
"60224",4375,875,3500
"60225",5255,1051,4204
"60226",4800,960,3840
"60227",4655,931,3724
"60228",5435,1087,4348
"60229",5730,1146,4584
"60230",4650,930,3720
"60231",4075,815,3260
"60232",6635,1327,5308
"60233",3500,700,2800
"60234",4310,862,3448
"60235",4280,856,3424
"60236",5910,1182,4728
"60237",4090,818,3272
"60238",4285,857,3428
"60239",5510,1102,4408
"60240",3540,708,2832
"60241",4425,885,3540
"60242",4415,883,3532
"60243",5300,1060,4240
"60244",5520,1104,4416
"60245",6030,1206,4824
"60246",3865,773,3092
"60247",4790,958,3832
"60248",4195,839,3356
"60249",4180,836,3344
"60250",3630,726,2904
"60251",4955,991,3964
"60252",3840,768,3072
"60253",3730,746,2984
"60254",5030,1006,4024
"60255",4890,978,3912
"60256",4615,923,3692
"60257",6570,1314,5256
"60258",5030,1006,4024
"60259",4090,818,3272
"60260",4935,987,3948
"60261",4700,940,3760
"60262",4445,889,3556
"60263",4040,808,3232
"60264",4360,872,3488
"60265",4815,963,3852
"60266",5605,1121,4484
"60267",6805,1361,5444
"60268",4750,950,3800
"60269",3930,786,3144
"60270",4405,881,3524
"60271",4150,830,3320
"60272",4445,889,3556
"60273",4535,907,3628
"60274",5085,1017,4068
"60275",4875,975,3900
"60276",4255,851,3404
"60277",4895,979,3916
"60278",4175,835,3340
"60279",3900,780,3120
"60280",4275,855,3420
"60281",4015,803,3212
"60282",4520,904,3616
"60283",4365,873,3492
"60284",5235,1047,4188
"60285",4705,941,3764
"60286",4120,824,3296
"60287",5665,1133,4532
"60288",6615,1323,5292
"60289",6215,1243,4972
"60290",3995,799,3196
"60291",5325,1065,4260
"60292",4085,817,3268
"60293",4345,869,3476
"60294",4800,960,3840
"60295",4470,894,3576
"60296",4200,840,3360
"60297",4485,897,3588
"60298",4185,837,3348
"60299",4750,950,3800
"60300",4435,887,3548
"60301",4195,839,3356
"60302",4645,929,3716
"60303",4165,833,3332
"60304",4370,874,3496
"60305",4655,931,3724
"60306",4100,820,3280
"60307",5370,1074,4296
"60308",5005,1001,4004
"60309",3870,774,3096
"60310",6625,1325,5300
"60311",4520,904,3616
"60312",4395,879,3516
"60313",4035,807,3228
"60314",3325,665,2660
"60315",4605,921,3684
"60316",4985,997,3988
"60317",4605,921,3684
"60318",4260,852,3408
"60319",4550,910,3640
"60320",4895,979,3916
"60321",5330,1066,4264
"60322",4845,969,3876
"60323",4595,919,3676
"60324",5500,1100,4400
"60325",4590,918,3672
"60326",5170,1034,4136
"60327",5545,1109,4436
"60328",4895,979,3916
"60329",4085,817,3268
"60330",4415,883,3532
"60331",4520,904,3616
"60332",3600,720,2880
"60333",6185,1237,4948
"60334",3780,756,3024
"60335",3635,727,2908
"60336",4805,961,3844
"60337",6830,1366,5464
"60338",4195,839,3356
"60339",5860,1172,4688
"60340",7000,1400,5600
"60341",4350,870,3480
"60342",5165,1033,4132
"60343",5065,1013,4052
"60344",4750,950,3800
"60345",5225,1045,4180
"60346",5640,1128,4512
"60347",4925,985,3940
"60348",4730,946,3784
"60349",4915,983,3932
"60350",3645,729,2916
"60351",6050,1210,4840
"60352",4580,916,3664
"60353",5460,1092,4368
"60354",4155,831,3324
"60355",4970,994,3976
"60356",6480,1296,5184
"60357",5045,1009,4036
"60358",5675,1135,4540
"60359",4630,926,3704
"60360",4890,978,3912
"60361",4035,807,3228
"60362",4690,938,3752
"60363",3700,740,2960
"60364",3595,719,2876
"60365",3790,758,3032
"60366",4850,970,3880
"60367",4770,954,3816
"60368",5040,1008,4032
"60369",4005,801,3204
"60370",4545,909,3636
"60371",4825,965,3860
"60372",4790,958,3832
"60373",3870,774,3096
"60374",4345,869,3476
"60375",4345,869,3476
"60376",4935,987,3948
"60377",4080,816,3264
"60378",4430,886,3544
"60379",5155,1031,4124
"60380",5090,1018,4072
"60381",4100,820,3280
"60382",6025,1205,4820
"60383",4065,813,3252
"60384",3885,777,3108
"60385",4345,869,3476
"60386",3845,769,3076
"60387",4225,845,3380
"60388",6240,1248,4992
"60389",4480,896,3584
"60390",4430,886,3544
"60391",4290,858,3432
"60392",6145,1229,4916
"60393",7075,1415,5660
"60394",4900,980,3920
"60395",4615,923,3692
"60396",4595,919,3676
"60397",4155,831,3324
"60398",5335,1067,4268
"60399",4555,911,3644
"60400",5190,1038,4152
"60401",3765,753,3012
"60402",4730,946,3784
"60403",5015,1003,4012
"60404",4220,844,3376
"60405",6345,1269,5076
"60406",3535,707,2828
"60407",3180,636,2544
"60408",4910,982,3928
"60409",4535,907,3628
"60410",4630,926,3704
"60411",5230,1046,4184
"60412",3980,796,3184
"60413",4605,921,3684
"60414",4315,863,3452
"60415",6085,1217,4868
"60416",4105,821,3284
"60417",4765,953,3812
"60418",4310,862,3448
"60419",4680,936,3744
"60420",4630,926,3704
"60421",4345,869,3476
"60422",4170,834,3336
"60423",3795,759,3036
"60424",5240,1048,4192
"60425",5010,1002,4008
"60426",5095,1019,4076
"60427",5835,1167,4668
"60428",4500,900,3600
"60429",4330,866,3464
"60430",4435,887,3548
"60431",5795,1159,4636
"60432",4140,828,3312
"60433",4380,876,3504
"60434",3740,748,2992
"60435",5330,1066,4264
"60436",5850,1170,4680
"60437",3805,761,3044
"60438",3745,749,2996
"60439",4075,815,3260
"60440",4620,924,3696
"60441",4455,891,3564
"60442",3685,737,2948
"60443",5510,1102,4408
"60444",4685,937,3748
"60445",5655,1131,4524
"60446",4520,904,3616
"60447",3725,745,2980
"60448",5480,1096,4384
"60449",4795,959,3836
"60450",4125,825,3300
"60451",4850,970,3880
"60452",4175,835,3340
"60453",5355,1071,4284
"60454",4250,850,3400
"60455",4315,863,3452
"60456",4345,869,3476
"60457",4780,956,3824
"60458",3805,761,3044
"60459",4530,906,3624
"60460",4680,936,3744
"60461",5155,1031,4124
"60462",4735,947,3788
"60463",3935,787,3148
"60464",5480,1096,4384
"60465",5295,1059,4236
"60466",4285,857,3428
"60467",6875,1375,5500
"60468",4225,845,3380
"60469",3915,783,3132
"60470",4405,881,3524
"60471",6215,1243,4972
"60472",7245,1449,5796
"60473",3305,661,2644
"60474",4370,874,3496
"60475",5095,1019,4076
"60476",4330,866,3464
"60477",4485,897,3588
"60478",4465,893,3572
"60479",6240,1248,4992
"60480",4500,900,3600
"60481",3805,761,3044
"60482",4255,851,3404
"60483",4360,872,3488
"60484",5985,1197,4788
"60485",4845,969,3876
"60486",3985,797,3188
"60487",5095,1019,4076
"60488",5085,1017,4068
"60489",4810,962,3848
"60490",4530,906,3624
"60491",4515,903,3612
"60492",5030,1006,4024
"60493",5150,1030,4120
"60494",5915,1183,4732
"60495",4045,809,3236
"60496",4450,890,3560
"60497",4135,827,3308
"60498",5340,1068,4272
"60499",3660,732,2928
"60500",4520,904,3616
"60501",6060,1212,4848
"60502",6005,1201,4804
"60503",5875,1175,4700
"60504",5935,1187,4748
"60505",4615,923,3692
"60506",4265,853,3412
"60507",4695,939,3756
"60508",4130,826,3304
"60509",3925,785,3140
"60510",4100,820,3280
"60511",3805,761,3044
"60512",6090,1218,4872
"60513",4125,825,3300
"60514",5520,1104,4416
"60515",6265,1253,5012
"60516",3625,725,2900
"60517",4475,895,3580
"60518",3880,776,3104
"60519",3975,795,3180
"60520",4135,827,3308
"60521",5375,1075,4300
"60522",4685,937,3748
"60523",6635,1327,5308
"60524",3675,735,2940
"60525",4885,977,3908
"60526",5090,1018,4072
"60527",4405,881,3524
"60528",4295,859,3436
"60529",3660,732,2928
"60530",4050,810,3240
"60531",4810,962,3848
"60532",3915,783,3132
"60533",6920,1384,5536
"60534",4455,891,3564
"60535",4545,909,3636
"60536",4840,968,3872
"60537",4045,809,3236
"60538",4310,862,3448
"60539",4170,834,3336
"60540",3645,729,2916
"60541",3665,733,2932
"60542",3935,787,3148
"60543",3615,723,2892
"60544",4215,843,3372
"60545",3605,721,2884
"60546",5635,1127,4508
"60547",4750,950,3800
"60548",3890,778,3112
"60549",4355,871,3484
"60550",5025,1005,4020
"60551",3550,710,2840
"60552",3505,701,2804
"60553",3865,773,3092
"60554",4270,854,3416
"60555",3905,781,3124
"60556",4400,880,3520
"60557",4230,846,3384
"60558",3775,755,3020
"60559",4720,944,3776
"60560",3735,747,2988
"60561",5600,1120,4480
"60562",5260,1052,4208
"60563",4925,985,3940
"60564",4825,965,3860
"60565",4115,823,3292
"60566",4010,802,3208
"60567",5260,1052,4208
"60568",4480,896,3584
"60569",5940,1188,4752
"60570",4025,805,3220
"60571",5980,1196,4784
"60572",6000,1200,4800
"60573",4745,949,3796
"60574",3375,675,2700
"60575",5510,1102,4408
"60576",5460,1092,4368
"60577",6480,1296,5184
"60578",4590,918,3672
"60579",4295,859,3436
"60580",3865,773,3092
"60581",4710,942,3768
"60582",3475,695,2780
"60583",4510,902,3608
"60584",4445,889,3556
"60585",4235,847,3388
"60586",4550,910,3640
"60587",5000,1000,4000
"60588",5360,1072,4288
"60589",6730,1346,5384
"60590",5715,1143,4572
"60591",4865,973,3892
"60592",3955,791,3164
"60593",4335,867,3468
"60594",5975,1195,4780
"60595",5655,1131,4524
"60596",4005,801,3204
"60597",4735,947,3788
"60598",5000,1000,4000
"60599",4545,909,3636
"60600",4155,831,3324
"60601",3750,750,3000
"60602",4245,849,3396
"60603",4020,804,3216
"60604",7245,1449,5796
"60605",4710,942,3768
"60606",3665,733,2932
"60607",4870,974,3896
"60608",6890,1378,5512
"60609",5840,1168,4672
"60610",6010,1202,4808
"60611",4760,952,3808
"60612",4735,947,3788
"60613",4420,884,3536
"60614",5825,1165,4660
"60615",2995,599,2396
"60616",4020,804,3216
"60617",5090,1018,4072
"60618",4200,840,3360
"60619",4325,865,3460
"60620",4885,977,3908
"60621",4130,826,3304
"60622",4365,873,3492
"60623",4060,812,3248
"60624",5190,1038,4152
"60625",6310,1262,5048
"60626",5140,1028,4112
"60627",5245,1049,4196
"60628",3290,658,2632
"60629",5000,1000,4000
"60630",3275,655,2620
"60631",4385,877,3508
"60632",3960,792,3168
"60633",4740,948,3792
"60634",3795,759,3036
"60635",3500,700,2800
"60636",4985,997,3988
"60637",5445,1089,4356
"60638",5320,1064,4256
"60639",3585,717,2868
"60640",3510,702,2808
"60641",3750,750,3000
"60642",4655,931,3724
"60643",4905,981,3924
"60644",4800,960,3840
"60645",6775,1355,5420
"60646",4840,968,3872
"60647",5055,1011,4044
"60648",4955,991,3964
"60649",5615,1123,4492
"60650",4430,886,3544
"60651",4915,983,3932
"60652",4340,868,3472
"60653",4225,845,3380
"60654",5005,1001,4004
"60655",3960,792,3168
"60656",5330,1066,4264
"60657",5520,1104,4416
"60658",5380,1076,4304
"60659",4205,841,3364
"60660",4395,879,3516
"60661",5685,1137,4548
"60662",5875,1175,4700
"60663",4130,826,3304
"60664",4650,930,3720
"60665",4060,812,3248
"60666",4475,895,3580
"60667",7180,1436,5744
"60668",5035,1007,4028
"60669",5090,1018,4072
"60670",4905,981,3924
"60671",5670,1134,4536
"60672",3910,782,3128
"60673",4845,969,3876
"60674",4035,807,3228
"60675",4105,821,3284
"60676",4800,960,3840
"60677",5480,1096,4384
"60678",4790,958,3832
"60679",5520,1104,4416
"60680",3650,730,2920
"60681",3510,702,2808
"60682",4440,888,3552
"60683",4540,908,3632
"60684",4465,893,3572
"60685",4550,910,3640
"60686",4920,984,3936
"60687",4585,917,3668
"60688",4820,964,3856
"60689",4300,860,3440
"60690",4350,870,3480
"60691",4130,826,3304
"60692",4705,941,3764
"60693",3565,713,2852
"60694",6955,1391,5564
"60695",4355,871,3484
"60696",4825,965,3860
"60697",5785,1157,4628
"60698",4860,972,3888
"60699",5785,1157,4628
"60700",4700,940,3760
"60701",5615,1123,4492
"60702",4950,990,3960
"60703",4845,969,3876
"60704",4890,978,3912
"60705",4510,902,3608
"60706",5300,1060,4240
"60707",4265,853,3412
"60708",6405,1281,5124
"60709",6985,1397,5588
"60710",4335,867,3468
"60711",6470,1294,5176
"60712",4350,870,3480
"60713",6200,1240,4960
"60714",4365,873,3492
"60715",6420,1284,5136
"60716",7215,1443,5772
"60717",4835,967,3868
"60718",4890,978,3912
"60719",4095,819,3276
"60720",5515,1103,4412
"60721",5075,1015,4060
"60722",6840,1368,5472
"60723",5130,1026,4104
"60724",4520,904,3616
"60725",4715,943,3772
"60726",3630,726,2904
"60727",4500,900,3600
"60728",10865,2173,8692
"60729",5195,1039,4156
"60730",3675,735,2940
"60731",4720,944,3776
"60732",5500,1100,4400
"60733",5865,1173,4692
"60734",6145,1229,4916
"60735",3265,653,2612
"60736",4360,872,3488
"60737",5390,1078,4312
"60738",4175,835,3340
"60739",4860,972,3888
"60740",5575,1115,4460
"60741",5530,1106,4424
"60742",5240,1048,4192
"60743",4345,869,3476
"60744",4210,842,3368
"60745",4380,876,3504
"60746",4605,921,3684
"60747",4925,985,3940
"60748",3850,770,3080
"60749",4570,914,3656
"60750",3630,726,2904
"60751",7365,1473,5892
"60752",4050,810,3240
"60753",5535,1107,4428
"60754",3590,718,2872
"60755",6085,1217,4868
"60756",4485,897,3588
"60757",3770,754,3016
"60758",7205,1441,5764
"60759",4545,909,3636
"60760",6135,1227,4908
"60761",4670,934,3736
"60762",4225,845,3380
"60763",3900,780,3120
"60764",4300,860,3440
"60765",4215,843,3372
"60766",3915,783,3132
"60767",5090,1018,4072
"60768",4115,823,3292
"60769",4040,808,3232
"60770",4095,819,3276
"60771",4675,935,3740
"60772",5420,1084,4336
"60773",4555,911,3644
"60774",3720,744,2976
"60775",4205,841,3364
"60776",4745,949,3796
"60777",5335,1067,4268
"60778",5215,1043,4172
"60779",3945,789,3156
"60780",4490,898,3592
"60781",4435,887,3548
"60782",4165,833,3332
"60783",4255,851,3404
"60784",5120,1024,4096
"60785",3830,766,3064
"60786",4680,936,3744
"60787",5475,1095,4380
"60788",4145,829,3316
"60789",4330,866,3464
"60790",4150,830,3320
"60791",4090,818,3272
"60792",4080,816,3264
"60793",4710,942,3768
"60794",6395,1279,5116
"60795",4165,833,3332
"60796",4360,872,3488
"60797",4560,912,3648
"60798",4615,923,3692
"60799",4715,943,3772
"60800",4350,870,3480
"60801",4880,976,3904
"60802",4420,884,3536
"60803",3590,718,2872
"60804",3965,793,3172
"60805",4100,820,3280
"60806",4100,820,3280
"60807",4175,835,3340
"60808",4590,918,3672
"60809",5120,1024,4096
"60810",5355,1071,4284
"60811",4380,876,3504
"60812",4205,841,3364
"60813",4795,959,3836
"60814",3535,707,2828
"60815",4820,964,3856
"60816",4540,908,3632
"60817",5800,1160,4640
"60818",6285,1257,5028
"60819",5790,1158,4632
"60820",6165,1233,4932
"60821",6060,1212,4848
"60822",4585,917,3668
"60823",3700,740,2960
"60824",4145,829,3316
"60825",4610,922,3688
"60826",6400,1280,5120
"60827",6270,1254,5016
"60828",4210,842,3368
"60829",3830,766,3064
"60830",3895,779,3116
"60831",3920,784,3136
"60832",4065,813,3252
"60833",4285,857,3428
"60834",4335,867,3468
"60835",4835,967,3868
"60836",5220,1044,4176
"60837",3325,665,2660
"60838",4865,973,3892
"60839",5605,1121,4484
"60840",4175,835,3340
"60841",5185,1037,4148
"60842",5065,1013,4052
"60843",3905,781,3124
"60844",4760,952,3808
"60845",4125,825,3300
"60846",4135,827,3308
"60847",4930,986,3944
"60848",4480,896,3584
"60849",3965,793,3172
"60850",4600,920,3680
"60851",3590,718,2872
"60852",4450,890,3560
"60853",4180,836,3344
"60854",5730,1146,4584
"60855",4630,926,3704
"60856",4640,928,3712
"60857",7305,1461,5844
"60858",4125,825,3300
"60859",4335,867,3468
"60860",4700,940,3760
"60861",4395,879,3516
"60862",3825,765,3060
"60863",6515,1303,5212
"60864",4210,842,3368
"60865",3560,712,2848
"60866",4745,949,3796
"60867",4950,990,3960
"60868",4980,996,3984
"60869",3545,709,2836
"60870",5200,1040,4160
"60871",4425,885,3540
"60872",4275,855,3420
"60873",4555,911,3644
"60874",4520,904,3616
"60875",4815,963,3852
"60876",4185,837,3348
"60877",4475,895,3580
"60878",3955,791,3164
"60879",3840,768,3072
"60880",4655,931,3724
"60881",4115,823,3292
"60882",4220,844,3376
"60883",4125,825,3300
"60884",4435,887,3548
"60885",4695,939,3756
"60886",4990,998,3992
"60887",3710,742,2968
"60888",5195,1039,4156
"60889",4955,991,3964
"60890",4705,941,3764
"60891",4590,918,3672
"60892",4185,837,3348
"60893",4990,998,3992
"60894",8260,1652,6608
"60895",6025,1205,4820
"60896",3705,741,2964
"60897",5520,1104,4416
"60898",5950,1190,4760
"60899",7795,1559,6236
"60900",5690,1138,4552
"60901",4990,998,3992
"60902",3985,797,3188
"60903",4310,862,3448
"60904",5085,1017,4068
"60905",5275,1055,4220
"60906",6800,1360,5440
"60907",5875,1175,4700
"60908",4825,965,3860
"60909",5205,1041,4164
"60910",4165,833,3332
"60911",3740,748,2992
"60912",5855,1171,4684
"60913",5505,1101,4404
"60914",4400,880,3520
"60915",6160,1232,4928
"60916",4335,867,3468
"60917",6145,1229,4916
"60918",4385,877,3508
"60919",4490,898,3592
"60920",4390,878,3512
"60921",4350,870,3480
"60922",4085,817,3268
"60923",5820,1164,4656
"60924",3945,789,3156
"60925",3780,756,3024
"60926",4810,962,3848
"60927",5305,1061,4244
"60928",4820,964,3856
"60929",5595,1119,4476
"60930",5545,1109,4436
"60931",5920,1184,4736
"60932",4745,949,3796
"60933",5725,1145,4580
"60934",5200,1040,4160
"60935",3335,667,2668
"60936",3765,753,3012
"60937",4390,878,3512
"60938",3410,682,2728
"60939",7330,1466,5864
"60940",4710,942,3768
"60941",4890,978,3912
"60942",5280,1056,4224
"60943",5505,1101,4404
"60944",5385,1077,4308
"60945",6050,1210,4840
"60946",4905,981,3924
"60947",5080,1016,4064
"60948",3570,714,2856
"60949",7355,1471,5884
"60950",3670,734,2936
"60951",6820,1364,5456
"60952",4645,929,3716
"60953",5035,1007,4028
"60954",4950,990,3960
"60955",6335,1267,5068
"60956",3885,777,3108
"60957",6010,1202,4808
"60958",5435,1087,4348
"60959",3545,709,2836
"60960",3445,689,2756
"60961",4525,905,3620
"60962",5335,1067,4268
"60963",4930,986,3944
"60964",4220,844,3376
"60965",4735,947,3788
"60966",4370,874,3496
"60967",4515,903,3612
"60968",5915,1183,4732
"60969",6025,1205,4820
"60970",4955,991,3964
"60971",4665,933,3732
"60972",4885,977,3908
"60973",4645,929,3716
"60974",5095,1019,4076
"60975",3495,699,2796
"60976",5770,1154,4616
"60977",3915,783,3132
"60978",4245,849,3396
"60979",3970,794,3176
"60980",5250,1050,4200
"60981",4075,815,3260
"60982",4915,983,3932
"60983",4660,932,3728
"60984",3995,799,3196
"60985",4800,960,3840
"60986",5855,1171,4684
"60987",3905,781,3124
"60988",4410,882,3528
"60989",4870,974,3896
"60990",6965,1393,5572
"60991",4605,921,3684
"60992",4550,910,3640
"60993",4720,944,3776
"60994",4375,875,3500
"60995",4370,874,3496
"60996",4900,980,3920
"60997",5440,1088,4352
"60998",7680,1536,6144
"60999",4440,888,3552
"61000",5990,1198,4792
"61001",4050,810,3240
"61002",5470,1094,4376
"61003",4610,922,3688
"61004",4180,836,3344
"61005",4635,927,3708
"61006",5245,1049,4196
"61007",3555,711,2844
"61008",3945,789,3156
"61009",4010,802,3208
"61010",4430,886,3544
"61011",5490,1098,4392
"61012",3965,793,3172
"61013",5350,1070,4280
"61014",3970,794,3176
"61015",3920,784,3136
"61016",4030,806,3224
"61017",4555,911,3644
"61018",4440,888,3552
"61019",4485,897,3588
"61020",3840,768,3072
"61021",3765,753,3012
"61022",5110,1022,4088
"61023",6600,1320,5280
"61024",3875,775,3100
"61025",4110,822,3288
"61026",4070,814,3256
"61027",4475,895,3580
"61028",4715,943,3772
"61029",5285,1057,4228
"61030",3740,748,2992
"61031",3790,758,3032
"61032",4060,812,3248
"61033",4545,909,3636
"61034",3590,718,2872
"61035",4380,876,3504
"61036",4685,937,3748
"61037",4205,841,3364
"61038",4175,835,3340
"61039",4345,869,3476
"61040",3940,788,3152
"61041",4560,912,3648
"61042",5120,1024,4096
"61043",3445,689,2756
"61044",5895,1179,4716
"61045",5520,1104,4416
"61046",4325,865,3460
"61047",5840,1168,4672
"61048",6770,1354,5416
"61049",4395,879,3516
"61050",5225,1045,4180
"61051",6320,1264,5056
"61052",4550,910,3640
"61053",4795,959,3836
"61054",5020,1004,4016
"61055",5685,1137,4548
"61056",4545,909,3636
"61057",6720,1344,5376
"61058",4350,870,3480
"61059",4435,887,3548
"61060",4835,967,3868
"61061",5145,1029,4116
"61062",4965,993,3972
"61063",5770,1154,4616
"61064",4380,876,3504
"61065",4815,963,3852
"61066",5065,1013,4052
"61067",3570,714,2856
"61068",4960,992,3968
"61069",4510,902,3608
"61070",4365,873,3492
"61071",4325,865,3460
"61072",4055,811,3244
"61073",5205,1041,4164
"61074",4670,934,3736
"61075",4130,826,3304
"61076",5795,1159,4636
"61077",3735,747,2988
"61078",4660,932,3728
"61079",4735,947,3788
"61080",4630,926,3704
"61081",4095,819,3276
"61082",5055,1011,4044
"61083",5190,1038,4152
"61084",3945,789,3156
"61085",5195,1039,4156
"61086",5870,1174,4696
"61087",3655,731,2924
"61088",5515,1103,4412
"61089",3880,776,3104
"61090",4550,910,3640
"61091",4730,946,3784
"61092",4415,883,3532
"61093",4100,820,3280
"61094",4150,830,3320
"61095",4145,829,3316
"61096",4350,870,3480
"61097",4735,947,3788
"61098",4300,860,3440
"61099",4665,933,3732
"61100",3370,674,2696
"61101",5250,1050,4200
"61102",4085,817,3268
"61103",4380,876,3504
"61104",4615,923,3692
"61105",5050,1010,4040
"61106",3660,732,2928
"61107",4025,805,3220
"61108",5385,1077,4308
"61109",3635,727,2908
"61110",4615,923,3692
"61111",5295,1059,4236
"61112",4935,987,3948
"61113",5395,1079,4316
"61114",5815,1163,4652
"61115",6520,1304,5216
"61116",4490,898,3592
"61117",3985,797,3188
"61118",5040,1008,4032
"61119",4960,992,3968
"61120",5735,1147,4588
"61121",3570,714,2856
"61122",5300,1060,4240
"61123",5085,1017,4068
"61124",4190,838,3352
"61125",4930,986,3944
"61126",3265,653,2612
"61127",4955,991,3964
"61128",4300,860,3440
"61129",5510,1102,4408
"61130",4735,947,3788
"61131",4225,845,3380
"61132",4245,849,3396
"61133",4300,860,3440
"61134",5705,1141,4564
"61135",4465,893,3572
"61136",7445,1489,5956
"61137",6200,1240,4960
"61138",3520,704,2816
"61139",5560,1112,4448
"61140",6025,1205,4820
"61141",4120,824,3296
"61142",3710,742,2968
"61143",4445,889,3556
"61144",3970,794,3176
"61145",4280,856,3424
"61146",4110,822,3288
"61147",4600,920,3680
"61148",5755,1151,4604
"61149",3690,738,2952
"61150",5675,1135,4540
"61151",4930,986,3944
"61152",4430,886,3544
"61153",4745,949,3796
"61154",4720,944,3776
"61155",4945,989,3956
"61156",5135,1027,4108
"61157",4775,955,3820
"61158",3910,782,3128
"61159",4345,869,3476
"61160",3670,734,2936
"61161",6290,1258,5032
"61162",5175,1035,4140
"61163",4580,916,3664
"61164",4345,869,3476
"61165",5115,1023,4092
"61166",4380,876,3504
"61167",3410,682,2728
"61168",4905,981,3924
"61169",4255,851,3404
"61170",4275,855,3420
"61171",4275,855,3420
"61172",4030,806,3224
"61173",5495,1099,4396
"61174",3810,762,3048
"61175",4640,928,3712
"61176",4610,922,3688
"61177",5020,1004,4016
"61178",3560,712,2848
"61179",4125,825,3300
"61180",4645,929,3716
"61181",4980,996,3984
"61182",4205,841,3364
"61183",4270,854,3416
"61184",4100,820,3280
"61185",5865,1173,4692
"61186",4240,848,3392
"61187",4140,828,3312
"61188",6020,1204,4816
"61189",4305,861,3444
"61190",5235,1047,4188
"61191",4070,814,3256
"61192",5365,1073,4292
"61193",4905,981,3924
"61194",4800,960,3840
"61195",5810,1162,4648
"61196",4385,877,3508
"61197",5990,1198,4792
"61198",4275,855,3420
"61199",4290,858,3432
"61200",4010,802,3208
"61201",3985,797,3188
"61202",6135,1227,4908
"61203",4740,948,3792
"61204",4305,861,3444
"61205",5510,1102,4408
"61206",4950,990,3960
"61207",5850,1170,4680
"61208",4150,830,3320
"61209",4800,960,3840
"61210",3665,733,2932
"61211",4720,944,3776
"61212",4195,839,3356
"61213",6775,1355,5420
"61214",3660,732,2928
"61215",4095,819,3276
"61216",3895,779,3116
"61217",4110,822,3288
"61218",4755,951,3804
"61219",4800,960,3840
"61220",5460,1092,4368
"61221",5630,1126,4504
"61222",4800,960,3840
"61223",5165,1033,4132
"61224",5140,1028,4112
"61225",4010,802,3208
"61226",3570,714,2856
"61227",4395,879,3516
"61228",5455,1091,4364
"61229",7095,1419,5676
"61230",4775,955,3820
"61231",5035,1007,4028
"61232",4980,996,3984
"61233",3830,766,3064
"61234",5435,1087,4348
"61235",4425,885,3540
"61236",4570,914,3656
"61237",4565,913,3652
"61238",4590,918,3672
"61239",5530,1106,4424
"61240",6350,1270,5080
"61241",4585,917,3668
"61242",4925,985,3940
"61243",4825,965,3860
"61244",4780,956,3824
"61245",4465,893,3572
"61246",4940,988,3952
"61247",4555,911,3644
"61248",4090,818,3272
"61249",4355,871,3484
"61250",6130,1226,4904
"61251",4415,883,3532
"61252",4870,974,3896
"61253",5535,1107,4428
"61254",6980,1396,5584
"61255",4115,823,3292
"61256",4080,816,3264
"61257",4755,951,3804
"61258",4285,857,3428
"61259",4070,814,3256
"61260",5665,1133,4532
"61261",4140,828,3312
"61262",4065,813,3252
"61263",6630,1326,5304
"61264",7225,1445,5780
"61265",6930,1386,5544
"61266",4380,876,3504
"61267",5545,1109,4436
"61268",4570,914,3656
"61269",4585,917,3668
"61270",3640,728,2912
"61271",5650,1130,4520
"61272",3600,720,2880
"61273",4375,875,3500
"61274",5050,1010,4040
"61275",5565,1113,4452
"61276",4780,956,3824
"61277",4290,858,3432
"61278",4070,814,3256
"61279",3990,798,3192
"61280",4985,997,3988
"61281",4510,902,3608
"61282",4245,849,3396
"61283",5330,1066,4264
"61284",3400,680,2720
"61285",4745,949,3796
"61286",5110,1022,4088
"61287",4565,913,3652
"61288",6865,1373,5492
"61289",5410,1082,4328
"61290",3785,757,3028
"61291",4240,848,3392
"61292",4020,804,3216
"61293",4995,999,3996
"61294",4275,855,3420
"61295",3895,779,3116
"61296",7760,1552,6208
"61297",6055,1211,4844
"61298",4725,945,3780
"61299",4255,851,3404
"61300",4975,995,3980
"61301",4495,899,3596
"61302",3910,782,3128
"61303",4840,968,3872
"61304",8315,1663,6652
"61305",5480,1096,4384
"61306",4915,983,3932
"61307",4750,950,3800
"61308",4595,919,3676
"61309",4100,820,3280
"61310",4565,913,3652
"61311",5725,1145,4580
"61312",5655,1131,4524
"61313",4815,963,3852
"61314",4320,864,3456
"61315",4940,988,3952
"61316",5415,1083,4332
"61317",5360,1072,4288
"61318",3990,798,3192
"61319",5980,1196,4784
"61320",5205,1041,4164
"61321",3960,792,3168
"61322",7345,1469,5876
"61323",9235,1847,7388
"61324",4105,821,3284
"61325",5330,1066,4264
"61326",5230,1046,4184
"61327",3900,780,3120
"61328",6130,1226,4904
"61329",4915,983,3932
"61330",5810,1162,4648
"61331",4695,939,3756
"61332",4755,951,3804
"61333",4390,878,3512
"61334",5610,1122,4488
"61335",4520,904,3616
"61336",3265,653,2612
"61337",5200,1040,4160
"61338",6015,1203,4812
"61339",5965,1193,4772
"61340",3325,665,2660
"61341",4325,865,3460
"61342",6165,1233,4932
"61343",4015,803,3212
"61344",4570,914,3656
"61345",5255,1051,4204
"61346",3930,786,3144
"61347",4455,891,3564
"61348",5040,1008,4032
"61349",6785,1357,5428
"61350",5790,1158,4632
"61351",5185,1037,4148
"61352",5565,1113,4452
"61353",4095,819,3276
"61354",3855,771,3084
"61355",4490,898,3592
"61356",6585,1317,5268
"61357",4125,825,3300
"61358",4410,882,3528
"61359",4710,942,3768
"61360",4320,864,3456
"61361",5725,1145,4580
"61362",4065,813,3252
"61363",4250,850,3400
"61364",3975,795,3180
"61365",5550,1110,4440
"61366",4030,806,3224
"61367",4110,822,3288
"61368",5140,1028,4112
"61369",3800,760,3040
"61370",4615,923,3692
"61371",5555,1111,4444
"61372",4940,988,3952
"61373",5865,1173,4692
"61374",4400,880,3520
"61375",5820,1164,4656
"61376",4045,809,3236
"61377",3470,694,2776
"61378",4460,892,3568
"61379",4390,878,3512
"61380",4995,999,3996
"61381",5340,1068,4272
"61382",6765,1353,5412
"61383",4450,890,3560
"61384",5085,1017,4068
"61385",5130,1026,4104
"61386",4675,935,3740
"61387",5005,1001,4004
"61388",4055,811,3244
"61389",6080,1216,4864
"61390",5075,1015,4060
"61391",5430,1086,4344
"61392",6405,1281,5124
"61393",4640,928,3712
"61394",4595,919,3676
"61395",4250,850,3400
"61396",4850,970,3880
"61397",4055,811,3244
"61398",5410,1082,4328
"61399",3475,695,2780
"61400",5155,1031,4124
"61401",4225,845,3380
"61402",4500,900,3600
"61403",6455,1291,5164
"61404",4810,962,3848
"61405",3965,793,3172
"61406",4880,976,3904
"61407",9360,1872,7488
"61408",4970,994,3976
"61409",3890,778,3112
"61410",3455,691,2764
"61411",4460,892,3568
"61412",4060,812,3248
"61413",3820,764,3056
"61414",5085,1017,4068
"61415",5360,1072,4288
"61416",5245,1049,4196
"61417",6065,1213,4852
"61418",4805,961,3844
"61419",3495,699,2796
"61420",5450,1090,4360
"61421",6335,1267,5068
"61422",4420,884,3536
"61423",5395,1079,4316
"61424",5160,1032,4128
"61425",5220,1044,4176
"61426",3825,765,3060
"61427",4280,856,3424
"61428",4400,880,3520
"61429",4225,845,3380
"61430",3765,753,3012
"61431",5340,1068,4272
"61432",4875,975,3900
"61433",5050,1010,4040
"61434",4605,921,3684
"61435",3555,711,2844
"61436",5095,1019,4076
"61437",5740,1148,4592
"61438",5365,1073,4292
"61439",3870,774,3096
"61440",3585,717,2868
"61441",6590,1318,5272
"61442",4110,822,3288
"61443",6045,1209,4836
"61444",4350,870,3480
"61445",3890,778,3112
"61446",4925,985,3940
"61447",3680,736,2944
"61448",4660,932,3728
"61449",5195,1039,4156
"61450",3930,786,3144
"61451",5120,1024,4096
"61452",5410,1082,4328
"61453",4060,812,3248
"61454",4035,807,3228
"61455",3690,738,2952
"61456",6255,1251,5004
"61457",4100,820,3280
"61458",5060,1012,4048
"61459",4960,992,3968
"61460",4995,999,3996
"61461",4590,918,3672
"61462",4055,811,3244
"61463",4390,878,3512
"61464",4350,870,3480
"61465",4605,921,3684
"61466",4985,997,3988
"61467",5590,1118,4472
"61468",4020,804,3216
"61469",3975,795,3180
"61470",4320,864,3456
"61471",4905,981,3924
"61472",4510,902,3608
"61473",7790,1558,6232
"61474",4490,898,3592
"61475",5865,1173,4692
"61476",4140,828,3312
"61477",4420,884,3536
"61478",4890,978,3912
"61479",4660,932,3728
"61480",4630,926,3704
"61481",4705,941,3764
"61482",3895,779,3116
"61483",4775,955,3820
"61484",6895,1379,5516
"61485",4455,891,3564
"61486",4235,847,3388
"61487",4945,989,3956
"61488",4390,878,3512
"61489",4120,824,3296
"61490",5065,1013,4052
"61491",4225,845,3380
"61492",4955,991,3964
"61493",5000,1000,4000
"61494",5820,1164,4656
"61495",6070,1214,4856
"61496",4185,837,3348
"61497",5055,1011,4044
"61498",4810,962,3848
"61499",3635,727,2908
"61500",4340,868,3472
"61501",4815,963,3852
"61502",4615,923,3692
"61503",5645,1129,4516
"61504",3575,715,2860
"61505",4935,987,3948
"61506",4350,870,3480
"61507",5095,1019,4076
"61508",4515,903,3612
"61509",5660,1132,4528
"61510",5510,1102,4408
"61511",4620,924,3696
"61512",5910,1182,4728
"61513",3615,723,2892
"61514",6035,1207,4828
"61515",5245,1049,4196
"61516",4650,930,3720
"61517",3790,758,3032
"61518",4685,937,3748
"61519",5200,1040,4160
"61520",3425,685,2740
"61521",4245,849,3396
"61522",4185,837,3348
"61523",4635,927,3708
"61524",3995,799,3196
"61525",4870,974,3896
"61526",4870,974,3896
"61527",3750,750,3000
"61528",4975,995,3980
"61529",4640,928,3712
"61530",5310,1062,4248
"61531",4695,939,3756
"61532",4340,868,3472
"61533",4300,860,3440
"61534",4075,815,3260
"61535",5790,1158,4632
"61536",4180,836,3344
"61537",3935,787,3148
"61538",5045,1009,4036
"61539",4325,865,3460
"61540",4950,990,3960
"61541",4395,879,3516
"61542",4375,875,3500
"61543",5120,1024,4096
"61544",5040,1008,4032
"61545",4140,828,3312
"61546",4455,891,3564
"61547",4645,929,3716
"61548",3535,707,2828
"61549",4550,910,3640
"61550",4350,870,3480
"61551",3840,768,3072
"61552",6215,1243,4972
"61553",6370,1274,5096
"61554",5820,1164,4656
"61555",4695,939,3756
"61556",3590,718,2872
"61557",4930,986,3944
"61558",5070,1014,4056
"61559",4455,891,3564
"61560",5190,1038,4152
"61561",4635,927,3708
"61562",3920,784,3136
"61563",4305,861,3444
"61564",5315,1063,4252
"61565",3530,706,2824
"61566",4130,826,3304
"61567",4585,917,3668
"61568",4225,845,3380
"61569",3485,697,2788
"61570",4635,927,3708
"61571",4455,891,3564
"61572",4485,897,3588
"61573",5330,1066,4264
"61574",3650,730,2920
"61575",5440,1088,4352
"61576",4795,959,3836
"61577",4060,812,3248
"61578",4310,862,3448
"61579",4540,908,3632
"61580",5345,1069,4276
"61581",4250,850,3400
"61582",5470,1094,4376
"61583",6760,1352,5408
"61584",4230,846,3384
"61585",3875,775,3100
"61586",5880,1176,4704
"61587",5785,1157,4628
"61588",4235,847,3388
"61589",4925,985,3940
"61590",5350,1070,4280
"61591",5300,1060,4240
"61592",4260,852,3408
"61593",7090,1418,5672
"61594",5350,1070,4280
"61595",4885,977,3908
"61596",5010,1002,4008
"61597",5265,1053,4212
"61598",4390,878,3512
"61599",3605,721,2884
"61600",3655,731,2924
"61601",4460,892,3568
"61602",8205,1641,6564
"61603",3910,782,3128
"61604",4420,884,3536
"61605",3985,797,3188
"61606",4085,817,3268
"61607",4985,997,3988
"61608",5185,1037,4148
"61609",3035,607,2428
"61610",5570,1114,4456
"61611",4400,880,3520
"61612",4810,962,3848
"61613",5110,1022,4088
"61614",4880,976,3904
"61615",3325,665,2660
"61616",5160,1032,4128
"61617",3930,786,3144
"61618",4855,971,3884
"61619",4710,942,3768
"61620",4035,807,3228
"61621",4640,928,3712
"61622",6870,1374,5496
"61623",4580,916,3664
"61624",5340,1068,4272
"61625",3855,771,3084
"61626",4385,877,3508
"61627",5340,1068,4272
"61628",4760,952,3808
"61629",4910,982,3928
"61630",4420,884,3536
"61631",4615,923,3692
"61632",4780,956,3824
"61633",5210,1042,4168
"61634",3955,791,3164
"61635",5545,1109,4436
"61636",4380,876,3504
"61637",5755,1151,4604
"61638",3470,694,2776
"61639",3735,747,2988
"61640",4550,910,3640
"61641",4960,992,3968
"61642",4835,967,3868
"61643",5040,1008,4032
"61644",3365,673,2692
"61645",4770,954,3816
"61646",4465,893,3572
"61647",7175,1435,5740
"61648",6015,1203,4812
"61649",4815,963,3852
"61650",3640,728,2912
"61651",4440,888,3552
"61652",4815,963,3852
"61653",4080,816,3264
"61654",3895,779,3116
"61655",6120,1224,4896
"61656",3470,694,2776
"61657",3280,656,2624
"61658",4305,861,3444
"61659",4485,897,3588
"61660",4155,831,3324
"61661",5450,1090,4360
"61662",3830,766,3064
"61663",5090,1018,4072
"61664",5165,1033,4132
"61665",4620,924,3696
"61666",4060,812,3248
"61667",7155,1431,5724
"61668",6115,1223,4892
"61669",5250,1050,4200
"61670",4930,986,3944
"61671",5590,1118,4472
"61672",6180,1236,4944
"61673",4285,857,3428
"61674",5620,1124,4496
"61675",5080,1016,4064
"61676",4750,950,3800
"61677",4440,888,3552
"61678",4405,881,3524
"61679",3660,732,2928
"61680",4165,833,3332
"61681",4605,921,3684
"61682",3600,720,2880
"61683",4690,938,3752
"61684",5280,1056,4224
"61685",4250,850,3400
"61686",4210,842,3368
"61687",4555,911,3644
"61688",3365,673,2692
"61689",4780,956,3824
"61690",4145,829,3316
"61691",4805,961,3844
"61692",4260,852,3408
"61693",4625,925,3700
"61694",4130,826,3304
"61695",5145,1029,4116
"61696",4630,926,3704
"61697",3895,779,3116
"61698",3870,774,3096
"61699",4175,835,3340
"61700",4460,892,3568
"61701",5715,1143,4572
"61702",3665,733,2932
"61703",5935,1187,4748
"61704",3930,786,3144
"61705",4210,842,3368
"61706",3880,776,3104
"61707",5370,1074,4296
"61708",4035,807,3228
"61709",4875,975,3900
"61710",3635,727,2908
"61711",5415,1083,4332
"61712",5250,1050,4200
"61713",6480,1296,5184
"61714",3760,752,3008
"61715",4215,843,3372
"61716",4610,922,3688
"61717",3485,697,2788
"61718",4215,843,3372
"61719",3790,758,3032
"61720",3775,755,3020
"61721",4500,900,3600
"61722",5495,1099,4396
"61723",4055,811,3244
"61724",5265,1053,4212
"61725",3980,796,3184
"61726",3940,788,3152
"61727",3945,789,3156
"61728",5315,1063,4252
"61729",3820,764,3056
"61730",4915,983,3932
"61731",6260,1252,5008
"61732",6820,1364,5456
"61733",5055,1011,4044
"61734",4875,975,3900
"61735",4300,860,3440
"61736",4100,820,3280
"61737",3445,689,2756
"61738",4170,834,3336
"61739",4960,992,3968
"61740",3955,791,3164
"61741",3830,766,3064
"61742",4765,953,3812
"61743",6300,1260,5040
"61744",3625,725,2900
"61745",5635,1127,4508
"61746",3190,638,2552
"61747",5230,1046,4184
"61748",4475,895,3580
"61749",4025,805,3220
"61750",4550,910,3640
"61751",5720,1144,4576
"61752",4835,967,3868
"61753",5445,1089,4356
"61754",5845,1169,4676
"61755",5015,1003,4012
"61756",5885,1177,4708
"61757",4680,936,3744
"61758",4400,880,3520
"61759",3615,723,2892
"61760",4095,819,3276
"61761",5385,1077,4308
"61762",3585,717,2868
"61763",4030,806,3224
"61764",5415,1083,4332
"61765",4465,893,3572
"61766",4135,827,3308
"61767",3605,721,2884
"61768",4140,828,3312
"61769",6715,1343,5372
"61770",3875,775,3100
"61771",4480,896,3584
"61772",4145,829,3316
"61773",3655,731,2924
"61774",4065,813,3252
"61775",6535,1307,5228
"61776",5640,1128,4512
"61777",4350,870,3480
"61778",5135,1027,4108
"61779",5465,1093,4372
"61780",4045,809,3236
"61781",4255,851,3404
"61782",3860,772,3088
"61783",4335,867,3468
"61784",5200,1040,4160
"61785",4880,976,3904
"61786",4530,906,3624
"61787",4935,987,3948
"61788",5395,1079,4316
"61789",3545,709,2836
"61790",4340,868,3472
"61791",5670,1134,4536
"61792",3895,779,3116
"61793",5400,1080,4320
"61794",4470,894,3576
"61795",4430,886,3544
"61796",4940,988,3952
"61797",6545,1309,5236
"61798",4740,948,3792
"61799",4935,987,3948
"61800",4315,863,3452
"61801",4195,839,3356
"61802",5030,1006,4024
"61803",4180,836,3344
"61804",4655,931,3724
"61805",5230,1046,4184
"61806",4125,825,3300
"61807",6615,1323,5292
"61808",4570,914,3656
"61809",4055,811,3244
"61810",6235,1247,4988
"61811",5390,1078,4312
"61812",3380,676,2704
"61813",3840,768,3072
"61814",4025,805,3220
"61815",5725,1145,4580
"61816",4230,846,3384
"61817",5085,1017,4068
"61818",7560,1512,6048
"61819",4915,983,3932
"61820",4600,920,3680
"61821",5020,1004,4016
"61822",5275,1055,4220
"61823",4760,952,3808
"61824",7350,1470,5880
"61825",3750,750,3000
"61826",4640,928,3712
"61827",3865,773,3092
"61828",4765,953,3812
"61829",5040,1008,4032
"61830",4795,959,3836
"61831",3960,792,3168
"61832",4020,804,3216
"61833",4870,974,3896
"61834",6085,1217,4868
"61835",5470,1094,4376
"61836",4745,949,3796
"61837",4715,943,3772
"61838",7410,1482,5928
"61839",4465,893,3572
"61840",4555,911,3644
"61841",5275,1055,4220
"61842",5885,1177,4708
"61843",4740,948,3792
"61844",4500,900,3600
"61845",3730,746,2984
"61846",3930,786,3144
"61847",3890,778,3112
"61848",3990,798,3192
"61849",4220,844,3376
"61850",4145,829,3316
"61851",3880,776,3104
"61852",5140,1028,4112
"61853",4165,833,3332
"61854",4125,825,3300
"61855",4840,968,3872
"61856",3735,747,2988
"61857",4395,879,3516
"61858",4085,817,3268
"61859",4645,929,3716
"61860",3850,770,3080
"61861",4900,980,3920
"61862",4165,833,3332
"61863",5185,1037,4148
"61864",5180,1036,4144
"61865",4390,878,3512
"61866",4415,883,3532
"61867",5230,1046,4184
"61868",4440,888,3552
"61869",6240,1248,4992
"61870",4305,861,3444
"61871",3890,778,3112
"61872",4580,916,3664
"61873",5120,1024,4096
"61874",4295,859,3436
"61875",3685,737,2948
"61876",5255,1051,4204
"61877",5885,1177,4708
"61878",4715,943,3772
"61879",5915,1183,4732
"61880",5525,1105,4420
"61881",4330,866,3464
"61882",4295,859,3436
"61883",4375,875,3500
"61884",5840,1168,4672
"61885",5275,1055,4220
"61886",5100,1020,4080
"61887",5490,1098,4392
"61888",4795,959,3836
"61889",5240,1048,4192
"61890",3605,721,2884
"61891",3960,792,3168
"61892",4810,962,3848
"61893",5440,1088,4352
"61894",4525,905,3620
"61895",4545,909,3636
"61896",4315,863,3452
"61897",3665,733,2932
"61898",5690,1138,4552
"61899",5310,1062,4248
"61900",3815,763,3052
"61901",4435,887,3548
"61902",4085,817,3268
"61903",4290,858,3432
"61904",6230,1246,4984
"61905",3490,698,2792
"61906",6435,1287,5148
"61907",4990,998,3992
"61908",5360,1072,4288
"61909",3590,718,2872
"61910",4170,834,3336
"61911",4795,959,3836
"61912",3755,751,3004
"61913",4370,874,3496
"61914",5820,1164,4656
"61915",3915,783,3132
"61916",5785,1157,4628
"61917",4330,866,3464
"61918",4205,841,3364
"61919",4755,951,3804
"61920",5945,1189,4756
"61921",3800,760,3040
"61922",4325,865,3460
"61923",4745,949,3796
"61924",5070,1014,4056
"61925",4795,959,3836
"61926",4380,876,3504
"61927",4610,922,3688
"61928",3630,726,2904
"61929",4535,907,3628
"61930",5130,1026,4104
"61931",4570,914,3656
"61932",4840,968,3872
"61933",6795,1359,5436
"61934",5105,1021,4084
"61935",4155,831,3324
"61936",4410,882,3528
"61937",4680,936,3744
"61938",4670,934,3736
"61939",4350,870,3480
"61940",5155,1031,4124
"61941",5710,1142,4568
"61942",3890,778,3112
"61943",4375,875,3500
"61944",6000,1200,4800
"61945",4270,854,3416
"61946",4465,893,3572
"61947",5485,1097,4388
"61948",4475,895,3580
"61949",3775,755,3020
"61950",4760,952,3808
"61951",4320,864,3456
"61952",5765,1153,4612
"61953",4585,917,3668
"61954",5745,1149,4596
"61955",5195,1039,4156
"61956",5150,1030,4120
"61957",3640,728,2912
"61958",5080,1016,4064
"61959",4035,807,3228
"61960",5280,1056,4224
"61961",4700,940,3760
"61962",4390,878,3512
"61963",4650,930,3720
"61964",4455,891,3564
"61965",4220,844,3376
"61966",4525,905,3620
"61967",4230,846,3384
"61968",4750,950,3800
"61969",5745,1149,4596
"61970",4810,962,3848
"61971",4855,971,3884
"61972",4805,961,3844
"61973",3550,710,2840
"61974",5060,1012,4048
"61975",4085,817,3268
"61976",4470,894,3576
"61977",3900,780,3120
"61978",6705,1341,5364
"61979",5585,1117,4468
"61980",3455,691,2764
"61981",3885,777,3108
"61982",5235,1047,4188
"61983",4745,949,3796
"61984",4175,835,3340
"61985",4185,837,3348
"61986",6415,1283,5132
"61987",3765,753,3012
"61988",3340,668,2672
"61989",4485,897,3588
"61990",4225,845,3380
"61991",5720,1144,4576
"61992",6300,1260,5040
"61993",4880,976,3904
"61994",5565,1113,4452
"61995",4160,832,3328
"61996",3730,746,2984
"61997",4350,870,3480
"61998",4970,994,3976
"61999",3750,750,3000
"62000",4310,862,3448
"62001",4150,830,3320
"62002",4240,848,3392
"62003",6260,1252,5008
"62004",5075,1015,4060
"62005",4040,808,3232
"62006",4420,884,3536
"62007",4350,870,3480
"62008",5025,1005,4020
"62009",6115,1223,4892
"62010",3775,755,3020
"62011",4545,909,3636
"62012",5085,1017,4068
"62013",4580,916,3664
"62014",3950,790,3160
"62015",4195,839,3356
"62016",4315,863,3452
"62017",4100,820,3280
"62018",5340,1068,4272
"62019",4040,808,3232
"62020",4865,973,3892
"62021",4565,913,3652
"62022",4705,941,3764
"62023",4000,800,3200
"62024",4935,987,3948
"62025",4070,814,3256
"62026",4760,952,3808
"62027",5105,1021,4084
"62028",5050,1010,4040
"62029",3655,731,2924
"62030",6200,1240,4960
"62031",4470,894,3576
"62032",6880,1376,5504
"62033",5385,1077,4308
"62034",5330,1066,4264
"62035",5895,1179,4716
"62036",6675,1335,5340
"62037",4675,935,3740
"62038",3655,731,2924
"62039",6470,1294,5176
"62040",5160,1032,4128
"62041",5520,1104,4416
"62042",5210,1042,4168
"62043",5040,1008,4032
"62044",3710,742,2968
"62045",4155,831,3324
"62046",4120,824,3296
"62047",4680,936,3744
"62048",4065,813,3252
"62049",4145,829,3316
"62050",4875,975,3900
"62051",4030,806,3224
"62052",5270,1054,4216
"62053",3195,639,2556
"62054",4690,938,3752
"62055",4360,872,3488
"62056",3910,782,3128
"62057",5470,1094,4376
"62058",4705,941,3764
"62059",4220,844,3376
"62060",4490,898,3592
"62061",5095,1019,4076
"62062",4075,815,3260
"62063",5080,1016,4064
"62064",4635,927,3708
"62065",4275,855,3420
"62066",4715,943,3772
"62067",4040,808,3232
"62068",4635,927,3708
"62069",3610,722,2888
"62070",6160,1232,4928
"62071",4105,821,3284
"62072",3715,743,2972
"62073",6280,1256,5024
"62074",4560,912,3648
"62075",3305,661,2644
"62076",4730,946,3784
"62077",5690,1138,4552
"62078",5475,1095,4380
"62079",4045,809,3236
"62080",4190,838,3352
"62081",5300,1060,4240
"62082",7385,1477,5908
"62083",4765,953,3812
"62084",3875,775,3100
"62085",5520,1104,4416
"62086",4260,852,3408
"62087",4105,821,3284
"62088",3630,726,2904
"62089",4500,900,3600
"62090",4320,864,3456
"62091",4150,830,3320
"62092",4670,934,3736
"62093",5550,1110,4440
"62094",3485,697,2788
"62095",4675,935,3740
"62096",5170,1034,4136
"62097",3805,761,3044
"62098",4455,891,3564
"62099",4495,899,3596
"62100",4165,833,3332
"62101",4380,876,3504
"62102",5645,1129,4516
"62103",4585,917,3668
"62104",4715,943,3772
"62105",4585,917,3668
"62106",3855,771,3084
"62107",4360,872,3488
"62108",4655,931,3724
"62109",4115,823,3292
"62110",4640,928,3712
"62111",4870,974,3896
"62112",3605,721,2884
"62113",4415,883,3532
"62114",3975,795,3180
"62115",4185,837,3348
"62116",3600,720,2880
"62117",4050,810,3240
"62118",4460,892,3568
"62119",3585,717,2868
"62120",5925,1185,4740
"62121",6525,1305,5220
"62122",6885,1377,5508
"62123",4585,917,3668
"62124",4295,859,3436
"62125",3960,792,3168
"62126",4590,918,3672
"62127",3685,737,2948
"62128",3725,745,2980
"62129",4240,848,3392
"62130",5085,1017,4068
"62131",5405,1081,4324
"62132",4810,962,3848
"62133",5225,1045,4180
"62134",3985,797,3188
"62135",3845,769,3076
"62136",4325,865,3460
"62137",4935,987,3948
"62138",3455,691,2764
"62139",3805,761,3044
"62140",5455,1091,4364
"62141",3725,745,2980
"62142",4695,939,3756
"62143",5885,1177,4708
"62144",5520,1104,4416
"62145",5350,1070,4280
"62146",6980,1396,5584
"62147",3875,775,3100
"62148",5240,1048,4192
"62149",4225,845,3380
"62150",4620,924,3696
"62151",4670,934,3736
"62152",5950,1190,4760
"62153",4175,835,3340
"62154",6210,1242,4968
"62155",3940,788,3152
"62156",6165,1233,4932
"62157",3810,762,3048
"62158",4500,900,3600
"62159",6155,1231,4924
"62160",4190,838,3352
"62161",3875,775,3100
"62162",4635,927,3708
"62163",4220,844,3376
"62164",5325,1065,4260
"62165",4720,944,3776
"62166",5645,1129,4516
"62167",5010,1002,4008
"62168",4405,881,3524
"62169",7675,1535,6140
"62170",5090,1018,4072
"62171",5330,1066,4264
"62172",5070,1014,4056
"62173",5100,1020,4080
"62174",3910,782,3128
"62175",4460,892,3568
"62176",3390,678,2712
"62177",5640,1128,4512
"62178",4490,898,3592
"62179",4375,875,3500
"62180",4790,958,3832
"62181",4735,947,3788
"62182",3790,758,3032
"62183",4955,991,3964
"62184",3675,735,2940
"62185",3840,768,3072
"62186",4210,842,3368
"62187",4815,963,3852
"62188",5315,1063,4252
"62189",4645,929,3716
"62190",4070,814,3256
"62191",4020,804,3216
"62192",4080,816,3264
"62193",6150,1230,4920
"62194",4345,869,3476
"62195",3980,796,3184
"62196",4075,815,3260
"62197",4205,841,3364
"62198",4045,809,3236
"62199",5170,1034,4136
"62200",4230,846,3384
"62201",4760,952,3808
"62202",5360,1072,4288
"62203",4795,959,3836
"62204",4950,990,3960
"62205",5550,1110,4440
"62206",4745,949,3796
"62207",4735,947,3788
"62208",5405,1081,4324
"62209",4560,912,3648
"62210",5355,1071,4284
"62211",3950,790,3160
"62212",4815,963,3852
"62213",4280,856,3424
"62214",5100,1020,4080
"62215",5815,1163,4652
"62216",5390,1078,4312
"62217",3900,780,3120
"62218",4920,984,3936
"62219",4620,924,3696
"62220",4565,913,3652
"62221",4450,890,3560
"62222",4300,860,3440
"62223",4280,856,3424
"62224",3620,724,2896
"62225",4665,933,3732
"62226",5840,1168,4672
"62227",5430,1086,4344
"62228",4045,809,3236
"62229",6495,1299,5196
"62230",3705,741,2964
"62231",4390,878,3512
"62232",5105,1021,4084
"62233",4515,903,3612
"62234",7175,1435,5740
"62235",6010,1202,4808
"62236",4900,980,3920
"62237",3650,730,2920
"62238",4520,904,3616
"62239",6265,1253,5012
"62240",4390,878,3512
"62241",5950,1190,4760
"62242",5700,1140,4560
"62243",4050,810,3240
"62244",5150,1030,4120
"62245",4675,935,3740
"62246",4980,996,3984
"62247",3930,786,3144
"62248",5175,1035,4140
"62249",4905,981,3924
"62250",4580,916,3664
"62251",4125,825,3300
"62252",3820,764,3056
"62253",5580,1116,4464
"62254",4835,967,3868
"62255",5715,1143,4572
"62256",4975,995,3980
"62257",4535,907,3628
"62258",4985,997,3988
"62259",5205,1041,4164
"62260",3795,759,3036
"62261",4820,964,3856
"62262",5255,1051,4204
"62263",5130,1026,4104
"62264",3760,752,3008
"62265",4260,852,3408
"62266",4015,803,3212
"62267",4205,841,3364
"62268",5470,1094,4376
"62269",4400,880,3520
"62270",5010,1002,4008
"62271",4635,927,3708
"62272",4155,831,3324
"62273",3710,742,2968
"62274",4380,876,3504
"62275",3430,686,2744
"62276",4025,805,3220
"62277",5335,1067,4268
"62278",3880,776,3104
"62279",3390,678,2712
"62280",5215,1043,4172
"62281",3915,783,3132
"62282",5795,1159,4636
"62283",4185,837,3348
"62284",4900,980,3920
"62285",5620,1124,4496
"62286",5205,1041,4164
"62287",4505,901,3604
"62288",5780,1156,4624
"62289",6205,1241,4964
"62290",6150,1230,4920
"62291",5565,1113,4452
"62292",4135,827,3308
"62293",3755,751,3004
"62294",3205,641,2564
"62295",5340,1068,4272
"62296",3960,792,3168
"62297",3610,722,2888
"62298",4240,848,3392
"62299",5655,1131,4524
"62300",4850,970,3880
"62301",5625,1125,4500
"62302",5745,1149,4596
"62303",6850,1370,5480
"62304",6565,1313,5252
"62305",3625,725,2900
"62306",4900,980,3920
"62307",6080,1216,4864
"62308",4490,898,3592
"62309",4935,987,3948
"62310",6545,1309,5236
"62311",4705,941,3764
"62312",6155,1231,4924
"62313",3950,790,3160
"62314",4500,900,3600
"62315",3835,767,3068
"62316",4895,979,3916
"62317",4650,930,3720
"62318",4620,924,3696
"62319",4710,942,3768
"62320",4470,894,3576
"62321",6035,1207,4828
"62322",4870,974,3896
"62323",6715,1343,5372
"62324",3790,758,3032
"62325",4315,863,3452
"62326",4500,900,3600
"62327",5360,1072,4288
"62328",4090,818,3272
"62329",4140,828,3312
"62330",4055,811,3244
"62331",4300,860,3440
"62332",3845,769,3076
"62333",3365,673,2692
"62334",4745,949,3796
"62335",3745,749,2996
"62336",3740,748,2992
"62337",4625,925,3700
"62338",3910,782,3128
"62339",6000,1200,4800
"62340",4480,896,3584
"62341",4065,813,3252
"62342",6090,1218,4872
"62343",3690,738,2952
"62344",3685,737,2948
"62345",3665,733,2932
"62346",4200,840,3360
"62347",4220,844,3376
"62348",3735,747,2988
"62349",4295,859,3436
"62350",5660,1132,4528
"62351",6475,1295,5180
"62352",5055,1011,4044
"62353",3910,782,3128
"62354",4270,854,3416
"62355",3750,750,3000
"62356",4590,918,3672
"62357",6060,1212,4848
"62358",4430,886,3544
"62359",4565,913,3652
"62360",3290,658,2632
"62361",4250,850,3400
"62362",4450,890,3560
"62363",3760,752,3008
"62364",4045,809,3236
"62365",5650,1130,4520
"62366",3725,745,2980
"62367",5355,1071,4284
"62368",4625,925,3700
"62369",4075,815,3260
"62370",5140,1028,4112
"62371",6925,1385,5540
"62372",4610,922,3688
"62373",4505,901,3604
"62374",4955,991,3964
"62375",5350,1070,4280
"62376",3890,778,3112
"62377",4625,925,3700
"62378",6235,1247,4988
"62379",5275,1055,4220
"62380",4935,987,3948
"62381",4335,867,3468
"62382",5280,1056,4224
"62383",4680,936,3744
"62384",4345,869,3476
"62385",4780,956,3824
"62386",5050,1010,4040
"62387",5845,1169,4676
"62388",5045,1009,4036
"62389",4425,885,3540
"62390",5340,1068,4272
"62391",5285,1057,4228
"62392",3695,739,2956
"62393",6360,1272,5088
"62394",5345,1069,4276
"62395",4890,978,3912
"62396",4915,983,3932
"62397",6355,1271,5084
"62398",4175,835,3340
"62399",4480,896,3584
"62400",5060,1012,4048
"62401",4895,979,3916
"62402",6250,1250,5000
"62403",4945,989,3956
"62404",3820,764,3056
"62405",4770,954,3816
"62406",4215,843,3372
"62407",5190,1038,4152
"62408",4740,948,3792
"62409",3805,761,3044
"62410",4510,902,3608
"62411",4435,887,3548
"62412",4670,934,3736
"62413",4770,954,3816
"62414",6255,1251,5004
"62415",5270,1054,4216
"62416",3990,798,3192
"62417",3385,677,2708
"62418",7015,1403,5612
"62419",6310,1262,5048
"62420",5230,1046,4184
"62421",4445,889,3556
"62422",4440,888,3552
"62423",3865,773,3092
"62424",4180,836,3344
"62425",4220,844,3376
"62426",5320,1064,4256
"62427",4985,997,3988
"62428",4380,876,3504
"62429",5560,1112,4448
"62430",3955,791,3164
"62431",5955,1191,4764
"62432",4610,922,3688
"62433",4455,891,3564
"62434",4535,907,3628
"62435",4890,978,3912
"62436",4235,847,3388
"62437",4270,854,3416
"62438",3885,777,3108
"62439",4385,877,3508
"62440",5200,1040,4160
"62441",5215,1043,4172
"62442",4205,841,3364
"62443",5015,1003,4012
"62444",4020,804,3216
"62445",6780,1356,5424
"62446",4920,984,3936
"62447",3910,782,3128
"62448",4085,817,3268
"62449",3570,714,2856
"62450",3660,732,2928
"62451",3825,765,3060
"62452",4170,834,3336
"62453",4910,982,3928
"62454",3995,799,3196
"62455",5890,1178,4712
"62456",5120,1024,4096
"62457",4200,840,3360
"62458",4200,840,3360
"62459",3965,793,3172
"62460",4910,982,3928
"62461",4450,890,3560
"62462",3590,718,2872
"62463",5230,1046,4184
"62464",4255,851,3404
"62465",6045,1209,4836
"62466",5360,1072,4288
"62467",4660,932,3728
"62468",3860,772,3088
"62469",3665,733,2932
"62470",4350,870,3480
"62471",5795,1159,4636
"62472",4690,938,3752
"62473",6090,1218,4872
"62474",4460,892,3568
"62475",4635,927,3708
"62476",4720,944,3776
"62477",3960,792,3168
"62478",3720,744,2976
"62479",4585,917,3668
"62480",5685,1137,4548
"62481",4285,857,3428
"62482",7395,1479,5916
"62483",4750,950,3800
"62484",4375,875,3500
"62485",5150,1030,4120
"62486",4130,826,3304
"62487",4510,902,3608
"62488",5065,1013,4052
"62489",4855,971,3884
"62490",4745,949,3796
"62491",5200,1040,4160
"62492",4655,931,3724
"62493",4860,972,3888
"62494",4645,929,3716
"62495",4585,917,3668
"62496",4485,897,3588
"62497",3185,637,2548
"62498",3875,775,3100
"62499",4940,988,3952
"62500",4160,832,3328
"62501",6465,1293,5172
"62502",4155,831,3324
"62503",7670,1534,6136
"62504",6040,1208,4832
"62505",5625,1125,4500
"62506",4985,997,3988
"62507",7150,1430,5720
"62508",4960,992,3968
"62509",4975,995,3980
"62510",4595,919,3676
"62511",5090,1018,4072
"62512",4510,902,3608
"62513",5475,1095,4380
"62514",3445,689,2756
"62515",4470,894,3576
"62516",5125,1025,4100
"62517",5015,1003,4012
"62518",3710,742,2968
"62519",3530,706,2824
"62520",4070,814,3256
"62521",3830,766,3064
"62522",4700,940,3760
"62523",4440,888,3552
"62524",4450,890,3560
"62525",4010,802,3208
"62526",4405,881,3524
"62527",4490,898,3592
"62528",3885,777,3108
"62529",4750,950,3800
"62530",4955,991,3964
"62531",5430,1086,4344
"62532",5180,1036,4144
"62533",4985,997,3988
"62534",3960,792,3168
"62535",4790,958,3832
"62536",5230,1046,4184
"62537",5925,1185,4740
"62538",4755,951,3804
"62539",6700,1340,5360
"62540",4635,927,3708
"62541",5295,1059,4236
"62542",4385,877,3508
"62543",4550,910,3640
"62544",6705,1341,5364
"62545",4610,922,3688
"62546",4325,865,3460
"62547",4460,892,3568
"62548",5190,1038,4152
"62549",3400,680,2720
"62550",4315,863,3452
"62551",5550,1110,4440
"62552",4490,898,3592
"62553",3595,719,2876
"62554",5680,1136,4544
"62555",5835,1167,4668
"62556",3810,762,3048
"62557",4355,871,3484
"62558",4765,953,3812
"62559",4710,942,3768
"62560",5790,1158,4632
"62561",4070,814,3256
"62562",6715,1343,5372
"62563",4020,804,3216
"62564",3835,767,3068
"62565",3960,792,3168
"62566",5550,1110,4440
"62567",5105,1021,4084
"62568",3865,773,3092
"62569",5055,1011,4044
"62570",4565,913,3652
"62571",5225,1045,4180
"62572",4640,928,3712
"62573",4220,844,3376
"62574",4135,827,3308
"62575",3540,708,2832
"62576",4620,924,3696
"62577",4520,904,3616
"62578",5195,1039,4156
"62579",5830,1166,4664
"62580",5490,1098,4392
"62581",4670,934,3736
"62582",5090,1018,4072
"62583",6930,1386,5544
"62584",3555,711,2844
"62585",4820,964,3856
"62586",4815,963,3852
"62587",3500,700,2800
"62588",5520,1104,4416
"62589",4945,989,3956
"62590",5750,1150,4600
"62591",4075,815,3260
"62592",4485,897,3588
"62593",4295,859,3436
"62594",4360,872,3488
"62595",3730,746,2984
"62596",4850,970,3880
"62597",3920,784,3136
"62598",3525,705,2820
"62599",6240,1248,4992
"62600",3755,751,3004
"62601",4190,838,3352
"62602",4980,996,3984
"62603",3700,740,2960
"62604",4530,906,3624
"62605",5155,1031,4124
"62606",5905,1181,4724
"62607",5060,1012,4048
"62608",4580,916,3664
"62609",4555,911,3644
"62610",4920,984,3936
"62611",5190,1038,4152
"62612",4470,894,3576
"62613",4140,828,3312
"62614",5110,1022,4088
"62615",4955,991,3964
"62616",5860,1172,4688
"62617",5275,1055,4220
"62618",6000,1200,4800
"62619",4685,937,3748
"62620",4880,976,3904
"62621",4485,897,3588
"62622",4685,937,3748
"62623",3520,704,2816
"62624",3835,767,3068
"62625",4540,908,3632
"62626",4270,854,3416
"62627",3950,790,3160
"62628",5910,1182,4728
"62629",4750,950,3800
"62630",5090,1018,4072
"62631",4860,972,3888
"62632",4340,868,3472
"62633",5380,1076,4304
"62634",4035,807,3228
"62635",4595,919,3676
"62636",4700,940,3760
"62637",4145,829,3316
"62638",4630,926,3704
"62639",5525,1105,4420
"62640",4345,869,3476
"62641",4695,939,3756
"62642",4670,934,3736
"62643",4780,956,3824
"62644",5015,1003,4012
"62645",4085,817,3268
"62646",4395,879,3516
"62647",5215,1043,4172
"62648",4395,879,3516
"62649",4030,806,3224
"62650",4205,841,3364
"62651",3275,655,2620
"62652",5290,1058,4232
"62653",5745,1149,4596
"62654",4130,826,3304
"62655",4190,838,3352
"62656",4550,910,3640
"62657",5280,1056,4224
"62658",4850,970,3880
"62659",3915,783,3132
"62660",4365,873,3492
"62661",3840,768,3072
"62662",4220,844,3376
"62663",4650,930,3720
"62664",4950,990,3960
"62665",4200,840,3360
"62666",4285,857,3428
"62667",4070,814,3256
"62668",4890,978,3912
"62669",5735,1147,4588
"62670",6175,1235,4940
"62671",5825,1165,4660
"62672",5710,1142,4568
"62673",3905,781,3124
"62674",5080,1016,4064
"62675",4580,916,3664
"62676",4275,855,3420
"62677",5435,1087,4348
"62678",4765,953,3812
"62679",5225,1045,4180
"62680",3975,795,3180
"62681",4010,802,3208
"62682",4785,957,3828
"62683",4005,801,3204
"62684",5195,1039,4156
"62685",7085,1417,5668
"62686",4540,908,3632
"62687",5955,1191,4764
"62688",4835,967,3868
"62689",5655,1131,4524
"62690",4030,806,3224
"62691",5245,1049,4196
"62692",3665,733,2932
"62693",4625,925,3700
"62694",4865,973,3892
"62695",4530,906,3624
"62696",4460,892,3568
"62697",4510,902,3608
"62698",4365,873,3492
"62699",5775,1155,4620
"62700",4690,938,3752
"62701",4360,872,3488
"62702",4175,835,3340
"62703",4685,937,3748
"62704",4260,852,3408
"62705",3785,757,3028
"62706",5590,1118,4472
"62707",4900,980,3920
"62708",5435,1087,4348
"62709",4960,992,3968
"62710",4780,956,3824
"62711",5355,1071,4284
"62712",5415,1083,4332
"62713",4620,924,3696
"62714",3550,710,2840
"62715",3625,725,2900
"62716",4865,973,3892
"62717",5565,1113,4452
"62718",4360,872,3488
"62719",3720,744,2976
"62720",4950,990,3960
"62721",5480,1096,4384
"62722",4420,884,3536
"62723",5445,1089,4356
"62724",4355,871,3484
"62725",3875,775,3100
"62726",5295,1059,4236
"62727",3950,790,3160
"62728",5370,1074,4296
"62729",5025,1005,4020
"62730",4190,838,3352
"62731",4160,832,3328
"62732",4210,842,3368
"62733",4230,846,3384
"62734",4905,981,3924
"62735",4320,864,3456
"62736",3555,711,2844
"62737",5155,1031,4124
"62738",5480,1096,4384
"62739",4135,827,3308
"62740",4110,822,3288
"62741",4120,824,3296
"62742",5845,1169,4676
"62743",4070,814,3256
"62744",3770,754,3016
"62745",5035,1007,4028
"62746",4875,975,3900
"62747",4225,845,3380
"62748",5180,1036,4144
"62749",3905,781,3124
"62750",5415,1083,4332
"62751",4340,868,3472
"62752",4000,800,3200
"62753",3685,737,2948
"62754",4945,989,3956
"62755",3905,781,3124
"62756",4485,897,3588
"62757",4540,908,3632
"62758",4695,939,3756
"62759",4745,949,3796
"62760",5175,1035,4140
"62761",4710,942,3768
"62762",4270,854,3416
"62763",4460,892,3568
"62764",5445,1089,4356
"62765",4550,910,3640
"62766",3735,747,2988
"62767",3955,791,3164
"62768",4450,890,3560
"62769",4045,809,3236
"62770",3985,797,3188
"62771",3940,788,3152
"62772",6495,1299,5196
"62773",4600,920,3680
"62774",5025,1005,4020
"62775",4725,945,3780
"62776",6200,1240,4960
"62777",4590,918,3672
"62778",3630,726,2904
"62779",4775,955,3820
"62780",5460,1092,4368
"62781",4085,817,3268
"62782",4140,828,3312
"62783",4030,806,3224
"62784",7640,1528,6112
"62785",5465,1093,4372
"62786",5035,1007,4028
"62787",4835,967,3868
"62788",4940,988,3952
"62789",5090,1018,4072
"62790",3985,797,3188
"62791",5135,1027,4108
"62792",4635,927,3708
"62793",5760,1152,4608
"62794",4215,843,3372
"62795",4835,967,3868
"62796",4085,817,3268
"62797",5730,1146,4584
"62798",4070,814,3256
"62799",3840,768,3072
"62800",5080,1016,4064
"62801",4630,926,3704
"62802",3640,728,2912
"62803",3920,784,3136
"62804",4590,918,3672
"62805",4400,880,3520
"62806",5385,1077,4308
"62807",6085,1217,4868
"62808",4490,898,3592
"62809",4005,801,3204
"62810",3880,776,3104
"62811",5305,1061,4244
"62812",4595,919,3676
"62813",4515,903,3612
"62814",5980,1196,4784
"62815",4725,945,3780
"62816",4120,824,3296
"62817",5190,1038,4152
"62818",5325,1065,4260
"62819",3895,779,3116
"62820",3600,720,2880
"62821",5215,1043,4172
"62822",6370,1274,5096
"62823",3610,722,2888
"62824",3935,787,3148
"62825",9150,1830,7320
"62826",5600,1120,4480
"62827",3620,724,2896
"62828",4280,856,3424
"62829",5135,1027,4108
"62830",3985,797,3188
"62831",5295,1059,4236
"62832",4435,887,3548
"62833",6420,1284,5136
"62834",4540,908,3632
"62835",4800,960,3840
"62836",7185,1437,5748
"62837",4080,816,3264
"62838",7355,1471,5884
"62839",5975,1195,4780
"62840",4755,951,3804
"62841",4595,919,3676
"62842",4950,990,3960
"62843",3695,739,2956
"62844",4240,848,3392
"62845",3750,750,3000
"62846",3825,765,3060
"62847",6385,1277,5108
"62848",4825,965,3860
"62849",4030,806,3224
"62850",4225,845,3380
"62851",4640,928,3712
"62852",5590,1118,4472
"62853",5090,1018,4072
"62854",5265,1053,4212
"62855",5695,1139,4556
"62856",4910,982,3928
"62857",4715,943,3772
"62858",3945,789,3156
"62859",3730,746,2984
"62860",5065,1013,4052
"62861",4985,997,3988
"62862",4570,914,3656
"62863",4400,880,3520
"62864",5425,1085,4340
"62865",5165,1033,4132
"62866",4595,919,3676
"62867",7005,1401,5604
"62868",5590,1118,4472
"62869",5315,1063,4252
"62870",9295,1859,7436
"62871",4300,860,3440
"62872",4755,951,3804
"62873",3455,691,2764
"62874",4115,823,3292
"62875",6030,1206,4824
"62876",3530,706,2824
"62877",4050,810,3240
"62878",4095,819,3276
"62879",3975,795,3180
"62880",6485,1297,5188
"62881",5490,1098,4392
"62882",4795,959,3836
"62883",5620,1124,4496
"62884",4300,860,3440
"62885",4070,814,3256
"62886",4255,851,3404
"62887",5700,1140,4560
"62888",3945,789,3156
"62889",4825,965,3860
"62890",4275,855,3420
"62891",4230,846,3384
"62892",4870,974,3896
"62893",4330,866,3464
"62894",3805,761,3044
"62895",3645,729,2916
"62896",4370,874,3496
"62897",3535,707,2828
"62898",4570,914,3656
"62899",4115,823,3292
"62900",4605,921,3684
"62901",4550,910,3640
"62902",4585,917,3668
"62903",4680,936,3744
"62904",3945,789,3156
"62905",5390,1078,4312
"62906",4300,860,3440
"62907",4115,823,3292
"62908",5750,1150,4600
"62909",5360,1072,4288
"62910",5265,1053,4212
"62911",5625,1125,4500
"62912",4095,819,3276
"62913",3335,667,2668
"62914",4610,922,3688
"62915",3525,705,2820
"62916",7225,1445,5780
"62917",4150,830,3320
"62918",4280,856,3424
"62919",3720,744,2976
"62920",4600,920,3680
"62921",3635,727,2908
"62922",4950,990,3960
"62923",3630,726,2904
"62924",5380,1076,4304
"62925",3950,790,3160
"62926",3570,714,2856
"62927",3985,797,3188
"62928",4365,873,3492
"62929",4805,961,3844
"62930",5045,1009,4036
"62931",4315,863,3452
"62932",4860,972,3888
"62933",4105,821,3284
"62934",4520,904,3616
"62935",3870,774,3096
"62936",4680,936,3744
"62937",5015,1003,4012
"62938",3725,745,2980
"62939",6960,1392,5568
"62940",4085,817,3268
"62941",4850,970,3880
"62942",4760,952,3808
"62943",5045,1009,4036
"62944",4675,935,3740
"62945",5600,1120,4480
"62946",4090,818,3272
"62947",5865,1173,4692
"62948",6260,1252,5008
"62949",4300,860,3440
"62950",4285,857,3428
"62951",3940,788,3152
"62952",4770,954,3816
"62953",3840,768,3072
"62954",4470,894,3576
"62955",4895,979,3916
"62956",4645,929,3716
"62957",3990,798,3192
"62958",3990,798,3192
"62959",4075,815,3260
"62960",3470,694,2776
"62961",4765,953,3812
"62962",5935,1187,4748
"62963",4970,994,3976
"62964",3935,787,3148
"62965",3710,742,2968
"62966",3955,791,3164
"62967",4410,882,3528
"62968",5155,1031,4124
"62969",6115,1223,4892
"62970",4465,893,3572
"62971",4485,897,3588
"62972",4305,861,3444
"62973",3815,763,3052
"62974",5715,1143,4572
"62975",4830,966,3864
"62976",4450,890,3560
"62977",4800,960,3840
"62978",4825,965,3860
"62979",3620,724,2896
"62980",4555,911,3644
"62981",3940,788,3152
"62982",3970,794,3176
"62983",5920,1184,4736
"62984",5900,1180,4720
"62985",5630,1126,4504
"62986",3655,731,2924
"62987",5555,1111,4444
"62988",4170,834,3336
"62989",5015,1003,4012
"62990",5745,1149,4596
"62991",4105,821,3284
"62992",6320,1264,5056
"62993",3995,799,3196
"62994",4845,969,3876
"62995",4405,881,3524
"62996",4090,818,3272
"62997",4440,888,3552
"62998",5615,1123,4492
"62999",5575,1115,4460
"63000",4405,881,3524
"63001",4885,977,3908
"63002",3940,788,3152
"63003",3440,688,2752
"63004",3845,769,3076
"63005",5010,1002,4008
"63006",3575,715,2860
"63007",4215,843,3372
"63008",4150,830,3320
"63009",4420,884,3536
"63010",4745,949,3796
"63011",6695,1339,5356
"63012",5625,1125,4500
"63013",5005,1001,4004
"63014",4045,809,3236
"63015",4940,988,3952
"63016",4700,940,3760
"63017",4050,810,3240
"63018",6005,1201,4804
"63019",4645,929,3716
"63020",5405,1081,4324
"63021",7005,1401,5604
"63022",4750,950,3800
"63023",4325,865,3460
"63024",3590,718,2872
"63025",5530,1106,4424
"63026",4650,930,3720
"63027",4525,905,3620
"63028",3590,718,2872
"63029",5630,1126,4504
"63030",4175,835,3340
"63031",4455,891,3564
"63032",3775,755,3020
"63033",4180,836,3344
"63034",5170,1034,4136
"63035",4725,945,3780
"63036",5920,1184,4736
"63037",4490,898,3592
"63038",4010,802,3208
"63039",5295,1059,4236
"63040",4605,921,3684
"63041",4350,870,3480
"63042",4150,830,3320
"63043",4260,852,3408
"63044",3875,775,3100
"63045",4060,812,3248
"63046",3940,788,3152
"63047",5175,1035,4140
"63048",6290,1258,5032
"63049",3605,721,2884
"63050",4605,921,3684
"63051",3625,725,2900
"63052",4930,986,3944
"63053",4110,822,3288
"63054",4515,903,3612
"63055",5180,1036,4144
"63056",4965,993,3972
"63057",4755,951,3804
"63058",4045,809,3236
"63059",5425,1085,4340
"63060",4360,872,3488
"63061",5315,1063,4252
"63062",5215,1043,4172
"63063",4880,976,3904
"63064",4000,800,3200
"63065",4530,906,3624
"63066",4245,849,3396
"63067",6785,1357,5428
"63068",4675,935,3740
"63069",4805,961,3844
"63070",4295,859,3436
"63071",4630,926,3704
"63072",4965,993,3972
"63073",4375,875,3500
"63074",3700,740,2960
"63075",3245,649,2596
"63076",4445,889,3556
"63077",4290,858,3432
"63078",4000,800,3200
"63079",3650,730,2920
"63080",4935,987,3948
"63081",5235,1047,4188
"63082",4240,848,3392
"63083",4120,824,3296
"63084",6030,1206,4824
"63085",7405,1481,5924
"63086",4495,899,3596
"63087",5065,1013,4052
"63088",4480,896,3584
"63089",4505,901,3604
"63090",5035,1007,4028
"63091",3710,742,2968
"63092",3920,784,3136
"63093",4055,811,3244
"63094",4845,969,3876
"63095",5720,1144,4576
"63096",4650,930,3720
"63097",3640,728,2912
"63098",4280,856,3424
"63099",4300,860,3440
"63100",3560,712,2848
"63101",4790,958,3832
"63102",4910,982,3928
"63103",5350,1070,4280
"63104",4575,915,3660
"63105",4855,971,3884
"63106",4700,940,3760
"63107",4630,926,3704
"63108",3830,766,3064
"63109",3940,788,3152
"63110",6455,1291,5164
"63111",7525,1505,6020
"63112",5795,1159,4636
"63113",3920,784,3136
"63114",6290,1258,5032
"63115",4810,962,3848
"63116",4295,859,3436
"63117",4465,893,3572
"63118",3950,790,3160
"63119",4665,933,3732
"63120",4185,837,3348
"63121",4110,822,3288
"63122",4455,891,3564
"63123",3745,749,2996
"63124",4540,908,3632
"63125",4700,940,3760
"63126",4745,949,3796
"63127",7600,1520,6080
"63128",4845,969,3876
"63129",4215,843,3372
"63130",5810,1162,4648
"63131",3740,748,2992
"63132",4640,928,3712
"63133",4340,868,3472
"63134",5470,1094,4376
"63135",5195,1039,4156
"63136",4710,942,3768
"63137",3490,698,2792
"63138",4935,987,3948
"63139",6020,1204,4816
"63140",5505,1101,4404
"63141",4395,879,3516
"63142",3550,710,2840
"63143",3480,696,2784
"63144",4245,849,3396
"63145",4855,971,3884
"63146",4865,973,3892
"63147",4410,882,3528
"63148",3820,764,3056
"63149",4560,912,3648
"63150",6060,1212,4848
"63151",4405,881,3524
"63152",4650,930,3720
"63153",5105,1021,4084
"63154",5790,1158,4632
"63155",3350,670,2680
"63156",4265,853,3412
"63157",3935,787,3148
"63158",4910,982,3928
"63159",3780,756,3024
"63160",4655,931,3724
"63161",4730,946,3784
"63162",5150,1030,4120
"63163",4115,823,3292
"63164",6680,1336,5344
"63165",5465,1093,4372
"63166",4905,981,3924
"63167",4285,857,3428
"63168",3825,765,3060
"63169",4085,817,3268
"63170",4365,873,3492
"63171",3880,776,3104
"63172",3800,760,3040
"63173",3695,739,2956
"63174",4705,941,3764
"63175",4075,815,3260
"63176",3840,768,3072
"63177",4345,869,3476
"63178",4900,980,3920
"63179",3965,793,3172
"63180",5770,1154,4616
"63181",3950,790,3160
"63182",5745,1149,4596
"63183",5265,1053,4212
"63184",4070,814,3256
"63185",5395,1079,4316
"63186",5295,1059,4236
"63187",4735,947,3788
"63188",4300,860,3440
"63189",5645,1129,4516
"63190",5375,1075,4300
"63191",4805,961,3844
"63192",4225,845,3380
"63193",6825,1365,5460
"63194",5450,1090,4360
"63195",5035,1007,4028
"63196",4925,985,3940
"63197",3970,794,3176
"63198",5750,1150,4600
"63199",4925,985,3940
"63200",4035,807,3228
"63201",3695,739,2956
"63202",3450,690,2760
"63203",4865,973,3892
"63204",4605,921,3684
"63205",4160,832,3328
"63206",4195,839,3356
"63207",4035,807,3228
"63208",3675,735,2940
"63209",5635,1127,4508
"63210",4045,809,3236
"63211",4970,994,3976
"63212",3670,734,2936
"63213",5370,1074,4296
"63214",4410,882,3528
"63215",3985,797,3188
"63216",4210,842,3368
"63217",5345,1069,4276
"63218",4640,928,3712
"63219",3890,778,3112
"63220",3540,708,2832
"63221",3760,752,3008
"63222",4570,914,3656
"63223",4555,911,3644
"63224",3895,779,3116
"63225",3985,797,3188
"63226",4755,951,3804
"63227",4060,812,3248
"63228",3480,696,2784
"63229",5940,1188,4752
"63230",5065,1013,4052
"63231",4530,906,3624
"63232",4375,875,3500
"63233",3960,792,3168
"63234",3615,723,2892
"63235",5725,1145,4580
"63236",4880,976,3904
"63237",4235,847,3388
"63238",3685,737,2948
"63239",4800,960,3840
"63240",5585,1117,4468
"63241",3755,751,3004
"63242",4605,921,3684
"63243",4000,800,3200
"63244",4760,952,3808
"63245",5615,1123,4492
"63246",3910,782,3128
"63247",4075,815,3260
"63248",5620,1124,4496
"63249",5185,1037,4148
"63250",4775,955,3820
"63251",7070,1414,5656
"63252",5350,1070,4280
"63253",4700,940,3760
"63254",3865,773,3092
"63255",4170,834,3336
"63256",4125,825,3300
"63257",4120,824,3296
"63258",5725,1145,4580
"63259",3890,778,3112
"63260",4655,931,3724
"63261",4690,938,3752
"63262",4085,817,3268
"63263",3700,740,2960
"63264",5825,1165,4660
"63265",4085,817,3268
"63266",4665,933,3732
"63267",4215,843,3372
"63268",3850,770,3080
"63269",4295,859,3436
"63270",4590,918,3672
"63271",4030,806,3224
"63272",5330,1066,4264
"63273",5595,1119,4476
"63274",5870,1174,4696
"63275",5695,1139,4556
"63276",5980,1196,4784
"63277",5565,1113,4452
"63278",4075,815,3260
"63279",3420,684,2736
"63280",3825,765,3060
"63281",4615,923,3692
"63282",4450,890,3560
"63283",4445,889,3556
"63284",4405,881,3524
"63285",3760,752,3008
"63286",3830,766,3064
"63287",4415,883,3532
"63288",3910,782,3128
"63289",4110,822,3288
"63290",4600,920,3680
"63291",4265,853,3412
"63292",4370,874,3496
"63293",5545,1109,4436
"63294",5065,1013,4052
"63295",5145,1029,4116
"63296",5605,1121,4484
"63297",5380,1076,4304
"63298",6325,1265,5060
"63299",5050,1010,4040
"63300",4505,901,3604
"63301",4585,917,3668
"63302",4445,889,3556
"63303",5465,1093,4372
"63304",3945,789,3156
"63305",4440,888,3552
"63306",5780,1156,4624
"63307",5610,1122,4488
"63308",4055,811,3244
"63309",4085,817,3268
"63310",3845,769,3076
"63311",6410,1282,5128
"63312",3355,671,2684
"63313",5025,1005,4020
"63314",5495,1099,4396
"63315",5340,1068,4272
"63316",6375,1275,5100
"63317",3905,781,3124
"63318",3855,771,3084
"63319",3435,687,2748
"63320",4060,812,3248
"63321",3795,759,3036
"63322",4540,908,3632
"63323",5190,1038,4152
"63324",4035,807,3228
"63325",4045,809,3236
"63326",4410,882,3528
"63327",4415,883,3532
"63328",4505,901,3604
"63329",3610,722,2888
"63330",4530,906,3624
"63331",4850,970,3880
"63332",4985,997,3988
"63333",6270,1254,5016
"63334",3845,769,3076
"63335",4615,923,3692
"63336",5175,1035,4140
"63337",3825,765,3060
"63338",4205,841,3364
"63339",5315,1063,4252
"63340",4070,814,3256
"63341",5920,1184,4736
"63342",4010,802,3208
"63343",4980,996,3984
"63344",4865,973,3892
"63345",4550,910,3640
"63346",4220,844,3376
"63347",5495,1099,4396
"63348",4000,800,3200
"63349",3630,726,2904
"63350",5445,1089,4356
"63351",4875,975,3900
"63352",5225,1045,4180
"63353",4760,952,3808
"63354",4130,826,3304
"63355",6010,1202,4808
"63356",3890,778,3112
"63357",4240,848,3392
"63358",5115,1023,4092
"63359",6260,1252,5008
"63360",5925,1185,4740
"63361",4100,820,3280
"63362",4260,852,3408
"63363",3670,734,2936
"63364",4010,802,3208
"63365",4815,963,3852
"63366",4730,946,3784
"63367",4700,940,3760
"63368",4680,936,3744
"63369",3840,768,3072
"63370",5960,1192,4768
"63371",5360,1072,4288
"63372",4550,910,3640
"63373",4650,930,3720
"63374",4190,838,3352
"63375",5445,1089,4356
"63376",3615,723,2892
"63377",4515,903,3612
"63378",3480,696,2784
"63379",6455,1291,5164
"63380",4225,845,3380
"63381",4800,960,3840
"63382",6135,1227,4908
"63383",5685,1137,4548
"63384",4235,847,3388
"63385",3930,786,3144
"63386",6320,1264,5056
"63387",6770,1354,5416
"63388",3615,723,2892
"63389",7110,1422,5688
"63390",4585,917,3668
"63391",4150,830,3320
"63392",5185,1037,4148
"63393",5355,1071,4284
"63394",3735,747,2988
"63395",6030,1206,4824
"63396",6685,1337,5348
"63397",4865,973,3892
"63398",3790,758,3032
"63399",4145,829,3316
"63400",5895,1179,4716
"63401",4670,934,3736
"63402",3640,728,2912
"63403",5765,1153,4612
"63404",4250,850,3400
"63405",5675,1135,4540
"63406",3970,794,3176
"63407",6085,1217,4868
"63408",3560,712,2848
"63409",4255,851,3404
"63410",4105,821,3284
"63411",4060,812,3248
"63412",4410,882,3528
"63413",4195,839,3356
"63414",3775,755,3020
"63415",4365,873,3492
"63416",5650,1130,4520
"63417",4705,941,3764
"63418",4000,800,3200
"63419",4140,828,3312
"63420",4780,956,3824
"63421",3685,737,2948
"63422",5075,1015,4060
"63423",4625,925,3700
"63424",4525,905,3620
"63425",4770,954,3816
"63426",4925,985,3940
"63427",4235,847,3388
"63428",4760,952,3808
"63429",6375,1275,5100
"63430",3890,778,3112
"63431",5010,1002,4008
"63432",4940,988,3952
"63433",4615,923,3692
"63434",5020,1004,4016
"63435",2795,559,2236
"63436",5335,1067,4268
"63437",4855,971,3884
"63438",5200,1040,4160
"63439",5600,1120,4480
"63440",5650,1130,4520
"63441",4485,897,3588
"63442",4725,945,3780
"63443",4835,967,3868
"63444",4115,823,3292
"63445",4755,951,3804
"63446",4485,897,3588
"63447",4360,872,3488
"63448",4325,865,3460
"63449",4005,801,3204
"63450",6655,1331,5324
"63451",4385,877,3508
"63452",7140,1428,5712
"63453",5155,1031,4124
"63454",4260,852,3408
"63455",4565,913,3652
"63456",3770,754,3016
"63457",5620,1124,4496
"63458",4555,911,3644
"63459",3350,670,2680
"63460",5160,1032,4128
"63461",4110,822,3288
"63462",3780,756,3024
"63463",3820,764,3056
"63464",3730,746,2984
"63465",5825,1165,4660
"63466",6305,1261,5044
"63467",4725,945,3780
"63468",5495,1099,4396
"63469",3980,796,3184
"63470",4280,856,3424
"63471",4625,925,3700
"63472",5235,1047,4188
"63473",5170,1034,4136
"63474",4175,835,3340
"63475",3780,756,3024
"63476",5235,1047,4188
"63477",6430,1286,5144
"63478",4815,963,3852
"63479",4050,810,3240
"63480",5525,1105,4420
"63481",5890,1178,4712
"63482",4500,900,3600
"63483",4445,889,3556
"63484",4790,958,3832
"63485",4245,849,3396
"63486",5825,1165,4660
"63487",4920,984,3936
"63488",5395,1079,4316
"63489",4635,927,3708
"63490",3770,754,3016
"63491",4850,970,3880
"63492",4515,903,3612
"63493",5335,1067,4268
"63494",3355,671,2684
"63495",3880,776,3104
"63496",4815,963,3852
"63497",5880,1176,4704
"63498",3975,795,3180
"63499",6785,1357,5428
"63500",6665,1333,5332
"63501",4745,949,3796
"63502",5685,1137,4548
"63503",5665,1133,4532
"63504",4445,889,3556
"63505",5340,1068,4272
"63506",3745,749,2996
"63507",4930,986,3944
"63508",3915,783,3132
"63509",5225,1045,4180
"63510",4345,869,3476
"63511",4355,871,3484
"63512",5350,1070,4280
"63513",3920,784,3136
"63514",4175,835,3340
"63515",7255,1451,5804
"63516",4160,832,3328
"63517",3245,649,2596
"63518",3455,691,2764
"63519",4045,809,3236
"63520",5045,1009,4036
"63521",5380,1076,4304
"63522",4850,970,3880
"63523",5335,1067,4268
"63524",4300,860,3440
"63525",5490,1098,4392
"63526",6115,1223,4892
"63527",5375,1075,4300
"63528",4300,860,3440
"63529",5795,1159,4636
"63530",6975,1395,5580
"63531",5360,1072,4288
"63532",3885,777,3108
"63533",5770,1154,4616
"63534",5430,1086,4344
"63535",4510,902,3608
"63536",4320,864,3456
"63537",4460,892,3568
"63538",5760,1152,4608
"63539",4125,825,3300
"63540",5160,1032,4128
"63541",5310,1062,4248
"63542",4365,873,3492
"63543",4485,897,3588
"63544",4075,815,3260
"63545",3475,695,2780
"63546",4225,845,3380
"63547",4960,992,3968
"63548",8170,1634,6536
"63549",3530,706,2824
"63550",4835,967,3868
"63551",4525,905,3620
"63552",3760,752,3008
"63553",4045,809,3236
"63554",6395,1279,5116
"63555",5905,1181,4724
"63556",4645,929,3716
"63557",4965,993,3972
"63558",7195,1439,5756
"63559",5665,1133,4532
"63560",6895,1379,5516
"63561",4400,880,3520
"63562",5175,1035,4140
"63563",3425,685,2740
"63564",4380,876,3504
"63565",4130,826,3304
"63566",4890,978,3912
"63567",4585,917,3668
"63568",5115,1023,4092
"63569",4855,971,3884
"63570",3575,715,2860
"63571",5540,1108,4432
"63572",4715,943,3772
"63573",5075,1015,4060
"63574",4065,813,3252
"63575",4415,883,3532
"63576",4415,883,3532
"63577",4725,945,3780
"63578",4285,857,3428
"63579",3835,767,3068
"63580",4125,825,3300
"63581",4685,937,3748
"63582",5275,1055,4220
"63583",4205,841,3364
"63584",4235,847,3388
"63585",4325,865,3460
"63586",5550,1110,4440
"63587",5780,1156,4624
"63588",4375,875,3500
"63589",3840,768,3072
"63590",5410,1082,4328
"63591",5025,1005,4020
"63592",5960,1192,4768
"63593",4355,871,3484
"63594",5355,1071,4284
"63595",4380,876,3504
"63596",4885,977,3908
"63597",4955,991,3964
"63598",4940,988,3952
"63599",4950,990,3960
"63600",4430,886,3544
"63601",6295,1259,5036
"63602",4685,937,3748
"63603",4790,958,3832
"63604",5955,1191,4764
"63605",4635,927,3708
"63606",5375,1075,4300
"63607",4245,849,3396
"63608",5660,1132,4528
"63609",4040,808,3232
"63610",4200,840,3360
"63611",6760,1352,5408
"63612",5215,1043,4172
"63613",3900,780,3120
"63614",3850,770,3080
"63615",3530,706,2824
"63616",6030,1206,4824
"63617",3745,749,2996
"63618",4325,865,3460
"63619",5265,1053,4212
"63620",4530,906,3624
"63621",4280,856,3424
"63622",4800,960,3840
"63623",4750,950,3800
"63624",5795,1159,4636
"63625",4015,803,3212
"63626",3715,743,2972
"63627",4390,878,3512
"63628",6055,1211,4844
"63629",4990,998,3992
"63630",5415,1083,4332
"63631",3740,748,2992
"63632",9890,1978,7912
"63633",4460,892,3568
"63634",4535,907,3628
"63635",4130,826,3304
"63636",6300,1260,5040
"63637",4300,860,3440
"63638",4685,937,3748
"63639",4600,920,3680
"63640",6600,1320,5280
"63641",3895,779,3116
"63642",4215,843,3372
"63643",5390,1078,4312
"63644",4070,814,3256
"63645",4465,893,3572
"63646",5330,1066,4264
"63647",4180,836,3344
"63648",5085,1017,4068
"63649",5775,1155,4620
"63650",5630,1126,4504
"63651",4475,895,3580
"63652",5185,1037,4148
"63653",6960,1392,5568
"63654",3890,778,3112
"63655",4180,836,3344
"63656",4735,947,3788
"63657",5185,1037,4148
"63658",3950,790,3160
"63659",5110,1022,4088
"63660",4840,968,3872
"63661",4810,962,3848
"63662",3910,782,3128
"63663",5230,1046,4184
"63664",4310,862,3448
"63665",5825,1165,4660
"63666",4290,858,3432
"63667",4930,986,3944
"63668",5755,1151,4604
"63669",4305,861,3444
"63670",4910,982,3928
"63671",5250,1050,4200
"63672",4055,811,3244
"63673",4450,890,3560
"63674",3630,726,2904
"63675",4920,984,3936
"63676",4280,856,3424
"63677",4460,892,3568
"63678",5065,1013,4052
"63679",4105,821,3284
"63680",6350,1270,5080
"63681",4230,846,3384
"63682",3690,738,2952
"63683",4000,800,3200
"63684",4845,969,3876
"63685",4105,821,3284
"63686",4700,940,3760
"63687",5975,1195,4780
"63688",5510,1102,4408
"63689",3705,741,2964
"63690",5010,1002,4008
"63691",4265,853,3412
"63692",4600,920,3680
"63693",4275,855,3420
"63694",5135,1027,4108
"63695",5665,1133,4532
"63696",4590,918,3672
"63697",6275,1255,5020
"63698",4865,973,3892
"63699",6020,1204,4816
"63700",4595,919,3676
"63701",4420,884,3536
"63702",4240,848,3392
"63703",4545,909,3636
"63704",5050,1010,4040
"63705",5595,1119,4476
"63706",4885,977,3908
"63707",5225,1045,4180
"63708",5340,1068,4272
"63709",5845,1169,4676
"63710",5120,1024,4096
"63711",3715,743,2972
"63712",7905,1581,6324
"63713",5120,1024,4096
"63714",6910,1382,5528
"63715",4905,981,3924
"63716",5380,1076,4304
"63717",5935,1187,4748
"63718",4100,820,3280
"63719",5000,1000,4000
"63720",3315,663,2652
"63721",5535,1107,4428
"63722",4175,835,3340
"63723",6670,1334,5336
"63724",3845,769,3076
"63725",3090,618,2472
"63726",4260,852,3408
"63727",4145,829,3316
"63728",3360,672,2688
"63729",4645,929,3716
"63730",3930,786,3144
"63731",4715,943,3772
"63732",6940,1388,5552
"63733",4435,887,3548
"63734",4865,973,3892
"63735",3955,791,3164
"63736",4410,882,3528
"63737",4455,891,3564
"63738",4750,950,3800
"63739",4830,966,3864
"63740",4245,849,3396
"63741",5745,1149,4596
"63742",3570,714,2856
"63743",6855,1371,5484
"63744",4160,832,3328
"63745",6255,1251,5004
"63746",3890,778,3112
"63747",3770,754,3016
"63748",3440,688,2752
"63749",4730,946,3784
"63750",3565,713,2852
"63751",4575,915,3660
"63752",4075,815,3260
"63753",5395,1079,4316
"63754",4575,915,3660
"63755",4030,806,3224
"63756",5755,1151,4604
"63757",4160,832,3328
"63758",4040,808,3232
"63759",3520,704,2816
"63760",4720,944,3776
"63761",5345,1069,4276
"63762",4725,945,3780
"63763",6100,1220,4880
"63764",3815,763,3052
"63765",6645,1329,5316
"63766",3995,799,3196
"63767",3880,776,3104
"63768",3535,707,2828
"63769",4410,882,3528
"63770",4925,985,3940
"63771",4705,941,3764
"63772",6235,1247,4988
"63773",5970,1194,4776
"63774",4000,800,3200
"63775",4635,927,3708
"63776",5375,1075,4300
"63777",4375,875,3500
"63778",4625,925,3700
"63779",5705,1141,4564
"63780",5240,1048,4192
"63781",3920,784,3136
"63782",3870,774,3096
"63783",5150,1030,4120
"63784",3625,725,2900
"63785",5855,1171,4684
"63786",3720,744,2976
"63787",3940,788,3152
"63788",4415,883,3532
"63789",5490,1098,4392
"63790",5150,1030,4120
"63791",4820,964,3856
"63792",3695,739,2956
"63793",4900,980,3920
"63794",5455,1091,4364
"63795",5635,1127,4508
"63796",4165,833,3332
"63797",5905,1181,4724
"63798",3115,623,2492
"63799",4890,978,3912
"63800",4095,819,3276
"63801",6600,1320,5280
"63802",5420,1084,4336
"63803",4220,844,3376
"63804",3295,659,2636
"63805",3905,781,3124
"63806",4735,947,3788
"63807",4405,881,3524
"63808",3995,799,3196
"63809",4815,963,3852
"63810",5515,1103,4412
"63811",3965,793,3172
"63812",4305,861,3444
"63813",4115,823,3292
"63814",4505,901,3604
"63815",4175,835,3340
"63816",5605,1121,4484
"63817",4100,820,3280
"63818",4070,814,3256
"63819",4335,867,3468
"63820",4015,803,3212
"63821",3430,686,2744
"63822",4915,983,3932
"63823",4840,968,3872
"63824",4860,972,3888
"63825",3740,748,2992
"63826",3705,741,2964
"63827",5155,1031,4124
"63828",4440,888,3552
"63829",4400,880,3520
"63830",4670,934,3736
"63831",3905,781,3124
"63832",4210,842,3368
"63833",4115,823,3292
"63834",4340,868,3472
"63835",5425,1085,4340
"63836",5045,1009,4036
"63837",4190,838,3352
"63838",4515,903,3612
"63839",5450,1090,4360
"63840",6825,1365,5460
"63841",4420,884,3536
"63842",4420,884,3536
"63843",4995,999,3996
"63844",4190,838,3352
"63845",4005,801,3204
"63846",5450,1090,4360
"63847",4185,837,3348
"63848",4295,859,3436
"63849",5740,1148,4592
"63850",4595,919,3676
"63851",3790,758,3032
"63852",4395,879,3516
"63853",4060,812,3248
"63854",3685,737,2948
"63855",5085,1017,4068
"63856",4490,898,3592
"63857",5535,1107,4428
"63858",5095,1019,4076
"63859",4780,956,3824
"63860",5540,1108,4432
"63861",3880,776,3104
"63862",4215,843,3372
"63863",5980,1196,4784
"63864",4585,917,3668
"63865",6095,1219,4876
"63866",6315,1263,5052
"63867",4985,997,3988
"63868",4560,912,3648
"63869",4315,863,3452
"63870",4175,835,3340
"63871",4505,901,3604
"63872",5785,1157,4628
"63873",4200,840,3360
"63874",5975,1195,4780
"63875",5905,1181,4724
"63876",4275,855,3420
"63877",3860,772,3088
"63878",6760,1352,5408
"63879",4605,921,3684
"63880",3930,786,3144
"63881",4580,916,3664
"63882",4770,954,3816
"63883",4335,867,3468
"63884",5040,1008,4032
"63885",5305,1061,4244
"63886",4315,863,3452
"63887",4165,833,3332
"63888",5225,1045,4180
"63889",3165,633,2532
"63890",5110,1022,4088
"63891",4730,946,3784
"63892",3710,742,2968
"63893",3995,799,3196
"63894",5770,1154,4616
"63895",6460,1292,5168
"63896",3760,752,3008
"63897",5435,1087,4348
"63898",5320,1064,4256
"63899",3680,736,2944
"63900",5275,1055,4220
"63901",4010,802,3208
"63902",3555,711,2844
"63903",3900,780,3120
"63904",4215,843,3372
"63905",7965,1593,6372
"63906",5120,1024,4096
"63907",4580,916,3664
"63908",4350,870,3480
"63909",4945,989,3956
"63910",5840,1168,4672
"63911",4675,935,3740
"63912",4580,916,3664
"63913",3960,792,3168
"63914",4500,900,3600
"63915",4975,995,3980
"63916",6335,1267,5068
"63917",6320,1264,5056
"63918",4020,804,3216
"63919",6400,1280,5120
"63920",3860,772,3088
"63921",6605,1321,5284
"63922",5100,1020,4080
"63923",4335,867,3468
"63924",5125,1025,4100
"63925",4760,952,3808
"63926",3955,791,3164
"63927",5525,1105,4420
"63928",5890,1178,4712
"63929",4630,926,3704
"63930",3745,749,2996
"63931",7020,1404,5616
"63932",5315,1063,4252
"63933",4895,979,3916
"63934",4185,837,3348
"63935",3780,756,3024
"63936",4660,932,3728
"63937",4390,878,3512
"63938",3830,766,3064
"63939",5950,1190,4760
"63940",3425,685,2740
"63941",4820,964,3856
"63942",4120,824,3296
"63943",5635,1127,4508
"63944",5720,1144,4576
"63945",4725,945,3780
"63946",3130,626,2504
"63947",5270,1054,4216
"63948",4080,816,3264
"63949",5200,1040,4160
"63950",4620,924,3696
"63951",5575,1115,4460
"63952",4180,836,3344
"63953",4835,967,3868
"63954",4890,978,3912
"63955",4145,829,3316
"63956",5495,1099,4396
"63957",4490,898,3592
"63958",5440,1088,4352
"63959",4235,847,3388
"63960",4550,910,3640
"63961",3560,712,2848
"63962",4900,980,3920
"63963",4490,898,3592
"63964",3925,785,3140
"63965",4450,890,3560
"63966",4415,883,3532
"63967",3120,624,2496
"63968",4040,808,3232
"63969",4810,962,3848
"63970",5200,1040,4160
"63971",3845,769,3076
"63972",4550,910,3640
"63973",4750,950,3800
"63974",3720,744,2976
"63975",4860,972,3888
"63976",4005,801,3204
"63977",4370,874,3496
"63978",3845,769,3076
"63979",4060,812,3248
"63980",4640,928,3712
"63981",5985,1197,4788
"63982",5760,1152,4608
"63983",5445,1089,4356
"63984",4515,903,3612
"63985",3950,790,3160
"63986",4300,860,3440
"63987",4295,859,3436
"63988",4250,850,3400
"63989",3995,799,3196
"63990",4680,936,3744
"63991",5320,1064,4256
"63992",4595,919,3676
"63993",6005,1201,4804
"63994",4450,890,3560
"63995",4280,856,3424
"63996",4705,941,3764
"63997",5635,1127,4508
"63998",4865,973,3892
"63999",7435,1487,5948
"64000",4825,965,3860
"64001",5260,1052,4208
"64002",4500,900,3600
"64003",6975,1395,5580
"64004",4280,856,3424
"64005",4500,900,3600
"64006",3920,784,3136
"64007",4545,909,3636
"64008",4295,859,3436
"64009",4585,917,3668
"64010",3780,756,3024
"64011",4380,876,3504
"64012",7060,1412,5648
"64013",3405,681,2724
"64014",4375,875,3500
"64015",4200,840,3360
"64016",4615,923,3692
"64017",5170,1034,4136
"64018",5640,1128,4512
"64019",4790,958,3832
"64020",4595,919,3676
"64021",4350,870,3480
"64022",5115,1023,4092
"64023",4605,921,3684
"64024",4130,826,3304
"64025",5340,1068,4272
"64026",3895,779,3116
"64027",4995,999,3996
"64028",3570,714,2856
"64029",4375,875,3500
"64030",4030,806,3224
"64031",4570,914,3656
"64032",5470,1094,4376
"64033",5185,1037,4148
"64034",5275,1055,4220
"64035",4330,866,3464
"64036",3950,790,3160
"64037",4915,983,3932
"64038",6570,1314,5256
"64039",5120,1024,4096
"64040",4695,939,3756
"64041",6610,1322,5288
"64042",5725,1145,4580
"64043",4655,931,3724
"64044",4595,919,3676
"64045",6105,1221,4884
"64046",3755,751,3004
"64047",4340,868,3472
"64048",4480,896,3584
"64049",4030,806,3224
"64050",5400,1080,4320
"64051",3655,731,2924
"64052",5890,1178,4712
"64053",4240,848,3392
"64054",4075,815,3260
"64055",4010,802,3208
"64056",4275,855,3420
"64057",3410,682,2728
"64058",5750,1150,4600
"64059",4250,850,3400
"64060",4660,932,3728
"64061",4410,882,3528
"64062",5100,1020,4080
"64063",3845,769,3076
"64064",4430,886,3544
"64065",3630,726,2904
"64066",3625,725,2900
"64067",4315,863,3452
"64068",4325,865,3460
"64069",4600,920,3680
"64070",3930,786,3144
"64071",3795,759,3036
"64072",4945,989,3956
"64073",5190,1038,4152
"64074",4290,858,3432
"64075",5450,1090,4360
"64076",4555,911,3644
"64077",5200,1040,4160
"64078",4740,948,3792
"64079",4655,931,3724
"64080",3860,772,3088
"64081",4015,803,3212
"64082",4720,944,3776
"64083",4780,956,3824
"64084",5655,1131,4524
"64085",5105,1021,4084
"64086",4410,882,3528
"64087",7270,1454,5816
"64088",3840,768,3072
"64089",5315,1063,4252
"64090",4735,947,3788
"64091",5140,1028,4112
"64092",5910,1182,4728
"64093",5500,1100,4400
"64094",4100,820,3280
"64095",4470,894,3576
"64096",3495,699,2796
"64097",4810,962,3848
"64098",5935,1187,4748
"64099",4015,803,3212
"64100",3405,681,2724
"64101",3500,700,2800
"64102",4845,969,3876
"64103",5600,1120,4480
"64104",4915,983,3932
"64105",4390,878,3512
"64106",4535,907,3628
"64107",4035,807,3228
"64108",4285,857,3428
"64109",3700,740,2960
"64110",3705,741,2964
"64111",5800,1160,4640
"64112",5545,1109,4436
"64113",4665,933,3732
"64114",5200,1040,4160
"64115",3760,752,3008
"64116",5725,1145,4580
"64117",5905,1181,4724
"64118",5110,1022,4088
"64119",5060,1012,4048
"64120",4450,890,3560
"64121",3965,793,3172
"64122",5315,1063,4252
"64123",5310,1062,4248
"64124",3820,764,3056
"64125",4055,811,3244
"64126",4800,960,3840
"64127",4835,967,3868
"64128",5270,1054,4216
"64129",4670,934,3736
"64130",4150,830,3320
"64131",3965,793,3172
"64132",4655,931,3724
"64133",4750,950,3800
"64134",3905,781,3124
"64135",3975,795,3180
"64136",4215,843,3372
"64137",4090,818,3272
"64138",5710,1142,4568
"64139",5695,1139,4556
"64140",4365,873,3492
"64141",5020,1004,4016
"64142",4835,967,3868
"64143",4310,862,3448
"64144",6280,1256,5024
"64145",4355,871,3484
"64146",4155,831,3324
"64147",3470,694,2776
"64148",3440,688,2752
"64149",6900,1380,5520
"64150",6180,1236,4944
"64151",4570,914,3656
"64152",6285,1257,5028
"64153",4655,931,3724
"64154",4770,954,3816
"64155",4385,877,3508
"64156",4340,868,3472
"64157",3980,796,3184
"64158",4965,993,3972
"64159",5480,1096,4384
"64160",3935,787,3148
"64161",5110,1022,4088
"64162",5775,1155,4620
"64163",5525,1105,4420
"64164",5345,1069,4276
"64165",4160,832,3328
"64166",5675,1135,4540
"64167",4425,885,3540
"64168",3455,691,2764
"64169",4395,879,3516
"64170",5405,1081,4324
"64171",3740,748,2992
"64172",4850,970,3880
"64173",5390,1078,4312
"64174",3920,784,3136
"64175",4110,822,3288
"64176",4065,813,3252
"64177",4275,855,3420
"64178",5125,1025,4100
"64179",4955,991,3964
"64180",4845,969,3876
"64181",7820,1564,6256
"64182",5215,1043,4172
"64183",7295,1459,5836
"64184",4850,970,3880
"64185",3760,752,3008
"64186",5280,1056,4224
"64187",4155,831,3324
"64188",4430,886,3544
"64189",3710,742,2968
"64190",4125,825,3300
"64191",4045,809,3236
"64192",4050,810,3240
"64193",4680,936,3744
"64194",5520,1104,4416
"64195",4315,863,3452
"64196",5725,1145,4580
"64197",4205,841,3364
"64198",5165,1033,4132
"64199",3510,702,2808
"64200",5640,1128,4512
"64201",4835,967,3868
"64202",4155,831,3324
"64203",5245,1049,4196
"64204",4445,889,3556
"64205",5815,1163,4652
"64206",4315,863,3452
"64207",4135,827,3308
"64208",3810,762,3048
"64209",4910,982,3928
"64210",4470,894,3576
"64211",4865,973,3892
"64212",4940,988,3952
"64213",5045,1009,4036
"64214",5430,1086,4344
"64215",3290,658,2632
"64216",4055,811,3244
"64217",3935,787,3148
"64218",3925,785,3140
"64219",5615,1123,4492
"64220",4925,985,3940
"64221",4380,876,3504
"64222",4470,894,3576
"64223",5285,1057,4228
"64224",5565,1113,4452
"64225",3340,668,2672
"64226",4195,839,3356
"64227",4175,835,3340
"64228",4935,987,3948
"64229",4705,941,3764
"64230",3725,745,2980
"64231",4360,872,3488
"64232",5135,1027,4108
"64233",4505,901,3604
"64234",3935,787,3148
"64235",3480,696,2784
"64236",4490,898,3592
"64237",3620,724,2896
"64238",4110,822,3288
"64239",4030,806,3224
"64240",4240,848,3392
"64241",3145,629,2516
"64242",5075,1015,4060
"64243",4800,960,3840
"64244",5490,1098,4392
"64245",5390,1078,4312
"64246",4820,964,3856
"64247",4340,868,3472
"64248",4040,808,3232
"64249",3790,758,3032
"64250",6020,1204,4816
"64251",4920,984,3936
"64252",4685,937,3748
"64253",3790,758,3032
"64254",4065,813,3252
"64255",5820,1164,4656
"64256",4580,916,3664
"64257",4325,865,3460
"64258",6210,1242,4968
"64259",3635,727,2908
"64260",5260,1052,4208
"64261",3370,674,2696
"64262",7580,1516,6064
"64263",5090,1018,4072
"64264",5095,1019,4076
"64265",4515,903,3612
"64266",3760,752,3008
"64267",4245,849,3396
"64268",4060,812,3248
"64269",4505,901,3604
"64270",6575,1315,5260
"64271",5590,1118,4472
"64272",5635,1127,4508
"64273",6805,1361,5444
"64274",6775,1355,5420
"64275",4285,857,3428
"64276",6010,1202,4808
"64277",5240,1048,4192
"64278",5550,1110,4440
"64279",6170,1234,4936
"64280",5265,1053,4212
"64281",6045,1209,4836
"64282",5210,1042,4168
"64283",4735,947,3788
"64284",4535,907,3628
"64285",4555,911,3644
"64286",4625,925,3700
"64287",3830,766,3064
"64288",4470,894,3576
"64289",3750,750,3000
"64290",5940,1188,4752
"64291",4405,881,3524
"64292",4610,922,3688
"64293",4040,808,3232
"64294",5170,1034,4136
"64295",6275,1255,5020
"64296",3720,744,2976
"64297",4785,957,3828
"64298",5120,1024,4096
"64299",4425,885,3540
"64300",5135,1027,4108
"64301",4465,893,3572
"64302",3535,707,2828
"64303",5445,1089,4356
"64304",3505,701,2804
"64305",5390,1078,4312
"64306",3780,756,3024
"64307",5520,1104,4416
"64308",5255,1051,4204
"64309",5615,1123,4492
"64310",5315,1063,4252
"64311",6070,1214,4856
"64312",4440,888,3552
"64313",4370,874,3496
"64314",4670,934,3736
"64315",4825,965,3860
"64316",3635,727,2908
"64317",4960,992,3968
"64318",4600,920,3680
"64319",3425,685,2740
"64320",3925,785,3140
"64321",5975,1195,4780
"64322",4820,964,3856
"64323",4790,958,3832
"64324",4485,897,3588
"64325",3870,774,3096
"64326",4565,913,3652
"64327",5240,1048,4192
"64328",3850,770,3080
"64329",3550,710,2840
"64330",4805,961,3844
"64331",6280,1256,5024
"64332",4080,816,3264
"64333",5430,1086,4344
"64334",6465,1293,5172
"64335",4740,948,3792
"64336",3965,793,3172
"64337",5035,1007,4028
"64338",5485,1097,4388
"64339",5095,1019,4076
"64340",4750,950,3800
"64341",3980,796,3184
"64342",4685,937,3748
"64343",4355,871,3484
"64344",4515,903,3612
"64345",4555,911,3644
"64346",4515,903,3612
"64347",4815,963,3852
"64348",3700,740,2960
"64349",6185,1237,4948
"64350",4730,946,3784
"64351",4955,991,3964
"64352",3815,763,3052
"64353",4385,877,3508
"64354",4730,946,3784
"64355",4545,909,3636
"64356",4665,933,3732
"64357",3490,698,2792
"64358",6405,1281,5124
"64359",4995,999,3996
"64360",6855,1371,5484
"64361",5160,1032,4128
"64362",4670,934,3736
"64363",4250,850,3400
"64364",8370,1674,6696
"64365",4085,817,3268
"64366",3145,629,2516
"64367",6425,1285,5140
"64368",4505,901,3604
"64369",5095,1019,4076
"64370",3905,781,3124
"64371",5915,1183,4732
"64372",5085,1017,4068
"64373",5885,1177,4708
"64374",4980,996,3984
"64375",6645,1329,5316
"64376",4745,949,3796
"64377",5215,1043,4172
"64378",4355,871,3484
"64379",4930,986,3944
"64380",3390,678,2712
"64381",6555,1311,5244
"64382",5500,1100,4400
"64383",6460,1292,5168
"64384",4360,872,3488
"64385",3445,689,2756
"64386",3545,709,2836
"64387",6840,1368,5472
"64388",5120,1024,4096
"64389",6550,1310,5240
"64390",5930,1186,4744
"64391",5325,1065,4260
"64392",4555,911,3644
"64393",5050,1010,4040
"64394",4100,820,3280
"64395",4575,915,3660
"64396",5015,1003,4012
"64397",5000,1000,4000
"64398",5120,1024,4096
"64399",4310,862,3448
"64400",5075,1015,4060
"64401",5230,1046,4184
"64402",4860,972,3888
"64403",5050,1010,4040
"64404",5395,1079,4316
"64405",4255,851,3404
"64406",3965,793,3172
"64407",3810,762,3048
"64408",4175,835,3340
"64409",4550,910,3640
"64410",4555,911,3644
"64411",5175,1035,4140
"64412",3875,775,3100
"64413",3900,780,3120
"64414",5020,1004,4016
"64415",5520,1104,4416
"64416",4810,962,3848
"64417",5310,1062,4248
"64418",4640,928,3712
"64419",3720,744,2976
"64420",4925,985,3940
"64421",3825,765,3060
"64422",5140,1028,4112
"64423",4245,849,3396
"64424",4640,928,3712
"64425",3780,756,3024
"64426",4240,848,3392
"64427",4205,841,3364
"64428",4195,839,3356
"64429",5550,1110,4440
"64430",6350,1270,5080
"64431",4370,874,3496
"64432",4275,855,3420
"64433",4585,917,3668
"64434",5660,1132,4528
"64435",4390,878,3512
"64436",4365,873,3492
"64437",4825,965,3860
"64438",3720,744,2976
"64439",5630,1126,4504
"64440",4065,813,3252
"64441",4605,921,3684
"64442",4270,854,3416
"64443",4810,962,3848
"64444",6095,1219,4876
"64445",4315,863,3452
"64446",4545,909,3636
"64447",3985,797,3188
"64448",4325,865,3460
"64449",4005,801,3204
"64450",4480,896,3584
"64451",4245,849,3396
"64452",5200,1040,4160
"64453",3630,726,2904
"64454",3605,721,2884
"64455",4995,999,3996
"64456",4610,922,3688
"64457",5625,1125,4500
"64458",6355,1271,5084
"64459",3835,767,3068
"64460",5145,1029,4116
"64461",4800,960,3840
"64462",4970,994,3976
"64463",4245,849,3396
"64464",4285,857,3428
"64465",4090,818,3272
"64466",6760,1352,5408
"64467",4310,862,3448
"64468",3985,797,3188
"64469",5135,1027,4108
"64470",4885,977,3908
"64471",5015,1003,4012
"64472",4595,919,3676
"64473",5210,1042,4168
"64474",4415,883,3532
"64475",4060,812,3248
"64476",4615,923,3692
"64477",4115,823,3292
"64478",4400,880,3520
"64479",6380,1276,5104
"64480",3505,701,2804
"64481",5315,1063,4252
"64482",3700,740,2960
"64483",4615,923,3692
"64484",4035,807,3228
"64485",4410,882,3528
"64486",4475,895,3580
"64487",3855,771,3084
"64488",4360,872,3488
"64489",5315,1063,4252
"64490",4985,997,3988
"64491",5270,1054,4216
"64492",7035,1407,5628
"64493",4045,809,3236
"64494",5940,1188,4752
"64495",5090,1018,4072
"64496",5025,1005,4020
"64497",4110,822,3288
"64498",8025,1605,6420
"64499",4505,901,3604
"64500",4285,857,3428
"64501",4620,924,3696
"64502",4240,848,3392
"64503",4510,902,3608
"64504",4305,861,3444
"64505",4115,823,3292
"64506",3305,661,2644
"64507",6510,1302,5208
"64508",3325,665,2660
"64509",4435,887,3548
"64510",3475,695,2780
"64511",6180,1236,4944
"64512",5040,1008,4032
"64513",4855,971,3884
"64514",3750,750,3000
"64515",4420,884,3536
"64516",4580,916,3664
"64517",4450,890,3560
"64518",4320,864,3456
"64519",5240,1048,4192
"64520",4635,927,3708
"64521",3880,776,3104
"64522",3475,695,2780
"64523",4055,811,3244
"64524",4280,856,3424
"64525",4040,808,3232
"64526",4535,907,3628
"64527",5750,1150,4600
"64528",4575,915,3660
"64529",3610,722,2888
"64530",4860,972,3888
"64531",4745,949,3796
"64532",5350,1070,4280
"64533",5355,1071,4284
"64534",5290,1058,4232
"64535",5020,1004,4016
"64536",4465,893,3572
"64537",3290,658,2632
"64538",4885,977,3908
"64539",6075,1215,4860
"64540",4505,901,3604
"64541",4610,922,3688
"64542",4770,954,3816
"64543",4010,802,3208
"64544",3565,713,2852
"64545",5255,1051,4204
"64546",4585,917,3668
"64547",4870,974,3896
"64548",4715,943,3772
"64549",4190,838,3352
"64550",4165,833,3332
"64551",4610,922,3688
"64552",5850,1170,4680
"64553",5680,1136,4544
"64554",5040,1008,4032
"64555",4740,948,3792
"64556",5255,1051,4204
"64557",4700,940,3760
"64558",3735,747,2988
"64559",3805,761,3044
"64560",4215,843,3372
"64561",3895,779,3116
"64562",5035,1007,4028
"64563",3695,739,2956
"64564",5195,1039,4156
"64565",3975,795,3180
"64566",4000,800,3200
"64567",4710,942,3768
"64568",5285,1057,4228
"64569",4335,867,3468
"64570",4805,961,3844
"64571",4155,831,3324
"64572",7005,1401,5604
"64573",4275,855,3420
"64574",4790,958,3832
"64575",5455,1091,4364
"64576",5010,1002,4008
"64577",5440,1088,4352
"64578",4985,997,3988
"64579",4500,900,3600
"64580",4245,849,3396
"64581",5060,1012,4048
"64582",5465,1093,4372
"64583",6780,1356,5424
"64584",7390,1478,5912
"64585",4365,873,3492
"64586",5030,1006,4024
"64587",9590,1918,7672
"64588",5585,1117,4468
"64589",4830,966,3864
"64590",5025,1005,4020
"64591",4590,918,3672
"64592",4475,895,3580
"64593",4530,906,3624
"64594",4080,816,3264
"64595",3590,718,2872
"64596",4645,929,3716
"64597",4335,867,3468
"64598",4915,983,3932
"64599",5435,1087,4348
"64600",4430,886,3544
"64601",5955,1191,4764
"64602",4310,862,3448
"64603",4405,881,3524
"64604",4795,959,3836
"64605",8190,1638,6552
"64606",5760,1152,4608
"64607",3385,677,2708
"64608",4310,862,3448
"64609",3630,726,2904
"64610",3985,797,3188
"64611",6605,1321,5284
"64612",4705,941,3764
"64613",3775,755,3020
"64614",5185,1037,4148
"64615",4685,937,3748
"64616",5850,1170,4680
"64617",4345,869,3476
"64618",3940,788,3152
"64619",3795,759,3036
"64620",4730,946,3784
"64621",4500,900,3600
"64622",3940,788,3152
"64623",5155,1031,4124
"64624",4015,803,3212
"64625",5175,1035,4140
"64626",6825,1365,5460
"64627",5590,1118,4472
"64628",5825,1165,4660
"64629",5335,1067,4268
"64630",4375,875,3500
"64631",3970,794,3176
"64632",4315,863,3452
"64633",4550,910,3640
"64634",4620,924,3696
"64635",4570,914,3656
"64636",5560,1112,4448
"64637",3860,772,3088
"64638",3555,711,2844
"64639",3955,791,3164
"64640",3845,769,3076
"64641",4530,906,3624
"64642",5810,1162,4648
"64643",6200,1240,4960
"64644",3250,650,2600
"64645",3685,737,2948
"64646",4885,977,3908
"64647",4055,811,3244
"64648",5355,1071,4284
"64649",4865,973,3892
"64650",3640,728,2912
"64651",4665,933,3732
"64652",4620,924,3696
"64653",4975,995,3980
"64654",4685,937,3748
"64655",4465,893,3572
"64656",6280,1256,5024
"64657",3945,789,3156
"64658",3705,741,2964
"64659",4760,952,3808
"64660",4575,915,3660
"64661",4415,883,3532
"64662",4965,993,3972
"64663",4240,848,3392
"64664",3705,741,2964
"64665",4015,803,3212
"64666",4435,887,3548
"64667",4580,916,3664
"64668",3410,682,2728
"64669",3650,730,2920
"64670",5080,1016,4064
"64671",4575,915,3660
"64672",5300,1060,4240
"64673",4045,809,3236
"64674",4995,999,3996
"64675",3645,729,2916
"64676",4320,864,3456
"64677",4050,810,3240
"64678",4755,951,3804
"64679",3640,728,2912
"64680",5435,1087,4348
"64681",4400,880,3520
"64682",4110,822,3288
"64683",4020,804,3216
"64684",5830,1166,4664
"64685",3770,754,3016
"64686",6440,1288,5152
"64687",4945,989,3956
"64688",4625,925,3700
"64689",3335,667,2668
"64690",4715,943,3772
"64691",5075,1015,4060
"64692",4325,865,3460
"64693",5155,1031,4124
"64694",4150,830,3320
"64695",4910,982,3928
"64696",4720,944,3776
"64697",4900,980,3920
"64698",4640,928,3712
"64699",4705,941,3764
"64700",4330,866,3464
"64701",5225,1045,4180
"64702",4005,801,3204
"64703",4380,876,3504
"64704",3820,764,3056
"64705",5420,1084,4336
"64706",4000,800,3200
"64707",4470,894,3576
"64708",5320,1064,4256
"64709",4915,983,3932
"64710",5930,1186,4744
"64711",4720,944,3776
"64712",4205,841,3364
"64713",5405,1081,4324
"64714",4945,989,3956
"64715",4675,935,3740
"64716",4135,827,3308
"64717",3665,733,2932
"64718",4625,925,3700
"64719",4430,886,3544
"64720",5945,1189,4756
"64721",4140,828,3312
"64722",4125,825,3300
"64723",4110,822,3288
"64724",3535,707,2828
"64725",4195,839,3356
"64726",5025,1005,4020
"64727",6050,1210,4840
"64728",4130,826,3304
"64729",6850,1370,5480
"64730",5975,1195,4780
"64731",5525,1105,4420
"64732",4560,912,3648
"64733",5385,1077,4308
"64734",3570,714,2856
"64735",4350,870,3480
"64736",3905,781,3124
"64737",5545,1109,4436
"64738",4610,922,3688
"64739",5115,1023,4092
"64740",4775,955,3820
"64741",4570,914,3656
"64742",4565,913,3652
"64743",4475,895,3580
"64744",7190,1438,5752
"64745",3330,666,2664
"64746",4150,830,3320
"64747",4520,904,3616
"64748",6225,1245,4980
"64749",4325,865,3460
"64750",5430,1086,4344
"64751",3490,698,2792
"64752",7465,1493,5972
"64753",3915,783,3132
"64754",6580,1316,5264
"64755",3825,765,3060
"64756",4005,801,3204
"64757",4960,992,3968
"64758",4570,914,3656
"64759",3655,731,2924
"64760",4985,997,3988
"64761",6030,1206,4824
"64762",4550,910,3640
"64763",4240,848,3392
"64764",4990,998,3992
"64765",4825,965,3860
"64766",6990,1398,5592
"64767",6105,1221,4884
"64768",4840,968,3872
"64769",5840,1168,4672
"64770",4770,954,3816
"64771",5765,1153,4612
"64772",5195,1039,4156
"64773",3915,783,3132
"64774",4685,937,3748
"64775",6760,1352,5408
"64776",4590,918,3672
"64777",3905,781,3124
"64778",4070,814,3256
"64779",4235,847,3388
"64780",4555,911,3644
"64781",4900,980,3920
"64782",3935,787,3148
"64783",5585,1117,4468
"64784",5330,1066,4264
"64785",5100,1020,4080
"64786",5380,1076,4304
"64787",4110,822,3288
"64788",4975,995,3980
"64789",4155,831,3324
"64790",4685,937,3748
"64791",4295,859,3436
"64792",4880,976,3904
"64793",2970,594,2376
"64794",4830,966,3864
"64795",5375,1075,4300
"64796",5550,1110,4440
"64797",8440,1688,6752
"64798",3830,766,3064
"64799",4705,941,3764
"64800",6290,1258,5032
"64801",4705,941,3764
"64802",4425,885,3540
"64803",4250,850,3400
"64804",5370,1074,4296
"64805",5260,1052,4208
"64806",3825,765,3060
"64807",5275,1055,4220
"64808",5000,1000,4000
"64809",3760,752,3008
"64810",5000,1000,4000
"64811",3940,788,3152
"64812",5425,1085,4340
"64813",4815,963,3852
"64814",6095,1219,4876
"64815",4610,922,3688
"64816",3050,610,2440
"64817",4580,916,3664
"64818",4855,971,3884
"64819",4705,941,3764
"64820",3815,763,3052
"64821",4445,889,3556
"64822",3690,738,2952
"64823",3810,762,3048
"64824",6235,1247,4988
"64825",3315,663,2652
"64826",5235,1047,4188
"64827",4300,860,3440
"64828",4470,894,3576
"64829",4250,850,3400
"64830",4210,842,3368
"64831",4355,871,3484
"64832",4845,969,3876
"64833",5030,1006,4024
"64834",6925,1385,5540
"64835",4275,855,3420
"64836",3360,672,2688
"64837",3950,790,3160
"64838",4440,888,3552
"64839",5805,1161,4644
"64840",6200,1240,4960
"64841",4535,907,3628
"64842",5045,1009,4036
"64843",4380,876,3504
"64844",6410,1282,5128
"64845",4340,868,3472
"64846",3785,757,3028
"64847",5930,1186,4744
"64848",5480,1096,4384
"64849",5265,1053,4212
"64850",8025,1605,6420
"64851",4905,981,3924
"64852",6225,1245,4980
"64853",3270,654,2616
"64854",4785,957,3828
"64855",6145,1229,4916
"64856",4320,864,3456
"64857",3865,773,3092
"64858",3820,764,3056
"64859",5295,1059,4236
"64860",5220,1044,4176
"64861",4675,935,3740
"64862",4210,842,3368
"64863",3900,780,3120
"64864",4435,887,3548
"64865",4975,995,3980
"64866",4275,855,3420
"64867",3950,790,3160
"64868",4460,892,3568
"64869",4450,890,3560
"64870",5490,1098,4392
"64871",5125,1025,4100
"64872",4305,861,3444
"64873",4460,892,3568
"64874",4040,808,3232
"64875",3700,740,2960
"64876",4550,910,3640
"64877",4065,813,3252
"64878",4345,869,3476
"64879",4945,989,3956
"64880",5885,1177,4708
"64881",4930,986,3944
"64882",3425,685,2740
"64883",4740,948,3792
"64884",4925,985,3940
"64885",4170,834,3336
"64886",4465,893,3572
"64887",4005,801,3204
"64888",4605,921,3684
"64889",4585,917,3668
"64890",7050,1410,5640
"64891",6010,1202,4808
"64892",4055,811,3244
"64893",5525,1105,4420
"64894",4875,975,3900
"64895",5460,1092,4368
"64896",4695,939,3756
"64897",5165,1033,4132
"64898",4720,944,3776
"64899",4410,882,3528
"64900",6435,1287,5148
"64901",4390,878,3512
"64902",5205,1041,4164
"64903",4680,936,3744
"64904",4305,861,3444
"64905",4975,995,3980
"64906",3470,694,2776
"64907",3815,763,3052
"64908",5930,1186,4744
"64909",4570,914,3656
"64910",3430,686,2744
"64911",5355,1071,4284
"64912",4225,845,3380
"64913",3870,774,3096
"64914",4480,896,3584
"64915",3730,746,2984
"64916",3815,763,3052
"64917",5095,1019,4076
"64918",4120,824,3296
"64919",4835,967,3868
"64920",5360,1072,4288
"64921",4345,869,3476
"64922",5355,1071,4284
"64923",5085,1017,4068
"64924",3970,794,3176
"64925",5950,1190,4760
"64926",4220,844,3376
"64927",4305,861,3444
"64928",4815,963,3852
"64929",6515,1303,5212
"64930",4680,936,3744
"64931",3530,706,2824
"64932",4510,902,3608
"64933",4530,906,3624
"64934",5065,1013,4052
"64935",3455,691,2764
"64936",3815,763,3052
"64937",4015,803,3212
"64938",5625,1125,4500
"64939",5100,1020,4080
"64940",5525,1105,4420
"64941",5770,1154,4616
"64942",4705,941,3764
"64943",4405,881,3524
"64944",3410,682,2728
"64945",4545,909,3636
"64946",4060,812,3248
"64947",3685,737,2948
"64948",5255,1051,4204
"64949",3825,765,3060
"64950",5660,1132,4528
"64951",5025,1005,4020
"64952",4745,949,3796
"64953",5415,1083,4332
"64954",4780,956,3824
"64955",5045,1009,4036
"64956",4110,822,3288
"64957",4620,924,3696
"64958",4345,869,3476
"64959",4315,863,3452
"64960",3930,786,3144
"64961",4355,871,3484
"64962",3645,729,2916
"64963",3870,774,3096
"64964",4085,817,3268
"64965",5195,1039,4156
"64966",5180,1036,4144
"64967",4460,892,3568
"64968",4325,865,3460
"64969",5265,1053,4212
"64970",5690,1138,4552
"64971",6145,1229,4916
"64972",5585,1117,4468
"64973",3790,758,3032
"64974",3965,793,3172
"64975",6220,1244,4976
"64976",4995,999,3996
"64977",4585,917,3668
"64978",4580,916,3664
"64979",5065,1013,4052
"64980",4425,885,3540
"64981",6990,1398,5592
"64982",5945,1189,4756
"64983",5015,1003,4012
"64984",3745,749,2996
"64985",4055,811,3244
"64986",3615,723,2892
"64987",4960,992,3968
"64988",4730,946,3784
"64989",5475,1095,4380
"64990",3915,783,3132
"64991",7250,1450,5800
"64992",5040,1008,4032
"64993",6540,1308,5232
"64994",5045,1009,4036
"64995",3895,779,3116
"64996",5440,1088,4352
"64997",4565,913,3652
"64998",4175,835,3340
"64999",5840,1168,4672
"65000",5245,1049,4196
"65001",4815,963,3852
"65002",5150,1030,4120
"65003",4045,809,3236
"65004",5410,1082,4328
"65005",4440,888,3552
"65006",3665,733,2932
"65007",3585,717,2868
"65008",6860,1372,5488
"65009",5100,1020,4080
"65010",3985,797,3188
"65011",4305,861,3444
"65012",5515,1103,4412
"65013",4885,977,3908
"65014",4340,868,3472
"65015",3925,785,3140
"65016",4650,930,3720
"65017",5650,1130,4520
"65018",2990,598,2392
"65019",4755,951,3804
"65020",5910,1182,4728
"65021",4390,878,3512
"65022",5205,1041,4164
"65023",4550,910,3640
"65024",4310,862,3448
"65025",3555,711,2844
"65026",4725,945,3780
"65027",5090,1018,4072
"65028",4905,981,3924
"65029",4070,814,3256
"65030",4225,845,3380
"65031",3580,716,2864
"65032",4905,981,3924
"65033",4635,927,3708
"65034",4470,894,3576
"65035",4675,935,3740
"65036",5150,1030,4120
"65037",4790,958,3832
"65038",4735,947,3788
"65039",5265,1053,4212
"65040",7260,1452,5808
"65041",3820,764,3056
"65042",4890,978,3912
"65043",4920,984,3936
"65044",4715,943,3772
"65045",4505,901,3604
"65046",4070,814,3256
"65047",5240,1048,4192
"65048",5245,1049,4196
"65049",4550,910,3640
"65050",4670,934,3736
"65051",6495,1299,5196
"65052",5685,1137,4548
"65053",4060,812,3248
"65054",4310,862,3448
"65055",3975,795,3180
"65056",6760,1352,5408
"65057",3840,768,3072
"65058",5400,1080,4320
"65059",3360,672,2688
"65060",4800,960,3840
"65061",3960,792,3168
"65062",4165,833,3332
"65063",4445,889,3556
"65064",3435,687,2748
"65065",5225,1045,4180
"65066",7545,1509,6036
"65067",4125,825,3300
"65068",4475,895,3580
"65069",4040,808,3232
"65070",3785,757,3028
"65071",5085,1017,4068
"65072",4805,961,3844
"65073",5110,1022,4088
"65074",4620,924,3696
"65075",6275,1255,5020
"65076",4410,882,3528
"65077",4370,874,3496
"65078",3225,645,2580
"65079",6765,1353,5412
"65080",4430,886,3544
"65081",4245,849,3396
"65082",4105,821,3284
"65083",5185,1037,4148
"65084",4680,936,3744
"65085",4285,857,3428
"65086",4690,938,3752
"65087",3995,799,3196
"65088",4325,865,3460
"65089",6055,1211,4844
"65090",5165,1033,4132
"65091",4290,858,3432
"65092",5640,1128,4512
"65093",5070,1014,4056
"65094",4760,952,3808
"65095",4780,956,3824
"65096",5585,1117,4468
"65097",4045,809,3236
"65098",4005,801,3204
"65099",3660,732,2928
"65100",4775,955,3820
"65101",5165,1033,4132
"65102",4285,857,3428
"65103",5555,1111,4444
"65104",4915,983,3932
"65105",3740,748,2992
"65106",4985,997,3988
"65107",4515,903,3612
"65108",5040,1008,4032
"65109",4395,879,3516
"65110",4210,842,3368
"65111",6000,1200,4800
"65112",4455,891,3564
"65113",5850,1170,4680
"65114",3935,787,3148
"65115",3170,634,2536
"65116",4780,956,3824
"65117",3770,754,3016
"65118",4370,874,3496
"65119",4395,879,3516
"65120",4730,946,3784
"65121",3890,778,3112
"65122",5535,1107,4428
"65123",3030,606,2424
"65124",3685,737,2948
"65125",4630,926,3704
"65126",3635,727,2908
"65127",6165,1233,4932
"65128",3805,761,3044
"65129",4160,832,3328
"65130",3550,710,2840
"65131",5045,1009,4036
"65132",4460,892,3568
"65133",3600,720,2880
"65134",4985,997,3988
"65135",5185,1037,4148
"65136",4420,884,3536
"65137",5265,1053,4212
"65138",5570,1114,4456
"65139",4635,927,3708
"65140",4590,918,3672
"65141",4510,902,3608
"65142",3985,797,3188
"65143",4140,828,3312
"65144",3605,721,2884
"65145",4345,869,3476
"65146",3725,745,2980
"65147",4355,871,3484
"65148",4590,918,3672
"65149",4025,805,3220
"65150",3995,799,3196
"65151",4140,828,3312
"65152",5150,1030,4120
"65153",4515,903,3612
"65154",4140,828,3312
"65155",4185,837,3348
"65156",3900,780,3120
"65157",5745,1149,4596
"65158",5535,1107,4428
"65159",4245,849,3396
"65160",3950,790,3160
"65161",4205,841,3364
"65162",5400,1080,4320
"65163",3770,754,3016
"65164",4770,954,3816
"65165",4255,851,3404
"65166",5545,1109,4436
"65167",5075,1015,4060
"65168",6250,1250,5000
"65169",3835,767,3068
"65170",5060,1012,4048
"65171",4015,803,3212
"65172",5775,1155,4620
"65173",4515,903,3612
"65174",4445,889,3556
"65175",4245,849,3396
"65176",4235,847,3388
"65177",5735,1147,4588
"65178",3910,782,3128
"65179",4415,883,3532
"65180",4240,848,3392
"65181",5110,1022,4088
"65182",3900,780,3120
"65183",3425,685,2740
"65184",4600,920,3680
"65185",4585,917,3668
"65186",4365,873,3492
"65187",5800,1160,4640
"65188",5490,1098,4392
"65189",4685,937,3748
"65190",7165,1433,5732
"65191",4770,954,3816
"65192",4480,896,3584
"65193",5540,1108,4432
"65194",5390,1078,4312
"65195",4375,875,3500
"65196",4785,957,3828
"65197",5580,1116,4464
"65198",4425,885,3540
"65199",4670,934,3736
"65200",4685,937,3748
"65201",5055,1011,4044
"65202",5055,1011,4044
"65203",4245,849,3396
"65204",4750,950,3800
"65205",4805,961,3844
"65206",3740,748,2992
"65207",4670,934,3736
"65208",4515,903,3612
"65209",5085,1017,4068
"65210",4570,914,3656
"65211",5695,1139,4556
"65212",4270,854,3416
"65213",6265,1253,5012
"65214",5040,1008,4032
"65215",5385,1077,4308
"65216",3790,758,3032
"65217",4910,982,3928
"65218",4105,821,3284
"65219",4865,973,3892
"65220",4855,971,3884
"65221",3840,768,3072
"65222",4780,956,3824
"65223",3890,778,3112
"65224",4355,871,3484
"65225",4975,995,3980
"65226",5515,1103,4412
"65227",4180,836,3344
"65228",4415,883,3532
"65229",5515,1103,4412
"65230",3615,723,2892
"65231",4270,854,3416
"65232",5065,1013,4052
"65233",3795,759,3036
"65234",4385,877,3508
"65235",3925,785,3140
"65236",4220,844,3376
"65237",3925,785,3140
"65238",6160,1232,4928
"65239",5470,1094,4376
"65240",4000,800,3200
"65241",3960,792,3168
"65242",3575,715,2860
"65243",4400,880,3520
"65244",4350,870,3480
"65245",6625,1325,5300
"65246",4280,856,3424
"65247",3920,784,3136
"65248",4180,836,3344
"65249",3630,726,2904
"65250",4295,859,3436
"65251",4660,932,3728
"65252",4850,970,3880
"65253",8215,1643,6572
"65254",4320,864,3456
"65255",4210,842,3368
"65256",5795,1159,4636
"65257",5075,1015,4060
"65258",3905,781,3124
"65259",4865,973,3892
"65260",4555,911,3644
"65261",5330,1066,4264
"65262",4415,883,3532
"65263",4230,846,3384
"65264",4905,981,3924
"65265",4160,832,3328
"65266",6015,1203,4812
"65267",5215,1043,4172
"65268",5215,1043,4172
"65269",5175,1035,4140
"65270",5135,1027,4108
"65271",5680,1136,4544
"65272",4375,875,3500
"65273",4180,836,3344
"65274",4685,937,3748
"65275",3480,696,2784
"65276",4320,864,3456
"65277",3995,799,3196
"65278",3735,747,2988
"65279",4205,841,3364
"65280",4830,966,3864
"65281",6430,1286,5144
"65282",3785,757,3028
"65283",3930,786,3144
"65284",4605,921,3684
"65285",5740,1148,4592
"65286",4225,845,3380
"65287",5620,1124,4496
"65288",5120,1024,4096
"65289",4155,831,3324
"65290",3795,759,3036
"65291",4350,870,3480
"65292",4550,910,3640
"65293",3855,771,3084
"65294",5190,1038,4152
"65295",5125,1025,4100
"65296",4585,917,3668
"65297",3415,683,2732
"65298",6495,1299,5196
"65299",3970,794,3176
"65300",3845,769,3076
"65301",4745,949,3796
"65302",4155,831,3324
"65303",3610,722,2888
"65304",4290,858,3432
"65305",3920,784,3136
"65306",3585,717,2868
"65307",5240,1048,4192
"65308",5560,1112,4448
"65309",4120,824,3296
"65310",5040,1008,4032
"65311",4280,856,3424
"65312",4705,941,3764
"65313",8090,1618,6472
"65314",4420,884,3536
"65315",3870,774,3096
"65316",4875,975,3900
"65317",4170,834,3336
"65318",4365,873,3492
"65319",4500,900,3600
"65320",6345,1269,5076
"65321",5255,1051,4204
"65322",5245,1049,4196
"65323",5430,1086,4344
"65324",4655,931,3724
"65325",4670,934,3736
"65326",4785,957,3828
"65327",4925,985,3940
"65328",4640,928,3712
"65329",7155,1431,5724
"65330",4585,917,3668
"65331",6130,1226,4904
"65332",4630,926,3704
"65333",4890,978,3912
"65334",6105,1221,4884
"65335",4840,968,3872
"65336",4655,931,3724
"65337",4880,976,3904
"65338",4665,933,3732
"65339",4550,910,3640
"65340",4135,827,3308
"65341",5075,1015,4060
"65342",4015,803,3212
"65343",4480,896,3584
"65344",3785,757,3028
"65345",3600,720,2880
"65346",5045,1009,4036
"65347",5190,1038,4152
"65348",4975,995,3980
"65349",6780,1356,5424
"65350",4760,952,3808
"65351",3560,712,2848
"65352",3955,791,3164
"65353",5035,1007,4028
"65354",4300,860,3440
"65355",6400,1280,5120
"65356",4515,903,3612
"65357",3430,686,2744
"65358",4945,989,3956
"65359",3770,754,3016
"65360",5770,1154,4616
"65361",3690,738,2952
"65362",3545,709,2836
"65363",5315,1063,4252
"65364",4625,925,3700
"65365",5305,1061,4244
"65366",5460,1092,4368
"65367",4205,841,3364
"65368",4450,890,3560
"65369",3840,768,3072
"65370",6015,1203,4812
"65371",4710,942,3768
"65372",4700,940,3760
"65373",4865,973,3892
"65374",6530,1306,5224
"65375",4490,898,3592
"65376",5860,1172,4688
"65377",5155,1031,4124
"65378",4795,959,3836
"65379",4360,872,3488
"65380",4025,805,3220
"65381",4705,941,3764
"65382",5840,1168,4672
"65383",4255,851,3404
"65384",4315,863,3452
"65385",6075,1215,4860
"65386",4005,801,3204
"65387",5080,1016,4064
"65388",4780,956,3824
"65389",5260,1052,4208
"65390",7355,1471,5884
"65391",4315,863,3452
"65392",4060,812,3248
"65393",4860,972,3888
"65394",4800,960,3840
"65395",3875,775,3100
"65396",3800,760,3040
"65397",8175,1635,6540
"65398",3910,782,3128
"65399",5505,1101,4404
"65400",4740,948,3792
"65401",5575,1115,4460
"65402",4605,921,3684
"65403",3940,788,3152
"65404",3640,728,2912
"65405",4980,996,3984
"65406",5740,1148,4592
"65407",4675,935,3740
"65408",4645,929,3716
"65409",4735,947,3788
"65410",5760,1152,4608
"65411",5685,1137,4548
"65412",5180,1036,4144
"65413",5265,1053,4212
"65414",5075,1015,4060
"65415",4910,982,3928
"65416",5690,1138,4552
"65417",4540,908,3632
"65418",3715,743,2972
"65419",3985,797,3188
"65420",5605,1121,4484
"65421",3795,759,3036
"65422",4790,958,3832
"65423",4240,848,3392
"65424",5205,1041,4164
"65425",4315,863,3452
"65426",5655,1131,4524
"65427",5725,1145,4580
"65428",4110,822,3288
"65429",5475,1095,4380
"65430",5620,1124,4496
"65431",4565,913,3652
"65432",5160,1032,4128
"65433",3155,631,2524
"65434",3680,736,2944
"65435",4015,803,3212
"65436",4305,861,3444
"65437",5005,1001,4004
"65438",5925,1185,4740
"65439",7265,1453,5812
"65440",5270,1054,4216
"65441",5880,1176,4704
"65442",7565,1513,6052
"65443",3785,757,3028
"65444",5005,1001,4004
"65445",5845,1169,4676
"65446",5255,1051,4204
"65447",3715,743,2972
"65448",5225,1045,4180
"65449",5075,1015,4060
"65450",4380,876,3504
"65451",4965,993,3972
"65452",5050,1010,4040
"65453",4020,804,3216
"65454",3250,650,2600
"65455",3665,733,2932
"65456",4880,976,3904
"65457",4655,931,3724
"65458",4660,932,3728
"65459",4815,963,3852
"65460",4540,908,3632
"65461",4720,944,3776
"65462",4030,806,3224
"65463",5035,1007,4028
"65464",4340,868,3472
"65465",3890,778,3112
"65466",4780,956,3824
"65467",5140,1028,4112
"65468",4875,975,3900
"65469",5905,1181,4724
"65470",4295,859,3436
"65471",5720,1144,4576
"65472",5870,1174,4696
"65473",3670,734,2936
"65474",4330,866,3464
"65475",4970,994,3976
"65476",5770,1154,4616
"65477",3780,756,3024
"65478",4260,852,3408
"65479",3740,748,2992
"65480",4130,826,3304
"65481",4600,920,3680
"65482",5240,1048,4192
"65483",5500,1100,4400
"65484",6075,1215,4860
"65485",6370,1274,5096
"65486",5240,1048,4192
"65487",4370,874,3496
"65488",5900,1180,4720
"65489",4590,918,3672
"65490",4510,902,3608
"65491",7250,1450,5800
"65492",5195,1039,4156
"65493",4625,925,3700
"65494",4660,932,3728
"65495",3415,683,2732
"65496",5580,1116,4464
"65497",4215,843,3372
"65498",4450,890,3560
"65499",4115,823,3292
"65500",4015,803,3212
"65501",4210,842,3368
"65502",4375,875,3500
"65503",4530,906,3624
"65504",3345,669,2676
"65505",4100,820,3280
"65506",4235,847,3388
"65507",4265,853,3412
"65508",7075,1415,5660
"65509",3970,794,3176
"65510",5005,1001,4004
"65511",5465,1093,4372
"65512",5085,1017,4068
"65513",4035,807,3228
"65514",5665,1133,4532
"65515",5385,1077,4308
"65516",4805,961,3844
"65517",4260,852,3408
"65518",5000,1000,4000
"65519",5725,1145,4580
"65520",4285,857,3428
"65521",4155,831,3324
"65522",5450,1090,4360
"65523",4490,898,3592
"65524",5125,1025,4100
"65525",4355,871,3484
"65526",5595,1119,4476
"65527",5285,1057,4228
"65528",4185,837,3348
"65529",4895,979,3916
"65530",4560,912,3648
"65531",3665,733,2932
"65532",3660,732,2928
"65533",4110,822,3288
"65534",4770,954,3816
"65535",3845,769,3076
"65536",4235,847,3388
"65537",3645,729,2916
"65538",4585,917,3668
"65539",5060,1012,4048
"65540",5320,1064,4256
"65541",4870,974,3896
"65542",4210,842,3368
"65543",4335,867,3468
"65544",4210,842,3368
"65545",5085,1017,4068
"65546",4150,830,3320
"65547",5065,1013,4052
"65548",4215,843,3372
"65549",4610,922,3688
"65550",4200,840,3360
"65551",5655,1131,4524
"65552",5085,1017,4068
"65553",3770,754,3016
"65554",4915,983,3932
"65555",6040,1208,4832
"65556",3770,754,3016
"65557",4855,971,3884
"65558",5375,1075,4300
"65559",3780,756,3024
"65560",3890,778,3112
"65561",5580,1116,4464
"65562",4015,803,3212
"65563",4155,831,3324
"65564",4460,892,3568
"65565",4710,942,3768
"65566",3490,698,2792
"65567",3875,775,3100
"65568",4070,814,3256
"65569",4560,912,3648
"65570",3690,738,2952
"65571",4500,900,3600
"65572",4720,944,3776
"65573",4245,849,3396
"65574",4220,844,3376
"65575",4270,854,3416
"65576",3580,716,2864
"65577",5335,1067,4268
"65578",5655,1131,4524
"65579",5590,1118,4472
"65580",3870,774,3096
"65581",4000,800,3200
"65582",4110,822,3288
"65583",3695,739,2956
"65584",4965,993,3972
"65585",4630,926,3704
"65586",4775,955,3820
"65587",5450,1090,4360
"65588",4930,986,3944
"65589",4115,823,3292
"65590",4950,990,3960
"65591",4245,849,3396
"65592",3830,766,3064
"65593",3625,725,2900
"65594",4465,893,3572
"65595",4230,846,3384
"65596",5285,1057,4228
"65597",3860,772,3088
"65598",3835,767,3068
"65599",4155,831,3324
"65600",6850,1370,5480
"65601",5625,1125,4500
"65602",3880,776,3104
"65603",3915,783,3132
"65604",5860,1172,4688
"65605",4985,997,3988
"65606",5540,1108,4432
"65607",3355,671,2684
"65608",4710,942,3768
"65609",4245,849,3396
"65610",5990,1198,4792
"65611",4740,948,3792
"65612",3600,720,2880
"65613",3460,692,2768
"65614",5750,1150,4600
"65615",5600,1120,4480
"65616",5020,1004,4016
"65617",3975,795,3180
"65618",3675,735,2940
"65619",4485,897,3588
"65620",4135,827,3308
"65621",3705,741,2964
"65622",4390,878,3512
"65623",4555,911,3644
"65624",4470,894,3576
"65625",4325,865,3460
"65626",3680,736,2944
"65627",6340,1268,5072
"65628",3915,783,3132
"65629",4300,860,3440
"65630",5660,1132,4528
"65631",4565,913,3652
"65632",4035,807,3228
"65633",3440,688,2752
"65634",4670,934,3736
"65635",4930,986,3944
"65636",5400,1080,4320
"65637",4570,914,3656
"65638",4430,886,3544
"65639",4350,870,3480
"65640",3815,763,3052
"65641",5075,1015,4060
"65642",4415,883,3532
"65643",4665,933,3732
"65644",4335,867,3468
"65645",4025,805,3220
"65646",4520,904,3616
"65647",4580,916,3664
"65648",4335,867,3468
"65649",4580,916,3664
"65650",4815,963,3852
"65651",4515,903,3612
"65652",4265,853,3412
"65653",4595,919,3676
"65654",5980,1196,4784
"65655",4735,947,3788
"65656",6060,1212,4848
"65657",3220,644,2576
"65658",4630,926,3704
"65659",4460,892,3568
"65660",5045,1009,4036
"65661",4350,870,3480
"65662",4450,890,3560
"65663",4070,814,3256
"65664",4825,965,3860
"65665",5535,1107,4428
"65666",5935,1187,4748
"65667",3525,705,2820
"65668",4575,915,3660
"65669",4390,878,3512
"65670",5260,1052,4208
"65671",4145,829,3316
"65672",4325,865,3460
"65673",3895,779,3116
"65674",3765,753,3012
"65675",5705,1141,4564
"65676",4350,870,3480
"65677",5625,1125,4500
"65678",4010,802,3208
"65679",4415,883,3532
"65680",4650,930,3720
"65681",4655,931,3724
"65682",5470,1094,4376
"65683",4900,980,3920
"65684",3915,783,3132
"65685",3940,788,3152
"65686",4040,808,3232
"65687",3880,776,3104
"65688",5820,1164,4656
"65689",3300,660,2640
"65690",5720,1144,4576
"65691",5395,1079,4316
"65692",4375,875,3500
"65693",3975,795,3180
"65694",5025,1005,4020
"65695",6310,1262,5048
"65696",4680,936,3744
"65697",7015,1403,5612
"65698",4625,925,3700
"65699",4460,892,3568
"65700",5615,1123,4492
"65701",4480,896,3584
"65702",5830,1166,4664
"65703",4275,855,3420
"65704",4980,996,3984
"65705",4895,979,3916
"65706",5930,1186,4744
"65707",4340,868,3472
"65708",3540,708,2832
"65709",4570,914,3656
"65710",4565,913,3652
"65711",5405,1081,4324
"65712",3110,622,2488
"65713",4915,983,3932
"65714",6160,1232,4928
"65715",5070,1014,4056
"65716",3965,793,3172
"65717",3895,779,3116
"65718",4620,924,3696
"65719",5870,1174,4696
"65720",5200,1040,4160
"65721",4190,838,3352
"65722",4910,982,3928
"65723",4100,820,3280
"65724",4785,957,3828
"65725",4050,810,3240
"65726",4440,888,3552
"65727",5875,1175,4700
"65728",5090,1018,4072
"65729",4640,928,3712
"65730",4460,892,3568
"65731",4085,817,3268
"65732",5600,1120,4480
"65733",5305,1061,4244
"65734",3460,692,2768
"65735",5485,1097,4388
"65736",3790,758,3032
"65737",4555,911,3644
"65738",6430,1286,5144
"65739",4420,884,3536
"65740",4825,965,3860
"65741",5485,1097,4388
"65742",4910,982,3928
"65743",3830,766,3064
"65744",4155,831,3324
"65745",4870,974,3896
"65746",4060,812,3248
"65747",3895,779,3116
"65748",4855,971,3884
"65749",4475,895,3580
"65750",4095,819,3276
"65751",4250,850,3400
"65752",4510,902,3608
"65753",3370,674,2696
"65754",6405,1281,5124
"65755",4195,839,3356
"65756",4050,810,3240
"65757",4635,927,3708
"65758",4760,952,3808
"65759",5630,1126,4504
"65760",4455,891,3564
"65761",4830,966,3864
"65762",5595,1119,4476
"65763",3790,758,3032
"65764",4295,859,3436
"65765",6290,1258,5032
"65766",5175,1035,4140
"65767",4935,987,3948
"65768",4410,882,3528
"65769",3995,799,3196
"65770",4010,802,3208
"65771",6550,1310,5240
"65772",4055,811,3244
"65773",7160,1432,5728
"65774",4420,884,3536
"65775",4580,916,3664
"65776",4650,930,3720
"65777",5035,1007,4028
"65778",4910,982,3928
"65779",5660,1132,4528
"65780",5085,1017,4068
"65781",4125,825,3300
"65782",4890,978,3912
"65783",4690,938,3752
"65784",4435,887,3548
"65785",4820,964,3856
"65786",4820,964,3856
"65787",4040,808,3232
"65788",6705,1341,5364
"65789",4405,881,3524
"65790",5845,1169,4676
"65791",3405,681,2724
"65792",6520,1304,5216
"65793",4760,952,3808
"65794",6175,1235,4940
"65795",4645,929,3716
"65796",5915,1183,4732
"65797",4535,907,3628
"65798",3790,758,3032
"65799",5345,1069,4276
"65800",6205,1241,4964
"65801",4870,974,3896
"65802",4300,860,3440
"65803",4390,878,3512
"65804",5955,1191,4764
"65805",4835,967,3868
"65806",4440,888,3552
"65807",4000,800,3200
"65808",5450,1090,4360
"65809",4570,914,3656
"65810",4330,866,3464
"65811",5565,1113,4452
"65812",3930,786,3144
"65813",4900,980,3920
"65814",4845,969,3876
"65815",5255,1051,4204
"65816",4420,884,3536
"65817",4465,893,3572
"65818",3715,743,2972
"65819",5520,1104,4416
"65820",4040,808,3232
"65821",6965,1393,5572
"65822",5855,1171,4684
"65823",5475,1095,4380
"65824",4170,834,3336
"65825",5445,1089,4356
"65826",4010,802,3208
"65827",3980,796,3184
"65828",4520,904,3616
"65829",4070,814,3256
"65830",6085,1217,4868
"65831",4575,915,3660
"65832",4890,978,3912
"65833",3855,771,3084
"65834",5050,1010,4040
"65835",3910,782,3128
"65836",4355,871,3484
"65837",4020,804,3216
"65838",4825,965,3860
"65839",4035,807,3228
"65840",4730,946,3784
"65841",4955,991,3964
"65842",7170,1434,5736
"65843",4730,946,3784
"65844",4340,868,3472
"65845",4310,862,3448
"65846",4785,957,3828
"65847",3970,794,3176
"65848",4545,909,3636
"65849",4650,930,3720
"65850",4235,847,3388
"65851",6415,1283,5132
"65852",4355,871,3484
"65853",4575,915,3660
"65854",4400,880,3520
"65855",4885,977,3908
"65856",4200,840,3360
"65857",3640,728,2912
"65858",4200,840,3360
"65859",7720,1544,6176
"65860",4745,949,3796
"65861",4385,877,3508
"65862",4345,869,3476
"65863",5085,1017,4068
"65864",6495,1299,5196
"65865",4675,935,3740
"65866",4110,822,3288
"65867",4410,882,3528
"65868",4830,966,3864
"65869",4485,897,3588
"65870",5180,1036,4144
"65871",4375,875,3500
"65872",4355,871,3484
"65873",4415,883,3532
"65874",6735,1347,5388
"65875",4200,840,3360
"65876",5620,1124,4496
"65877",6895,1379,5516
"65878",5280,1056,4224
"65879",4190,838,3352
"65880",5255,1051,4204
"65881",5525,1105,4420
"65882",4395,879,3516
"65883",3550,710,2840
"65884",4095,819,3276
"65885",4340,868,3472
"65886",3845,769,3076
"65887",4645,929,3716
"65888",4870,974,3896
"65889",3460,692,2768
"65890",3845,769,3076
"65891",5045,1009,4036
"65892",4870,974,3896
"65893",3940,788,3152
"65894",3875,775,3100
"65895",4055,811,3244
"65896",4700,940,3760
"65897",4905,981,3924
"65898",4940,988,3952
"65899",5760,1152,4608
"65900",3810,762,3048
"65901",3895,779,3116
"65902",4230,846,3384
"65903",3545,709,2836
"65904",3690,738,2952
"65905",3665,733,2932
"65906",4430,886,3544
"65907",5090,1018,4072
"65908",3995,799,3196
"65909",4005,801,3204
"65910",3990,798,3192
"65911",3990,798,3192
"65912",5220,1044,4176
"65913",6965,1393,5572
"65914",4210,842,3368
"65915",5610,1122,4488
"65916",4195,839,3356
"65917",4905,981,3924
"65918",4710,942,3768
"65919",4980,996,3984
"65920",5165,1033,4132
"65921",4300,860,3440
"65922",4080,816,3264
"65923",3870,774,3096
"65924",4790,958,3832
"65925",4280,856,3424
"65926",4190,838,3352
"65927",4605,921,3684
"65928",4120,824,3296
"65929",3790,758,3032
"65930",3140,628,2512
"65931",4495,899,3596
"65932",4040,808,3232
"65933",4640,928,3712
"65934",6775,1355,5420
"65935",4775,955,3820
"65936",4345,869,3476
"65937",4755,951,3804
"65938",4560,912,3648
"65939",4105,821,3284
"65940",5265,1053,4212
"65941",5520,1104,4416
"65942",3540,708,2832
"65943",5520,1104,4416
"65944",4830,966,3864
"65945",3680,736,2944
"65946",3755,751,3004
"65947",4465,893,3572
"65948",3900,780,3120
"65949",4585,917,3668
"65950",4105,821,3284
"65951",4220,844,3376
"65952",4730,946,3784
"65953",4625,925,3700
"65954",5300,1060,4240
"65955",5445,1089,4356
"65956",5075,1015,4060
"65957",6935,1387,5548
"65958",6985,1397,5588
"65959",4105,821,3284
"65960",4605,921,3684
"65961",3920,784,3136
"65962",3900,780,3120
"65963",4920,984,3936
"65964",5225,1045,4180
"65965",5475,1095,4380
"65966",3950,790,3160
"65967",3530,706,2824
"65968",6585,1317,5268
"65969",6855,1371,5484
"65970",5035,1007,4028
"65971",6535,1307,5228
"65972",5230,1046,4184
"65973",4025,805,3220
"65974",4005,801,3204
"65975",5770,1154,4616
"65976",4820,964,3856
"65977",4305,861,3444
"65978",4500,900,3600
"65979",6095,1219,4876
"65980",4505,901,3604
"65981",4810,962,3848
"65982",5400,1080,4320
"65983",4665,933,3732
"65984",4340,868,3472
"65985",4660,932,3728
"65986",3830,766,3064
"65987",4300,860,3440
"65988",3855,771,3084
"65989",5235,1047,4188
"65990",4020,804,3216
"65991",4150,830,3320
"65992",3515,703,2812
"65993",4945,989,3956
"65994",4655,931,3724
"65995",4345,869,3476
"65996",3720,744,2976
"65997",3520,704,2816
"65998",3960,792,3168
"65999",4955,991,3964
"66000",4685,937,3748
"66001",4880,976,3904
"66002",4610,922,3688
"66003",4505,901,3604
"66004",4420,884,3536
"66005",4310,862,3448
"66006",6325,1265,5060
"66007",4625,925,3700
"66008",4625,925,3700
"66009",4635,927,3708
"66010",5790,1158,4632
"66011",6015,1203,4812
"66012",4135,827,3308
"66013",4860,972,3888
"66014",4325,865,3460
"66015",3885,777,3108
"66016",3665,733,2932
"66017",4030,806,3224
"66018",4200,840,3360
"66019",3845,769,3076
"66020",4655,931,3724
"66021",3495,699,2796
"66022",5010,1002,4008
"66023",5990,1198,4792
"66024",4730,946,3784
"66025",3885,777,3108
"66026",3975,795,3180
"66027",4550,910,3640
"66028",3255,651,2604
"66029",3600,720,2880
"66030",4445,889,3556
"66031",5070,1014,4056
"66032",3995,799,3196
"66033",4830,966,3864
"66034",4700,940,3760
"66035",4400,880,3520
"66036",6765,1353,5412
"66037",5560,1112,4448
"66038",5410,1082,4328
"66039",4305,861,3444
"66040",3815,763,3052
"66041",4690,938,3752
"66042",6235,1247,4988
"66043",6490,1298,5192
"66044",4455,891,3564
"66045",4090,818,3272
"66046",4095,819,3276
"66047",4855,971,3884
"66048",5580,1116,4464
"66049",6125,1225,4900
"66050",6365,1273,5092
"66051",5650,1130,4520
"66052",3585,717,2868
"66053",4545,909,3636
"66054",4410,882,3528
"66055",6175,1235,4940
"66056",5610,1122,4488
"66057",4090,818,3272
"66058",3635,727,2908
"66059",4705,941,3764
"66060",3460,692,2768
"66061",4285,857,3428
"66062",6620,1324,5296
"66063",5045,1009,4036
"66064",3525,705,2820
"66065",4120,824,3296
"66066",4240,848,3392
"66067",6020,1204,4816
"66068",4815,963,3852
"66069",3645,729,2916
"66070",4795,959,3836
"66071",4955,991,3964
"66072",4170,834,3336
"66073",3485,697,2788
"66074",4125,825,3300
"66075",4660,932,3728
"66076",4555,911,3644
"66077",3510,702,2808
"66078",4175,835,3340
"66079",5035,1007,4028
"66080",4795,959,3836
"66081",4480,896,3584
"66082",4750,950,3800
"66083",6085,1217,4868
"66084",4895,979,3916
"66085",5005,1001,4004
"66086",4585,917,3668
"66087",3920,784,3136
"66088",3080,616,2464
"66089",5165,1033,4132
"66090",5400,1080,4320
"66091",4410,882,3528
"66092",3535,707,2828
"66093",3925,785,3140
"66094",6455,1291,5164
"66095",5260,1052,4208
"66096",3895,779,3116
"66097",4085,817,3268
"66098",5120,1024,4096
"66099",4795,959,3836
"66100",3820,764,3056
"66101",5340,1068,4272
"66102",3715,743,2972
"66103",4495,899,3596
"66104",3815,763,3052
"66105",4665,933,3732
"66106",5325,1065,4260
"66107",5330,1066,4264
"66108",5895,1179,4716
"66109",4180,836,3344
"66110",4185,837,3348
"66111",4010,802,3208
"66112",4975,995,3980
"66113",5175,1035,4140
"66114",4045,809,3236
"66115",4465,893,3572
"66116",5375,1075,4300
"66117",4210,842,3368
"66118",3940,788,3152
"66119",4500,900,3600
"66120",3680,736,2944
"66121",4475,895,3580
"66122",4670,934,3736
"66123",5425,1085,4340
"66124",4750,950,3800
"66125",4280,856,3424
"66126",3815,763,3052
"66127",4300,860,3440
"66128",3425,685,2740
"66129",4990,998,3992
"66130",3535,707,2828
"66131",4285,857,3428
"66132",4750,950,3800
"66133",5685,1137,4548
"66134",5310,1062,4248
"66135",4010,802,3208
"66136",5680,1136,4544
"66137",4735,947,3788
"66138",5160,1032,4128
"66139",3950,790,3160
"66140",5465,1093,4372
"66141",4480,896,3584
"66142",3325,665,2660
"66143",3920,784,3136
"66144",5460,1092,4368
"66145",4300,860,3440
"66146",3750,750,3000
"66147",3940,788,3152
"66148",4425,885,3540
"66149",6100,1220,4880
"66150",5620,1124,4496
"66151",4480,896,3584
"66152",5305,1061,4244
"66153",5480,1096,4384
"66154",6200,1240,4960
"66155",4775,955,3820
"66156",4900,980,3920
"66157",4130,826,3304
"66158",4820,964,3856
"66159",4830,966,3864
"66160",4835,967,3868
"66161",5645,1129,4516
"66162",5910,1182,4728
"66163",5030,1006,4024
"66164",3210,642,2568
"66165",6635,1327,5308
"66166",4910,982,3928
"66167",4795,959,3836
"66168",4375,875,3500
"66169",5620,1124,4496
"66170",3900,780,3120
"66171",4125,825,3300
"66172",5190,1038,4152
"66173",4495,899,3596
"66174",4940,988,3952
"66175",4670,934,3736
"66176",3985,797,3188
"66177",4275,855,3420
"66178",4325,865,3460
"66179",5590,1118,4472
"66180",6210,1242,4968
"66181",5450,1090,4360
"66182",5295,1059,4236
"66183",5770,1154,4616
"66184",4470,894,3576
"66185",3760,752,3008
"66186",4970,994,3976
"66187",4505,901,3604
"66188",4545,909,3636
"66189",3885,777,3108
"66190",4990,998,3992
"66191",4270,854,3416
"66192",5220,1044,4176
"66193",3750,750,3000
"66194",5305,1061,4244
"66195",5340,1068,4272
"66196",4675,935,3740
"66197",5020,1004,4016
"66198",5525,1105,4420
"66199",3965,793,3172
"66200",5055,1011,4044
"66201",4380,876,3504
"66202",3895,779,3116
"66203",4180,836,3344
"66204",4170,834,3336
"66205",6430,1286,5144
"66206",4265,853,3412
"66207",4665,933,3732
"66208",3850,770,3080
"66209",4525,905,3620
"66210",3870,774,3096
"66211",7870,1574,6296
"66212",4860,972,3888
"66213",3705,741,2964
"66214",5370,1074,4296
"66215",6575,1315,5260
"66216",3130,626,2504
"66217",4710,942,3768
"66218",4175,835,3340
"66219",4340,868,3472
"66220",4800,960,3840
"66221",4720,944,3776
"66222",4300,860,3440
"66223",3715,743,2972
"66224",3650,730,2920
"66225",4550,910,3640
"66226",5125,1025,4100
"66227",3670,734,2936
"66228",5105,1021,4084
"66229",7705,1541,6164
"66230",4540,908,3632
"66231",3600,720,2880
"66232",3715,743,2972
"66233",4480,896,3584
"66234",4540,908,3632
"66235",4695,939,3756
"66236",4010,802,3208
"66237",5190,1038,4152
"66238",4345,869,3476
"66239",4590,918,3672
"66240",4270,854,3416
"66241",3425,685,2740
"66242",4530,906,3624
"66243",4965,993,3972
"66244",4260,852,3408
"66245",4730,946,3784
"66246",4755,951,3804
"66247",4235,847,3388
"66248",4715,943,3772
"66249",4775,955,3820
"66250",4745,949,3796
"66251",5775,1155,4620
"66252",4080,816,3264
"66253",3975,795,3180
"66254",4690,938,3752
"66255",4240,848,3392
"66256",4175,835,3340
"66257",4245,849,3396
"66258",5280,1056,4224
"66259",4600,920,3680
"66260",4365,873,3492
"66261",4045,809,3236
"66262",6415,1283,5132
"66263",4010,802,3208
"66264",3860,772,3088
"66265",3680,736,2944
"66266",5270,1054,4216
"66267",5705,1141,4564
"66268",3985,797,3188
"66269",5215,1043,4172
"66270",4410,882,3528
"66271",4130,826,3304
"66272",4830,966,3864
"66273",5430,1086,4344
"66274",4130,826,3304
"66275",3475,695,2780
"66276",4630,926,3704
"66277",4875,975,3900
"66278",5110,1022,4088
"66279",4240,848,3392
"66280",4830,966,3864
"66281",6405,1281,5124
"66282",3865,773,3092
"66283",6675,1335,5340
"66284",5430,1086,4344
"66285",4695,939,3756
"66286",4645,929,3716
"66287",5470,1094,4376
"66288",4415,883,3532
"66289",5260,1052,4208
"66290",4905,981,3924
"66291",5665,1133,4532
"66292",4970,994,3976
"66293",3705,741,2964
"66294",6605,1321,5284
"66295",4190,838,3352
"66296",4970,994,3976
"66297",5555,1111,4444
"66298",3805,761,3044
"66299",6670,1334,5336
"66300",4500,900,3600
"66301",4520,904,3616
"66302",5130,1026,4104
"66303",3970,794,3176
"66304",4395,879,3516
"66305",4585,917,3668
"66306",6770,1354,5416
"66307",3805,761,3044
"66308",5610,1122,4488
"66309",4035,807,3228
"66310",5315,1063,4252
"66311",3670,734,2936
"66312",3830,766,3064
"66313",4210,842,3368
"66314",4470,894,3576
"66315",6355,1271,5084
"66316",6940,1388,5552
"66317",4810,962,3848
"66318",6320,1264,5056
"66319",4935,987,3948
"66320",6440,1288,5152
"66321",5635,1127,4508
"66322",4930,986,3944
"66323",5040,1008,4032
"66324",4415,883,3532
"66325",4615,923,3692
"66326",3925,785,3140
"66327",3645,729,2916
"66328",4750,950,3800
"66329",4755,951,3804
"66330",3650,730,2920
"66331",4015,803,3212
"66332",3825,765,3060
"66333",3480,696,2784
"66334",5020,1004,4016
"66335",4005,801,3204
"66336",4185,837,3348
"66337",4445,889,3556
"66338",4785,957,3828
"66339",4515,903,3612
"66340",4660,932,3728
"66341",4090,818,3272
"66342",4770,954,3816
"66343",6690,1338,5352
"66344",5250,1050,4200
"66345",3855,771,3084
"66346",3960,792,3168
"66347",4355,871,3484
"66348",4165,833,3332
"66349",4880,976,3904
"66350",4575,915,3660
"66351",5630,1126,4504
"66352",4935,987,3948
"66353",4505,901,3604
"66354",7405,1481,5924
"66355",3775,755,3020
"66356",6130,1226,4904
"66357",4910,982,3928
"66358",4915,983,3932
"66359",4990,998,3992
"66360",5210,1042,4168
"66361",4320,864,3456
"66362",3770,754,3016
"66363",4200,840,3360
"66364",4395,879,3516
"66365",3515,703,2812
"66366",4245,849,3396
"66367",4640,928,3712
"66368",6755,1351,5404
"66369",3965,793,3172
"66370",4135,827,3308
"66371",5080,1016,4064
"66372",4855,971,3884
"66373",3585,717,2868
"66374",4310,862,3448
"66375",5920,1184,4736
"66376",4775,955,3820
"66377",4835,967,3868
"66378",3995,799,3196
"66379",4170,834,3336
"66380",5625,1125,4500
"66381",5575,1115,4460
"66382",4840,968,3872
"66383",4835,967,3868
"66384",4260,852,3408
"66385",6650,1330,5320
"66386",5025,1005,4020
"66387",4285,857,3428
"66388",4165,833,3332
"66389",4865,973,3892
"66390",5725,1145,4580
"66391",4405,881,3524
"66392",3630,726,2904
"66393",3915,783,3132
"66394",4045,809,3236
"66395",4495,899,3596
"66396",4425,885,3540
"66397",4090,818,3272
"66398",5840,1168,4672
"66399",4950,990,3960
"66400",5460,1092,4368
"66401",4625,925,3700
"66402",6495,1299,5196
"66403",5150,1030,4120
"66404",5205,1041,4164
"66405",3915,783,3132
"66406",5985,1197,4788
"66407",4970,994,3976
"66408",3735,747,2988
"66409",4825,965,3860
"66410",3890,778,3112
"66411",3875,775,3100
"66412",4475,895,3580
"66413",4590,918,3672
"66414",3790,758,3032
"66415",5545,1109,4436
"66416",4270,854,3416
"66417",3850,770,3080
"66418",3420,684,2736
"66419",3690,738,2952
"66420",4140,828,3312
"66421",3655,731,2924
"66422",4975,995,3980
"66423",4840,968,3872
"66424",3525,705,2820
"66425",3905,781,3124
"66426",3830,766,3064
"66427",4295,859,3436
"66428",3575,715,2860
"66429",5705,1141,4564
"66430",4120,824,3296
"66431",5885,1177,4708
"66432",4840,968,3872
"66433",4510,902,3608
"66434",4535,907,3628
"66435",4080,816,3264
"66436",3905,781,3124
"66437",3735,747,2988
"66438",3910,782,3128
"66439",4270,854,3416
"66440",6355,1271,5084
"66441",3635,727,2908
"66442",6020,1204,4816
"66443",5515,1103,4412
"66444",4905,981,3924
"66445",5620,1124,4496
"66446",4630,926,3704
"66447",5095,1019,4076
"66448",5885,1177,4708
"66449",4590,918,3672
"66450",5590,1118,4472
"66451",4380,876,3504
"66452",5015,1003,4012
"66453",5795,1159,4636
"66454",4280,856,3424
"66455",4345,869,3476
"66456",4465,893,3572
"66457",3460,692,2768
"66458",5025,1005,4020
"66459",3965,793,3172
"66460",5805,1161,4644
"66461",4320,864,3456
"66462",7515,1503,6012
"66463",4515,903,3612
"66464",4040,808,3232
"66465",4940,988,3952
"66466",3890,778,3112
"66467",4750,950,3800
"66468",4760,952,3808
"66469",4330,866,3464
"66470",6450,1290,5160
"66471",4545,909,3636
"66472",4075,815,3260
"66473",5910,1182,4728
"66474",4605,921,3684
"66475",4540,908,3632
"66476",4215,843,3372
"66477",5300,1060,4240
"66478",4120,824,3296
"66479",4640,928,3712
"66480",4670,934,3736
"66481",6475,1295,5180
"66482",3940,788,3152
"66483",3875,775,3100
"66484",3705,741,2964
"66485",4230,846,3384
"66486",4455,891,3564
"66487",6150,1230,4920
"66488",5305,1061,4244
"66489",5040,1008,4032
"66490",3805,761,3044
"66491",4440,888,3552
"66492",4810,962,3848
"66493",5270,1054,4216
"66494",3675,735,2940
"66495",3560,712,2848
"66496",4055,811,3244
"66497",6030,1206,4824
"66498",4105,821,3284
"66499",5600,1120,4480
"66500",4540,908,3632
"66501",4240,848,3392
"66502",3580,716,2864
"66503",3895,779,3116
"66504",5375,1075,4300
"66505",5275,1055,4220
"66506",5510,1102,4408
"66507",5315,1063,4252
"66508",4550,910,3640
"66509",4325,865,3460
"66510",4295,859,3436
"66511",4735,947,3788
"66512",3785,757,3028
"66513",3535,707,2828
"66514",4220,844,3376
"66515",4735,947,3788
"66516",4955,991,3964
"66517",4645,929,3716
"66518",4685,937,3748
"66519",4805,961,3844
"66520",8115,1623,6492
"66521",4315,863,3452
"66522",4270,854,3416
"66523",6055,1211,4844
"66524",3510,702,2808
"66525",4450,890,3560
"66526",3365,673,2692
"66527",5125,1025,4100
"66528",3680,736,2944
"66529",8985,1797,7188
"66530",5155,1031,4124
"66531",6440,1288,5152
"66532",5705,1141,4564
"66533",4840,968,3872
"66534",4390,878,3512
"66535",4720,944,3776
"66536",5420,1084,4336
"66537",4250,850,3400
"66538",3830,766,3064
"66539",3805,761,3044
"66540",4835,967,3868
"66541",4280,856,3424
"66542",4345,869,3476
"66543",5245,1049,4196
"66544",5050,1010,4040
"66545",4510,902,3608
"66546",4335,867,3468
"66547",5350,1070,4280
"66548",5370,1074,4296
"66549",4635,927,3708
"66550",5235,1047,4188
"66551",5455,1091,4364
"66552",4650,930,3720
"66553",3545,709,2836
"66554",6700,1340,5360
"66555",4300,860,3440
"66556",3940,788,3152
"66557",6465,1293,5172
"66558",4030,806,3224
"66559",4560,912,3648
"66560",4755,951,3804
"66561",7725,1545,6180
"66562",4490,898,3592
"66563",5055,1011,4044
"66564",3390,678,2712
"66565",6315,1263,5052
"66566",5760,1152,4608
"66567",5205,1041,4164
"66568",5220,1044,4176
"66569",3750,750,3000
"66570",4595,919,3676
"66571",5525,1105,4420
"66572",5430,1086,4344
"66573",5375,1075,4300
"66574",4630,926,3704
"66575",4300,860,3440
"66576",4905,981,3924
"66577",4500,900,3600
"66578",5375,1075,4300
"66579",5670,1134,4536
"66580",3450,690,2760
"66581",2985,597,2388
"66582",4785,957,3828
"66583",4205,841,3364
"66584",5665,1133,4532
"66585",5405,1081,4324
"66586",6190,1238,4952
"66587",4305,861,3444
"66588",7325,1465,5860
"66589",4225,845,3380
"66590",4835,967,3868
"66591",4780,956,3824
"66592",4130,826,3304
"66593",5820,1164,4656
"66594",4865,973,3892
"66595",3965,793,3172
"66596",4430,886,3544
"66597",3720,744,2976
"66598",3885,777,3108
"66599",4555,911,3644
"66600",3790,758,3032
"66601",4300,860,3440
"66602",4380,876,3504
"66603",3545,709,2836
"66604",4330,866,3464
"66605",4940,988,3952
"66606",6150,1230,4920
"66607",5410,1082,4328
"66608",5075,1015,4060
"66609",4350,870,3480
"66610",6645,1329,5316
"66611",4625,925,3700
"66612",4095,819,3276
"66613",3795,759,3036
"66614",5175,1035,4140
"66615",5445,1089,4356
"66616",5575,1115,4460
"66617",4380,876,3504
"66618",4960,992,3968
"66619",4310,862,3448
"66620",5305,1061,4244
"66621",4345,869,3476
"66622",5135,1027,4108
"66623",4180,836,3344
"66624",4645,929,3716
"66625",4725,945,3780
"66626",5175,1035,4140
"66627",4685,937,3748
"66628",7320,1464,5856
"66629",5275,1055,4220
"66630",6940,1388,5552
"66631",6325,1265,5060
"66632",4190,838,3352
"66633",4020,804,3216
"66634",5005,1001,4004
"66635",6135,1227,4908
"66636",4250,850,3400
"66637",3870,774,3096
"66638",5705,1141,4564
"66639",5985,1197,4788
"66640",4780,956,3824
"66641",5430,1086,4344
"66642",5590,1118,4472
"66643",5900,1180,4720
"66644",3815,763,3052
"66645",5020,1004,4016
"66646",4870,974,3896
"66647",5425,1085,4340
"66648",3810,762,3048
"66649",4795,959,3836
"66650",4250,850,3400
"66651",4660,932,3728
"66652",4605,921,3684
"66653",5095,1019,4076
"66654",5745,1149,4596
"66655",4925,985,3940
"66656",4665,933,3732
"66657",4030,806,3224
"66658",5110,1022,4088
"66659",4130,826,3304
"66660",4245,849,3396
"66661",4875,975,3900
"66662",4630,926,3704
"66663",4345,869,3476
"66664",4940,988,3952
"66665",6015,1203,4812
"66666",4790,958,3832
"66667",4675,935,3740
"66668",4920,984,3936
"66669",4815,963,3852
"66670",3695,739,2956
"66671",4415,883,3532
"66672",7570,1514,6056
"66673",4170,834,3336
"66674",5955,1191,4764
"66675",3735,747,2988
"66676",4115,823,3292
"66677",4755,951,3804
"66678",4740,948,3792
"66679",5465,1093,4372
"66680",4040,808,3232
"66681",4175,835,3340
"66682",4535,907,3628
"66683",3575,715,2860
"66684",3605,721,2884
"66685",4515,903,3612
"66686",4815,963,3852
"66687",4250,850,3400
"66688",4965,993,3972
"66689",6415,1283,5132
"66690",4025,805,3220
"66691",3660,732,2928
"66692",5090,1018,4072
"66693",4135,827,3308
"66694",5325,1065,4260
"66695",4415,883,3532
"66696",7235,1447,5788
"66697",4780,956,3824
"66698",3935,787,3148
"66699",4165,833,3332
"66700",4005,801,3204
"66701",4425,885,3540
"66702",7125,1425,5700
"66703",4400,880,3520
"66704",4225,845,3380
"66705",3970,794,3176
"66706",4470,894,3576
"66707",4900,980,3920
"66708",5365,1073,4292
"66709",6780,1356,5424
"66710",5140,1028,4112
"66711",4080,816,3264
"66712",5575,1115,4460
"66713",4835,967,3868
"66714",4330,866,3464
"66715",6805,1361,5444
"66716",6210,1242,4968
"66717",4355,871,3484
"66718",5160,1032,4128
"66719",3460,692,2768
"66720",4885,977,3908
"66721",4310,862,3448
"66722",6560,1312,5248
"66723",5075,1015,4060
"66724",4485,897,3588
"66725",4230,846,3384
"66726",5085,1017,4068
"66727",3605,721,2884
"66728",5425,1085,4340
"66729",5160,1032,4128
"66730",4855,971,3884
"66731",4195,839,3356
"66732",5460,1092,4368
"66733",3790,758,3032
"66734",5240,1048,4192
"66735",5755,1151,4604
"66736",4545,909,3636
"66737",6325,1265,5060
"66738",4790,958,3832
"66739",4545,909,3636
"66740",4530,906,3624
"66741",4130,826,3304
"66742",3700,740,2960
"66743",4065,813,3252
"66744",6170,1234,4936
"66745",8045,1609,6436
"66746",4455,891,3564
"66747",3280,656,2624
"66748",3975,795,3180
"66749",7790,1558,6232
"66750",3825,765,3060
"66751",4880,976,3904
"66752",4065,813,3252
"66753",4810,962,3848
"66754",3925,785,3140
"66755",4990,998,3992
"66756",5035,1007,4028
"66757",4620,924,3696
"66758",5450,1090,4360
"66759",4380,876,3504
"66760",4465,893,3572
"66761",4295,859,3436
"66762",6205,1241,4964
"66763",4540,908,3632
"66764",4375,875,3500
"66765",4550,910,3640
"66766",3850,770,3080
"66767",4320,864,3456
"66768",8500,1700,6800
"66769",4075,815,3260
"66770",6175,1235,4940
"66771",3445,689,2756
"66772",5395,1079,4316
"66773",4115,823,3292
"66774",3360,672,2688
"66775",4005,801,3204
"66776",5640,1128,4512
"66777",4270,854,3416
"66778",4690,938,3752
"66779",3870,774,3096
"66780",5570,1114,4456
"66781",3570,714,2856
"66782",4110,822,3288
"66783",6425,1285,5140
"66784",4805,961,3844
"66785",3915,783,3132
"66786",5820,1164,4656
"66787",4915,983,3932
"66788",3930,786,3144
"66789",6730,1346,5384
"66790",5045,1009,4036
"66791",3495,699,2796
"66792",4815,963,3852
"66793",4895,979,3916
"66794",4155,831,3324
"66795",4975,995,3980
"66796",3680,736,2944
"66797",5055,1011,4044
"66798",5720,1144,4576
"66799",4840,968,3872
"66800",4180,836,3344
"66801",4500,900,3600
"66802",3295,659,2636
"66803",4320,864,3456
"66804",4065,813,3252
"66805",4535,907,3628
"66806",5055,1011,4044
"66807",5845,1169,4676
"66808",4730,946,3784
"66809",4010,802,3208
"66810",3710,742,2968
"66811",3870,774,3096
"66812",4575,915,3660
"66813",4370,874,3496
"66814",4915,983,3932
"66815",5335,1067,4268
"66816",3760,752,3008
"66817",5635,1127,4508
"66818",4040,808,3232
"66819",4475,895,3580
"66820",3820,764,3056
"66821",3965,793,3172
"66822",4400,880,3520
"66823",4925,985,3940
"66824",4235,847,3388
"66825",4560,912,3648
"66826",4625,925,3700
"66827",3935,787,3148
"66828",5780,1156,4624
"66829",7205,1441,5764
"66830",5000,1000,4000
"66831",4000,800,3200
"66832",5490,1098,4392
"66833",4635,927,3708
"66834",4520,904,3616
"66835",5145,1029,4116
"66836",5620,1124,4496
"66837",7270,1454,5816
"66838",4325,865,3460
"66839",4590,918,3672
"66840",5740,1148,4592
"66841",4850,970,3880
"66842",4855,971,3884
"66843",4365,873,3492
"66844",5030,1006,4024
"66845",4300,860,3440
"66846",5225,1045,4180
"66847",4205,841,3364
"66848",5355,1071,4284
"66849",5210,1042,4168
"66850",5065,1013,4052
"66851",5280,1056,4224
"66852",3955,791,3164
"66853",6980,1396,5584
"66854",4340,868,3472
"66855",4345,869,3476
"66856",4285,857,3428
"66857",4630,926,3704
"66858",4010,802,3208
"66859",4230,846,3384
"66860",4135,827,3308
"66861",5260,1052,4208
"66862",3980,796,3184
"66863",7610,1522,6088
"66864",3595,719,2876
"66865",3990,798,3192
"66866",4630,926,3704
"66867",5470,1094,4376
"66868",7780,1556,6224
"66869",3980,796,3184
"66870",5410,1082,4328
"66871",5030,1006,4024
"66872",4900,980,3920
"66873",4995,999,3996
"66874",3540,708,2832
"66875",4840,968,3872
"66876",7780,1556,6224
"66877",5195,1039,4156
"66878",4220,844,3376
"66879",4745,949,3796
"66880",4780,956,3824
"66881",7015,1403,5612
"66882",6795,1359,5436
"66883",4420,884,3536
"66884",6740,1348,5392
"66885",4435,887,3548
"66886",4180,836,3344
"66887",6450,1290,5160
"66888",5335,1067,4268
"66889",4065,813,3252
"66890",4450,890,3560
"66891",4545,909,3636
"66892",4230,846,3384
"66893",5475,1095,4380
"66894",4615,923,3692
"66895",5295,1059,4236
"66896",5495,1099,4396
"66897",4505,901,3604
"66898",5450,1090,4360
"66899",3980,796,3184
"66900",4620,924,3696
"66901",6415,1283,5132
"66902",5390,1078,4312
"66903",4265,853,3412
"66904",6010,1202,4808
"66905",4035,807,3228
"66906",5355,1071,4284
"66907",5340,1068,4272
"66908",3845,769,3076
"66909",4040,808,3232
"66910",6430,1286,5144
"66911",6975,1395,5580
"66912",5650,1130,4520
"66913",5310,1062,4248
"66914",4135,827,3308
"66915",6205,1241,4964
"66916",3765,753,3012
"66917",6005,1201,4804
"66918",6550,1310,5240
"66919",4890,978,3912
"66920",3920,784,3136
"66921",4020,804,3216
"66922",4580,916,3664
"66923",4960,992,3968
"66924",5035,1007,4028
"66925",5625,1125,4500
"66926",3620,724,2896
"66927",6370,1274,5096
"66928",4790,958,3832
"66929",4700,940,3760
"66930",5970,1194,4776
"66931",3905,781,3124
"66932",3970,794,3176
"66933",4015,803,3212
"66934",3630,726,2904
"66935",3785,757,3028
"66936",5850,1170,4680
"66937",3925,785,3140
"66938",3885,777,3108
"66939",6915,1383,5532
"66940",4690,938,3752
"66941",3245,649,2596
"66942",4620,924,3696
"66943",3880,776,3104
"66944",4200,840,3360
"66945",4460,892,3568
"66946",4935,987,3948
"66947",6950,1390,5560
"66948",6910,1382,5528
"66949",4935,987,3948
"66950",3660,732,2928
"66951",4050,810,3240
"66952",3820,764,3056
"66953",4530,906,3624
"66954",4030,806,3224
"66955",4585,917,3668
"66956",6305,1261,5044
"66957",5340,1068,4272
"66958",3055,611,2444
"66959",4555,911,3644
"66960",4050,810,3240
"66961",5515,1103,4412
"66962",4715,943,3772
"66963",4995,999,3996
"66964",4865,973,3892
"66965",3860,772,3088
"66966",5745,1149,4596
"66967",4935,987,3948
"66968",5390,1078,4312
"66969",4235,847,3388
"66970",3985,797,3188
"66971",4330,866,3464
"66972",4475,895,3580
"66973",4355,871,3484
"66974",3500,700,2800
"66975",4170,834,3336
"66976",4910,982,3928
"66977",5055,1011,4044
"66978",6095,1219,4876
"66979",5610,1122,4488
"66980",4540,908,3632
"66981",4500,900,3600
"66982",4685,937,3748
"66983",4975,995,3980
"66984",4475,895,3580
"66985",4535,907,3628
"66986",3640,728,2912
"66987",3980,796,3184
"66988",5415,1083,4332
"66989",5445,1089,4356
"66990",6780,1356,5424
"66991",4480,896,3584
"66992",4710,942,3768
"66993",5285,1057,4228
"66994",3960,792,3168
"66995",4030,806,3224
"66996",6375,1275,5100
"66997",4685,937,3748
"66998",5445,1089,4356
"66999",4280,856,3424
"67000",4085,817,3268
"67001",5675,1135,4540
"67002",3995,799,3196
"67003",4745,949,3796
"67004",4175,835,3340
"67005",4885,977,3908
"67006",5020,1004,4016
"67007",5145,1029,4116
"67008",6920,1384,5536
"67009",7335,1467,5868
"67010",5035,1007,4028
"67011",5440,1088,4352
"67012",4575,915,3660
"67013",3805,761,3044
"67014",4220,844,3376
"67015",5240,1048,4192
"67016",4725,945,3780
"67017",4275,855,3420
"67018",5080,1016,4064
"67019",5200,1040,4160
"67020",4050,810,3240
"67021",5180,1036,4144
"67022",4335,867,3468
"67023",4905,981,3924
"67024",4430,886,3544
"67025",4845,969,3876
"67026",5405,1081,4324
"67027",7670,1534,6136
"67028",4520,904,3616
"67029",3795,759,3036
"67030",4810,962,3848
"67031",3905,781,3124
"67032",4330,866,3464
"67033",3860,772,3088
"67034",5480,1096,4384
"67035",4470,894,3576
"67036",5990,1198,4792
"67037",4005,801,3204
"67038",4960,992,3968
"67039",4290,858,3432
"67040",7235,1447,5788
"67041",4245,849,3396
"67042",5565,1113,4452
"67043",4125,825,3300
"67044",4090,818,3272
"67045",4460,892,3568
"67046",7845,1569,6276
"67047",6170,1234,4936
"67048",4125,825,3300
"67049",6125,1225,4900
"67050",5790,1158,4632
"67051",3755,751,3004
"67052",4925,985,3940
"67053",4825,965,3860
"67054",4730,946,3784
"67055",5080,1016,4064
"67056",4475,895,3580
"67057",5010,1002,4008
"67058",5025,1005,4020
"67059",6530,1306,5224
"67060",5400,1080,4320
"67061",5180,1036,4144
"67062",3570,714,2856
"67063",6040,1208,4832
"67064",3870,774,3096
"67065",4490,898,3592
"67066",4820,964,3856
"67067",6050,1210,4840
"67068",5685,1137,4548
"67069",4195,839,3356
"67070",5260,1052,4208
"67071",4485,897,3588
"67072",4465,893,3572
"67073",6965,1393,5572
"67074",5615,1123,4492
"67075",8155,1631,6524
"67076",3630,726,2904
"67077",5325,1065,4260
"67078",3385,677,2708
"67079",5370,1074,4296
"67080",3650,730,2920
"67081",3655,731,2924
"67082",3530,706,2824
"67083",4710,942,3768
"67084",3920,784,3136
"67085",4080,816,3264
"67086",4485,897,3588
"67087",4020,804,3216
"67088",4450,890,3560
"67089",5510,1102,4408
"67090",4595,919,3676
"67091",4880,976,3904
"67092",4580,916,3664
"67093",3295,659,2636
"67094",4505,901,3604
"67095",5365,1073,4292
"67096",4205,841,3364
"67097",4455,891,3564
"67098",5145,1029,4116
"67099",5275,1055,4220
"67100",3855,771,3084
"67101",3890,778,3112
"67102",6295,1259,5036
"67103",4455,891,3564
"67104",4390,878,3512
"67105",3755,751,3004
"67106",4490,898,3592
"67107",4680,936,3744
"67108",4460,892,3568
"67109",5220,1044,4176
"67110",3645,729,2916
"67111",3980,796,3184
"67112",4920,984,3936
"67113",4625,925,3700
"67114",4815,963,3852
"67115",4645,929,3716
"67116",6035,1207,4828
"67117",7580,1516,6064
"67118",4540,908,3632
"67119",5080,1016,4064
"67120",3400,680,2720
"67121",4320,864,3456
"67122",5035,1007,4028
"67123",4675,935,3740
"67124",6405,1281,5124
"67125",3680,736,2944
"67126",5485,1097,4388
"67127",3640,728,2912
"67128",8240,1648,6592
"67129",3855,771,3084
"67130",4575,915,3660
"67131",5240,1048,4192
"67132",4485,897,3588
"67133",5305,1061,4244
"67134",3905,781,3124
"67135",3730,746,2984
"67136",3640,728,2912
"67137",6190,1238,4952
"67138",3485,697,2788
"67139",6205,1241,4964
"67140",6695,1339,5356
"67141",5650,1130,4520
"67142",7775,1555,6220
"67143",4015,803,3212
"67144",4785,957,3828
"67145",4480,896,3584
"67146",8280,1656,6624
"67147",4675,935,3740
"67148",5215,1043,4172
"67149",6525,1305,5220
"67150",4060,812,3248
"67151",4020,804,3216
"67152",4755,951,3804
"67153",3535,707,2828
"67154",3850,770,3080
"67155",4625,925,3700
"67156",4595,919,3676
"67157",5400,1080,4320
"67158",6955,1391,5564
"67159",4590,918,3672
"67160",5935,1187,4748
"67161",7610,1522,6088
"67162",4840,968,3872
"67163",3775,755,3020
"67164",3760,752,3008
"67165",4015,803,3212
"67166",4835,967,3868
"67167",5960,1192,4768
"67168",5055,1011,4044
"67169",5030,1006,4024
"67170",6870,1374,5496
"67171",3055,611,2444
"67172",4855,971,3884
"67173",5070,1014,4056
"67174",5530,1106,4424
"67175",5220,1044,4176
"67176",3775,755,3020
"67177",6720,1344,5376
"67178",4600,920,3680
"67179",4020,804,3216
"67180",4405,881,3524
"67181",6685,1337,5348
"67182",3740,748,2992
"67183",3680,736,2944
"67184",5220,1044,4176
"67185",4655,931,3724
"67186",5245,1049,4196
"67187",5395,1079,4316
"67188",4500,900,3600
"67189",3525,705,2820
"67190",4495,899,3596
"67191",4055,811,3244
"67192",4210,842,3368
"67193",3920,784,3136
"67194",3950,790,3160
"67195",4185,837,3348
"67196",4935,987,3948
"67197",4660,932,3728
"67198",4360,872,3488
"67199",4115,823,3292
"67200",4440,888,3552
"67201",3665,733,2932
"67202",4680,936,3744
"67203",4315,863,3452
"67204",4205,841,3364
"67205",4930,986,3944
"67206",4445,889,3556
"67207",4390,878,3512
"67208",4745,949,3796
"67209",5670,1134,4536
"67210",3665,733,2932
"67211",4500,900,3600
"67212",4465,893,3572
"67213",4355,871,3484
"67214",2800,560,2240
"67215",6700,1340,5360
"67216",4140,828,3312
"67217",3795,759,3036
"67218",3350,670,2680
"67219",4565,913,3652
"67220",4435,887,3548
"67221",4315,863,3452
"67222",5630,1126,4504
"67223",4470,894,3576
"67224",3960,792,3168
"67225",4090,818,3272
"67226",3620,724,2896
"67227",4580,916,3664
"67228",5360,1072,4288
"67229",4375,875,3500
"67230",5340,1068,4272
"67231",6575,1315,5260
"67232",4515,903,3612
"67233",3950,790,3160
"67234",4085,817,3268
"67235",5315,1063,4252
"67236",4900,980,3920
"67237",4080,816,3264
"67238",4935,987,3948
"67239",4230,846,3384
"67240",3960,792,3168
"67241",3370,674,2696
"67242",3570,714,2856
"67243",5200,1040,4160
"67244",4645,929,3716
"67245",5055,1011,4044
"67246",4140,828,3312
"67247",4525,905,3620
"67248",3610,722,2888
"67249",5610,1122,4488
"67250",5370,1074,4296
"67251",4610,922,3688
"67252",5580,1116,4464
"67253",4775,955,3820
"67254",6120,1224,4896
"67255",4750,950,3800
"67256",4150,830,3320
"67257",5425,1085,4340
"67258",4205,841,3364
"67259",4245,849,3396
"67260",4170,834,3336
"67261",5640,1128,4512
"67262",3665,733,2932
"67263",4265,853,3412
"67264",5135,1027,4108
"67265",5345,1069,4276
"67266",4695,939,3756
"67267",6170,1234,4936
"67268",4410,882,3528
"67269",5595,1119,4476
"67270",3730,746,2984
"67271",6205,1241,4964
"67272",4550,910,3640
"67273",4695,939,3756
"67274",3425,685,2740
"67275",5310,1062,4248
"67276",4245,849,3396
"67277",4980,996,3984
"67278",4505,901,3604
"67279",4605,921,3684
"67280",6480,1296,5184
"67281",4375,875,3500
"67282",3860,772,3088
"67283",3300,660,2640
"67284",3295,659,2636
"67285",3965,793,3172
"67286",5175,1035,4140
"67287",4525,905,3620
"67288",4600,920,3680
"67289",6605,1321,5284
"67290",5440,1088,4352
"67291",4010,802,3208
"67292",4215,843,3372
"67293",4825,965,3860
"67294",4515,903,3612
"67295",5095,1019,4076
"67296",3600,720,2880
"67297",5895,1179,4716
"67298",4465,893,3572
"67299",3480,696,2784
"67300",5730,1146,4584
"67301",4835,967,3868
"67302",5070,1014,4056
"67303",4035,807,3228
"67304",4825,965,3860
"67305",4355,871,3484
"67306",6215,1243,4972
"67307",5420,1084,4336
"67308",4525,905,3620
"67309",4755,951,3804
"67310",8740,1748,6992
"67311",6025,1205,4820
"67312",4295,859,3436
"67313",5135,1027,4108
"67314",6280,1256,5024
"67315",4810,962,3848
"67316",5090,1018,4072
"67317",5490,1098,4392
"67318",4195,839,3356
"67319",4005,801,3204
"67320",5185,1037,4148
"67321",5055,1011,4044
"67322",4465,893,3572
"67323",9085,1817,7268
"67324",3655,731,2924
"67325",3495,699,2796
"67326",4105,821,3284
"67327",5080,1016,4064
"67328",4115,823,3292
"67329",4750,950,3800
"67330",4100,820,3280
"67331",4605,921,3684
"67332",4815,963,3852
"67333",6305,1261,5044
"67334",4735,947,3788
"67335",5005,1001,4004
"67336",4120,824,3296
"67337",6505,1301,5204
"67338",5385,1077,4308
"67339",5465,1093,4372
"67340",4350,870,3480
"67341",4965,993,3972
"67342",5410,1082,4328
"67343",5970,1194,4776
"67344",4140,828,3312
"67345",4580,916,3664
"67346",4840,968,3872
"67347",5930,1186,4744
"67348",5530,1106,4424
"67349",4755,951,3804
"67350",4185,837,3348
"67351",7055,1411,5644
"67352",3790,758,3032
"67353",4560,912,3648
"67354",4740,948,3792
"67355",4320,864,3456
"67356",5135,1027,4108
"67357",4595,919,3676
"67358",3965,793,3172
"67359",5045,1009,4036
"67360",5450,1090,4360
"67361",4995,999,3996
"67362",4350,870,3480
"67363",4915,983,3932
"67364",6025,1205,4820
"67365",3670,734,2936
"67366",4865,973,3892
"67367",4385,877,3508
"67368",5300,1060,4240
"67369",4165,833,3332
"67370",4535,907,3628
"67371",4005,801,3204
"67372",4935,987,3948
"67373",4550,910,3640
"67374",3770,754,3016
"67375",4450,890,3560
"67376",4160,832,3328
"67377",4675,935,3740
"67378",4475,895,3580
"67379",4340,868,3472
"67380",4405,881,3524
"67381",6630,1326,5304
"67382",5460,1092,4368
"67383",6595,1319,5276
"67384",5155,1031,4124
"67385",4185,837,3348
"67386",5440,1088,4352
"67387",3995,799,3196
"67388",4570,914,3656
"67389",4640,928,3712
"67390",4315,863,3452
"67391",4080,816,3264
"67392",4225,845,3380
"67393",5585,1117,4468
"67394",6570,1314,5256
"67395",3895,779,3116
"67396",4875,975,3900
"67397",4135,827,3308
"67398",4570,914,3656
"67399",5385,1077,4308
"67400",4275,855,3420
"67401",4520,904,3616
"67402",5165,1033,4132
"67403",6130,1226,4904
"67404",4310,862,3448
"67405",4605,921,3684
"67406",3940,788,3152
"67407",4830,966,3864
"67408",4590,918,3672
"67409",4245,849,3396
"67410",3905,781,3124
"67411",3905,781,3124
"67412",4490,898,3592
"67413",3850,770,3080
"67414",4715,943,3772
"67415",5275,1055,4220
"67416",4815,963,3852
"67417",4330,866,3464
"67418",4095,819,3276
"67419",7790,1558,6232
"67420",4165,833,3332
"67421",4650,930,3720
"67422",4110,822,3288
"67423",5120,1024,4096
"67424",3985,797,3188
"67425",5180,1036,4144
"67426",4875,975,3900
"67427",3755,751,3004
"67428",3760,752,3008
"67429",6915,1383,5532
"67430",3875,775,3100
"67431",4025,805,3220
"67432",3435,687,2748
"67433",4285,857,3428
"67434",4470,894,3576
"67435",4560,912,3648
"67436",4125,825,3300
"67437",6340,1268,5072
"67438",5470,1094,4376
"67439",5870,1174,4696
"67440",5850,1170,4680
"67441",4930,986,3944
"67442",6360,1272,5088
"67443",5295,1059,4236
"67444",3720,744,2976
"67445",5080,1016,4064
"67446",4795,959,3836
"67447",3490,698,2792
"67448",5485,1097,4388
"67449",4765,953,3812
"67450",4170,834,3336
"67451",3885,777,3108
"67452",6650,1330,5320
"67453",3675,735,2940
"67454",4595,919,3676
"67455",5940,1188,4752
"67456",5870,1174,4696
"67457",5430,1086,4344
"67458",4800,960,3840
"67459",3895,779,3116
"67460",4345,869,3476
"67461",4210,842,3368
"67462",4300,860,3440
"67463",4605,921,3684
"67464",3145,629,2516
"67465",5125,1025,4100
"67466",4650,930,3720
"67467",4390,878,3512
"67468",4295,859,3436
"67469",4555,911,3644
"67470",4710,942,3768
"67471",5135,1027,4108
"67472",4580,916,3664
"67473",3965,793,3172
"67474",4045,809,3236
"67475",5945,1189,4756
"67476",3950,790,3160
"67477",5495,1099,4396
"67478",3875,775,3100
"67479",5890,1178,4712
"67480",5405,1081,4324
"67481",4520,904,3616
"67482",5280,1056,4224
"67483",4405,881,3524
"67484",5080,1016,4064
"67485",3965,793,3172
"67486",4435,887,3548
"67487",4210,842,3368
"67488",5535,1107,4428
"67489",4325,865,3460
"67490",4250,850,3400
"67491",4410,882,3528
"67492",4170,834,3336
"67493",5615,1123,4492
"67494",3440,688,2752
"67495",5540,1108,4432
"67496",5275,1055,4220
"67497",4585,917,3668
"67498",7805,1561,6244
"67499",3415,683,2732
"67500",7055,1411,5644
"67501",4965,993,3972
"67502",4530,906,3624
"67503",4160,832,3328
"67504",4025,805,3220
"67505",6350,1270,5080
"67506",6725,1345,5380
"67507",5180,1036,4144
"67508",4890,978,3912
"67509",4610,922,3688
"67510",4615,923,3692
"67511",5260,1052,4208
"67512",4425,885,3540
"67513",3805,761,3044
"67514",3795,759,3036
"67515",4030,806,3224
"67516",3440,688,2752
"67517",3995,799,3196
"67518",5750,1150,4600
"67519",4980,996,3984
"67520",4580,916,3664
"67521",3515,703,2812
"67522",3920,784,3136
"67523",4525,905,3620
"67524",3965,793,3172
"67525",4150,830,3320
"67526",4395,879,3516
"67527",4250,850,3400
"67528",3885,777,3108
"67529",4385,877,3508
"67530",5550,1110,4440
"67531",4505,901,3604
"67532",4810,962,3848
"67533",6055,1211,4844
"67534",4355,871,3484
"67535",5260,1052,4208
"67536",4915,983,3932
"67537",4870,974,3896
"67538",4685,937,3748
"67539",3495,699,2796
"67540",4080,816,3264
"67541",5715,1143,4572
"67542",4210,842,3368
"67543",4440,888,3552
"67544",6645,1329,5316
"67545",5035,1007,4028
"67546",4280,856,3424
"67547",4705,941,3764
"67548",5295,1059,4236
"67549",6060,1212,4848
"67550",3830,766,3064
"67551",6150,1230,4920
"67552",4210,842,3368
"67553",4180,836,3344
"67554",4350,870,3480
"67555",5050,1010,4040
"67556",4095,819,3276
"67557",3975,795,3180
"67558",4025,805,3220
"67559",4515,903,3612
"67560",5260,1052,4208
"67561",5630,1126,4504
"67562",3645,729,2916
"67563",4350,870,3480
"67564",5285,1057,4228
"67565",4305,861,3444
"67566",4855,971,3884
"67567",3410,682,2728
"67568",5710,1142,4568
"67569",3935,787,3148
"67570",4480,896,3584
"67571",4445,889,3556
"67572",5340,1068,4272
"67573",5365,1073,4292
"67574",4790,958,3832
"67575",4545,909,3636
"67576",4330,866,3464
"67577",5910,1182,4728
"67578",5520,1104,4416
"67579",3660,732,2928
"67580",3765,753,3012
"67581",3515,703,2812
"67582",5190,1038,4152
"67583",4050,810,3240
"67584",3870,774,3096
"67585",4700,940,3760
"67586",4265,853,3412
"67587",5825,1165,4660
"67588",4510,902,3608
"67589",4770,954,3816
"67590",5595,1119,4476
"67591",4690,938,3752
"67592",4130,826,3304
"67593",5210,1042,4168
"67594",4400,880,3520
"67595",5055,1011,4044
"67596",4930,986,3944
"67597",3405,681,2724
"67598",4405,881,3524
"67599",4925,985,3940
"67600",5075,1015,4060
"67601",4155,831,3324
"67602",3855,771,3084
"67603",5180,1036,4144
"67604",4085,817,3268
"67605",4010,802,3208
"67606",4475,895,3580
"67607",4495,899,3596
"67608",4505,901,3604
"67609",4830,966,3864
"67610",4000,800,3200
"67611",3600,720,2880
"67612",5415,1083,4332
"67613",4880,976,3904
"67614",4425,885,3540
"67615",4450,890,3560
"67616",3870,774,3096
"67617",4885,977,3908
"67618",5175,1035,4140
"67619",3855,771,3084
"67620",6680,1336,5344
"67621",3870,774,3096
"67622",5390,1078,4312
"67623",4295,859,3436
"67624",6805,1361,5444
"67625",4355,871,3484
"67626",4850,970,3880
"67627",4615,923,3692
"67628",4925,985,3940
"67629",5125,1025,4100
"67630",5020,1004,4016
"67631",5045,1009,4036
"67632",6320,1264,5056
"67633",4055,811,3244
"67634",3995,799,3196
"67635",4430,886,3544
"67636",4540,908,3632
"67637",5185,1037,4148
"67638",5050,1010,4040
"67639",3910,782,3128
"67640",5730,1146,4584
"67641",5975,1195,4780
"67642",4445,889,3556
"67643",5050,1010,4040
"67644",4490,898,3592
"67645",3900,780,3120
"67646",5010,1002,4008
"67647",6325,1265,5060
"67648",4845,969,3876
"67649",3655,731,2924
"67650",4045,809,3236
"67651",4080,816,3264
"67652",4410,882,3528
"67653",5010,1002,4008
"67654",4000,800,3200
"67655",4195,839,3356
"67656",4290,858,3432
"67657",4430,886,3544
"67658",4525,905,3620
"67659",4010,802,3208
"67660",5175,1035,4140
"67661",6195,1239,4956
"67662",4350,870,3480
"67663",4285,857,3428
"67664",4085,817,3268
"67665",4205,841,3364
"67666",5075,1015,4060
"67667",4735,947,3788
"67668",5940,1188,4752
"67669",4215,843,3372
"67670",5455,1091,4364
"67671",4160,832,3328
"67672",4120,824,3296
"67673",4765,953,3812
"67674",6240,1248,4992
"67675",6015,1203,4812
"67676",4455,891,3564
"67677",4195,839,3356
"67678",3920,784,3136
"67679",4745,949,3796
"67680",3650,730,2920
"67681",6465,1293,5172
"67682",4495,899,3596
"67683",5900,1180,4720
"67684",6635,1327,5308
"67685",5090,1018,4072
"67686",4950,990,3960
"67687",5945,1189,4756
"67688",5115,1023,4092
"67689",4900,980,3920
"67690",4600,920,3680
"67691",5820,1164,4656
"67692",3735,747,2988
"67693",4220,844,3376
"67694",4465,893,3572
"67695",4580,916,3664
"67696",5630,1126,4504
"67697",5010,1002,4008
"67698",4055,811,3244
"67699",5355,1071,4284
"67700",4885,977,3908
"67701",4430,886,3544
"67702",4880,976,3904
"67703",5430,1086,4344
"67704",4775,955,3820
"67705",6545,1309,5236
"67706",5005,1001,4004
"67707",7500,1500,6000
"67708",4590,918,3672
"67709",4070,814,3256
"67710",4315,863,3452
"67711",4015,803,3212
"67712",4580,916,3664
"67713",6610,1322,5288
"67714",4185,837,3348
"67715",4710,942,3768
"67716",4620,924,3696
"67717",3115,623,2492
"67718",3855,771,3084
"67719",4275,855,3420
"67720",4325,865,3460
"67721",3880,776,3104
"67722",4000,800,3200
"67723",3690,738,2952
"67724",4390,878,3512
"67725",3735,747,2988
"67726",3270,654,2616
"67727",5165,1033,4132
"67728",3795,759,3036
"67729",4325,865,3460
"67730",5160,1032,4128
"67731",4730,946,3784
"67732",5565,1113,4452
"67733",5195,1039,4156
"67734",4440,888,3552
"67735",6010,1202,4808
"67736",5600,1120,4480
"67737",4380,876,3504
"67738",5615,1123,4492
"67739",3730,746,2984
"67740",5200,1040,4160
"67741",5640,1128,4512
"67742",5150,1030,4120
"67743",4320,864,3456
"67744",4675,935,3740
"67745",5560,1112,4448
"67746",4230,846,3384
"67747",4710,942,3768
"67748",4885,977,3908
"67749",6450,1290,5160
"67750",4660,932,3728
"67751",3755,751,3004
"67752",5890,1178,4712
"67753",8475,1695,6780
"67754",4885,977,3908
"67755",3870,774,3096
"67756",4400,880,3520
"67757",3880,776,3104
"67758",5030,1006,4024
"67759",3905,781,3124
"67760",4470,894,3576
"67761",4015,803,3212
"67762",5340,1068,4272
"67763",4150,830,3320
"67764",5100,1020,4080
"67765",5475,1095,4380
"67766",4050,810,3240
"67767",4420,884,3536
"67768",5395,1079,4316
"67769",3825,765,3060
"67770",3840,768,3072
"67771",5175,1035,4140
"67772",5015,1003,4012
"67773",5435,1087,4348
"67774",5160,1032,4128
"67775",5975,1195,4780
"67776",4890,978,3912
"67777",4750,950,3800
"67778",4820,964,3856
"67779",3730,746,2984
"67780",3855,771,3084
"67781",4995,999,3996
"67782",4580,916,3664
"67783",5805,1161,4644
"67784",4290,858,3432
"67785",5115,1023,4092
"67786",5420,1084,4336
"67787",4115,823,3292
"67788",4825,965,3860
"67789",4390,878,3512
"67790",4265,853,3412
"67791",4110,822,3288
"67792",4000,800,3200
"67793",4620,924,3696
"67794",4450,890,3560
"67795",4155,831,3324
"67796",4675,935,3740
"67797",4705,941,3764
"67798",5065,1013,4052
"67799",3975,795,3180
"67800",8215,1643,6572
"67801",7860,1572,6288
"67802",4705,941,3764
"67803",5435,1087,4348
"67804",4045,809,3236
"67805",4400,880,3520
"67806",4330,866,3464
"67807",9315,1863,7452
"67808",4750,950,3800
"67809",3790,758,3032
"67810",5300,1060,4240
"67811",4960,992,3968
"67812",6075,1215,4860
"67813",4730,946,3784
"67814",4185,837,3348
"67815",3350,670,2680
"67816",7845,1569,6276
"67817",4815,963,3852
"67818",4345,869,3476
"67819",3525,705,2820
"67820",4640,928,3712
"67821",5520,1104,4416
"67822",4525,905,3620
"67823",4425,885,3540
"67824",4035,807,3228
"67825",3690,738,2952
"67826",7330,1466,5864
"67827",4100,820,3280
"67828",3740,748,2992
"67829",5475,1095,4380
"67830",4405,881,3524
"67831",7980,1596,6384
"67832",4615,923,3692
"67833",4335,867,3468
"67834",4240,848,3392
"67835",4590,918,3672
"67836",4430,886,3544
"67837",5045,1009,4036
"67838",3870,774,3096
"67839",4720,944,3776
"67840",5000,1000,4000
"67841",4385,877,3508
"67842",4395,879,3516
"67843",5470,1094,4376
"67844",3610,722,2888
"67845",4380,876,3504
"67846",4120,824,3296
"67847",3720,744,2976
"67848",4675,935,3740
"67849",6045,1209,4836
"67850",4685,937,3748
"67851",5645,1129,4516
"67852",6355,1271,5084
"67853",4935,987,3948
"67854",5130,1026,4104
"67855",5195,1039,4156
"67856",5430,1086,4344
"67857",4365,873,3492
"67858",4765,953,3812
"67859",4685,937,3748
"67860",5550,1110,4440
"67861",4400,880,3520
"67862",3840,768,3072
"67863",5085,1017,4068
"67864",6150,1230,4920
"67865",6290,1258,5032
"67866",4535,907,3628
"67867",4825,965,3860
"67868",6065,1213,4852
"67869",3990,798,3192
"67870",6195,1239,4956
"67871",4790,958,3832
"67872",6705,1341,5364
"67873",4885,977,3908
"67874",5430,1086,4344
"67875",3830,766,3064
"67876",5110,1022,4088
"67877",4050,810,3240
"67878",5090,1018,4072
"67879",3850,770,3080
"67880",3885,777,3108
"67881",3895,779,3116
"67882",4140,828,3312
"67883",5200,1040,4160
"67884",4275,855,3420
"67885",4650,930,3720
"67886",3765,753,3012
"67887",4210,842,3368
"67888",4815,963,3852
"67889",6415,1283,5132
"67890",3775,755,3020
"67891",4205,841,3364
"67892",3935,787,3148
"67893",6325,1265,5060
"67894",5730,1146,4584
"67895",4640,928,3712
"67896",5150,1030,4120
"67897",5990,1198,4792
"67898",4360,872,3488
"67899",3675,735,2940
"67900",5300,1060,4240
"67901",6315,1263,5052
"67902",7470,1494,5976
"67903",5865,1173,4692
"67904",7125,1425,5700
"67905",5765,1153,4612
"67906",5570,1114,4456
"67907",7060,1412,5648
"67908",4900,980,3920
"67909",4735,947,3788
"67910",4740,948,3792
"67911",4060,812,3248
"67912",4780,956,3824
"67913",4900,980,3920
"67914",4370,874,3496
"67915",5470,1094,4376
"67916",4150,830,3320
"67917",4670,934,3736
"67918",5565,1113,4452
"67919",5155,1031,4124
"67920",3915,783,3132
"67921",3970,794,3176
"67922",5470,1094,4376
"67923",4825,965,3860
"67924",4430,886,3544
"67925",6445,1289,5156
"67926",4345,869,3476
"67927",5480,1096,4384
"67928",4285,857,3428
"67929",3495,699,2796
"67930",5040,1008,4032
"67931",3750,750,3000
"67932",4375,875,3500
"67933",4585,917,3668
"67934",8875,1775,7100
"67935",4295,859,3436
"67936",4230,846,3384
"67937",4525,905,3620
"67938",5800,1160,4640
"67939",5585,1117,4468
"67940",4675,935,3740
"67941",4550,910,3640
"67942",4515,903,3612
"67943",4115,823,3292
"67944",3185,637,2548
"67945",4400,880,3520
"67946",4480,896,3584
"67947",3870,774,3096
"67948",4545,909,3636
"67949",4455,891,3564
"67950",5145,1029,4116
"67951",4195,839,3356
"67952",7140,1428,5712
"67953",4310,862,3448
"67954",3835,767,3068
"67955",6330,1266,5064
"67956",4975,995,3980
"67957",4410,882,3528
"67958",3950,790,3160
"67959",3880,776,3104
"67960",4375,875,3500
"67961",5365,1073,4292
"67962",4350,870,3480
"67963",4335,867,3468
"67964",5895,1179,4716
"67965",4125,825,3300
"67966",4555,911,3644
"67967",4795,959,3836
"67968",5250,1050,4200
"67969",4210,842,3368
"67970",5580,1116,4464
"67971",4175,835,3340
"67972",4335,867,3468
"67973",5275,1055,4220
"67974",4100,820,3280
"67975",4240,848,3392
"67976",4460,892,3568
"67977",4125,825,3300
"67978",5445,1089,4356
"67979",5280,1056,4224
"67980",5110,1022,4088
"67981",6270,1254,5016
"67982",5315,1063,4252
"67983",3205,641,2564
"67984",6230,1246,4984
"67985",5875,1175,4700
"67986",4350,870,3480
"67987",5280,1056,4224
"67988",4585,917,3668
"67989",4470,894,3576
"67990",5540,1108,4432
"67991",4520,904,3616
"67992",4620,924,3696
"67993",5620,1124,4496
"67994",5570,1114,4456
"67995",4905,981,3924
"67996",4600,920,3680
"67997",6285,1257,5028
"67998",3780,756,3024
"67999",3720,744,2976
"68000",4160,832,3328
"68001",4840,968,3872
"68002",4595,919,3676
"68003",3780,756,3024
"68004",4300,860,3440
"68005",5100,1020,4080
"68006",5590,1118,4472
"68007",6080,1216,4864
"68008",4770,954,3816
"68009",4635,927,3708
"68010",6915,1383,5532
"68011",4225,845,3380
"68012",4355,871,3484
"68013",4315,863,3452
"68014",4445,889,3556
"68015",4940,988,3952
"68016",4755,951,3804
"68017",4165,833,3332
"68018",4560,912,3648
"68019",6835,1367,5468
"68020",4275,855,3420
"68021",9230,1846,7384
"68022",3890,778,3112
"68023",5265,1053,4212
"68024",6325,1265,5060
"68025",4870,974,3896
"68026",3990,798,3192
"68027",5245,1049,4196
"68028",5440,1088,4352
"68029",5930,1186,4744
"68030",5415,1083,4332
"68031",3630,726,2904
"68032",4115,823,3292
"68033",3860,772,3088
"68034",7175,1435,5740
"68035",6935,1387,5548
"68036",5660,1132,4528
"68037",5015,1003,4012
"68038",4145,829,3316
"68039",4715,943,3772
"68040",4820,964,3856
"68041",5760,1152,4608
"68042",7045,1409,5636
"68043",4870,974,3896
"68044",4540,908,3632
"68045",4440,888,3552
"68046",5935,1187,4748
"68047",5185,1037,4148
"68048",4120,824,3296
"68049",5055,1011,4044
"68050",4720,944,3776
"68051",4215,843,3372
"68052",9575,1915,7660
"68053",4150,830,3320
"68054",3700,740,2960
"68055",3785,757,3028
"68056",5145,1029,4116
"68057",4795,959,3836
"68058",3880,776,3104
"68059",4025,805,3220
"68060",3815,763,3052
"68061",4960,992,3968
"68062",5420,1084,4336
"68063",5800,1160,4640
"68064",5925,1185,4740
"68065",4225,845,3380
"68066",4435,887,3548
"68067",5030,1006,4024
"68068",4415,883,3532
"68069",5420,1084,4336
"68070",4805,961,3844
"68071",5045,1009,4036
"68072",3640,728,2912
"68073",4740,948,3792
"68074",3990,798,3192
"68075",4635,927,3708
"68076",4295,859,3436
"68077",4530,906,3624
"68078",4235,847,3388
"68079",4715,943,3772
"68080",5200,1040,4160
"68081",4370,874,3496
"68082",5580,1116,4464
"68083",4165,833,3332
"68084",4505,901,3604
"68085",4300,860,3440
"68086",4950,990,3960
"68087",4665,933,3732
"68088",3770,754,3016
"68089",6065,1213,4852
"68090",5465,1093,4372
"68091",4675,935,3740
"68092",5250,1050,4200
"68093",3840,768,3072
"68094",5175,1035,4140
"68095",5365,1073,4292
"68096",4125,825,3300
"68097",3785,757,3028
"68098",3900,780,3120
"68099",3945,789,3156
"68100",3615,723,2892
"68101",4335,867,3468
"68102",4920,984,3936
"68103",4435,887,3548
"68104",3800,760,3040
"68105",5725,1145,4580
"68106",4485,897,3588
"68107",5695,1139,4556
"68108",4710,942,3768
"68109",4870,974,3896
"68110",4805,961,3844
"68111",3765,753,3012
"68112",3925,785,3140
"68113",7610,1522,6088
"68114",5330,1066,4264
"68115",4875,975,3900
"68116",4285,857,3428
"68117",6085,1217,4868
"68118",4605,921,3684
"68119",4820,964,3856
"68120",5140,1028,4112
"68121",5860,1172,4688
"68122",4420,884,3536
"68123",4230,846,3384
"68124",4035,807,3228
"68125",3525,705,2820
"68126",4550,910,3640
"68127",4850,970,3880
"68128",5515,1103,4412
"68129",5690,1138,4552
"68130",3965,793,3172
"68131",5020,1004,4016
"68132",3820,764,3056
"68133",4615,923,3692
"68134",3935,787,3148
"68135",4875,975,3900
"68136",6020,1204,4816
"68137",4545,909,3636
"68138",3755,751,3004
"68139",4035,807,3228
"68140",3405,681,2724
"68141",5650,1130,4520
"68142",4940,988,3952
"68143",4160,832,3328
"68144",4645,929,3716
"68145",5465,1093,4372
"68146",4230,846,3384
"68147",4745,949,3796
"68148",3850,770,3080
"68149",4915,983,3932
"68150",4210,842,3368
"68151",5370,1074,4296
"68152",6020,1204,4816
"68153",4625,925,3700
"68154",3805,761,3044
"68155",5235,1047,4188
"68156",3595,719,2876
"68157",5140,1028,4112
"68158",4770,954,3816
"68159",4975,995,3980
"68160",4600,920,3680
"68161",3920,784,3136
"68162",4760,952,3808
"68163",5240,1048,4192
"68164",3785,757,3028
"68165",5225,1045,4180
"68166",4740,948,3792
"68167",4610,922,3688
"68168",4820,964,3856
"68169",5005,1001,4004
"68170",3560,712,2848
"68171",4210,842,3368
"68172",5055,1011,4044
"68173",5580,1116,4464
"68174",3840,768,3072
"68175",5510,1102,4408
"68176",5695,1139,4556
"68177",5020,1004,4016
"68178",5130,1026,4104
"68179",5395,1079,4316
"68180",6690,1338,5352
"68181",5085,1017,4068
"68182",3680,736,2944
"68183",4795,959,3836
"68184",3905,781,3124
"68185",4905,981,3924
"68186",4345,869,3476
"68187",4470,894,3576
"68188",4020,804,3216
"68189",3230,646,2584
"68190",4870,974,3896
"68191",4280,856,3424
"68192",4140,828,3312
"68193",4545,909,3636
"68194",4340,868,3472
"68195",5935,1187,4748
"68196",4195,839,3356
"68197",3685,737,2948
"68198",4335,867,3468
"68199",4520,904,3616
"68200",4340,868,3472
"68201",3595,719,2876
"68202",4400,880,3520
"68203",3470,694,2776
"68204",5240,1048,4192
"68205",4090,818,3272
"68206",4370,874,3496
"68207",4855,971,3884
"68208",4075,815,3260
"68209",6645,1329,5316
"68210",4140,828,3312
"68211",4300,860,3440
"68212",4465,893,3572
"68213",5135,1027,4108
"68214",6000,1200,4800
"68215",3810,762,3048
"68216",5630,1126,4504
"68217",6295,1259,5036
"68218",5925,1185,4740
"68219",5180,1036,4144
"68220",4240,848,3392
"68221",4540,908,3632
"68222",3915,783,3132
"68223",3675,735,2940
"68224",4305,861,3444
"68225",4040,808,3232
"68226",5035,1007,4028
"68227",6885,1377,5508
"68228",4870,974,3896
"68229",4600,920,3680
"68230",4460,892,3568
"68231",3955,791,3164
"68232",3855,771,3084
"68233",5470,1094,4376
"68234",4325,865,3460
"68235",4220,844,3376
"68236",5015,1003,4012
"68237",5250,1050,4200
"68238",6800,1360,5440
"68239",5225,1045,4180
"68240",4350,870,3480
"68241",7070,1414,5656
"68242",7870,1574,6296
"68243",6040,1208,4832
"68244",6555,1311,5244
"68245",3700,740,2960
"68246",4415,883,3532
"68247",5855,1171,4684
"68248",3570,714,2856
"68249",3935,787,3148
"68250",4195,839,3356
"68251",5075,1015,4060
"68252",4390,878,3512
"68253",7745,1549,6196
"68254",4695,939,3756
"68255",5275,1055,4220
"68256",4765,953,3812
"68257",4090,818,3272
"68258",4615,923,3692
"68259",4310,862,3448
"68260",4475,895,3580
"68261",3340,668,2672
"68262",5255,1051,4204
"68263",5550,1110,4440
"68264",5335,1067,4268
"68265",5330,1066,4264
"68266",4480,896,3584
"68267",4320,864,3456
"68268",6255,1251,5004
"68269",3945,789,3156
"68270",4250,850,3400
"68271",3370,674,2696
"68272",4850,970,3880
"68273",5745,1149,4596
"68274",6075,1215,4860
"68275",4540,908,3632
"68276",3585,717,2868
"68277",4910,982,3928
"68278",4895,979,3916
"68279",3440,688,2752
"68280",4670,934,3736
"68281",5840,1168,4672
"68282",5185,1037,4148
"68283",3910,782,3128
"68284",6050,1210,4840
"68285",4810,962,3848
"68286",6640,1328,5312
"68287",5185,1037,4148
"68288",5030,1006,4024
"68289",5040,1008,4032
"68290",4580,916,3664
"68291",4485,897,3588
"68292",6340,1268,5072
"68293",5670,1134,4536
"68294",4620,924,3696
"68295",4950,990,3960
"68296",4780,956,3824
"68297",5155,1031,4124
"68298",3665,733,2932
"68299",5160,1032,4128
"68300",3955,791,3164
"68301",4995,999,3996
"68302",3860,772,3088
"68303",4520,904,3616
"68304",5725,1145,4580
"68305",5205,1041,4164
"68306",4840,968,3872
"68307",4750,950,3800
"68308",4285,857,3428
"68309",4315,863,3452
"68310",4210,842,3368
"68311",3690,738,2952
"68312",5285,1057,4228
"68313",4175,835,3340
"68314",4085,817,3268
"68315",4175,835,3340
"68316",3365,673,2692
"68317",4280,856,3424
"68318",5180,1036,4144
"68319",3700,740,2960
"68320",4065,813,3252
"68321",5215,1043,4172
"68322",3915,783,3132
"68323",3680,736,2944
"68324",7200,1440,5760
"68325",5060,1012,4048
"68326",4210,842,3368
"68327",5390,1078,4312
"68328",3640,728,2912
"68329",4340,868,3472
"68330",3920,784,3136
"68331",4780,956,3824
"68332",4475,895,3580
"68333",4345,869,3476
"68334",3575,715,2860
"68335",5285,1057,4228
"68336",6960,1392,5568
"68337",5120,1024,4096
"68338",6150,1230,4920
"68339",4845,969,3876
"68340",4340,868,3472
"68341",4905,981,3924
"68342",5310,1062,4248
"68343",4755,951,3804
"68344",3465,693,2772
"68345",3625,725,2900
"68346",4350,870,3480
"68347",6645,1329,5316
"68348",3590,718,2872
"68349",5345,1069,4276
"68350",3650,730,2920
"68351",3905,781,3124
"68352",3655,731,2924
"68353",4310,862,3448
"68354",4170,834,3336
"68355",5745,1149,4596
"68356",5840,1168,4672
"68357",3750,750,3000
"68358",5250,1050,4200
"68359",5325,1065,4260
"68360",4140,828,3312
"68361",4200,840,3360
"68362",3620,724,2896
"68363",3985,797,3188
"68364",5410,1082,4328
"68365",4590,918,3672
"68366",3600,720,2880
"68367",4970,994,3976
"68368",6335,1267,5068
"68369",4525,905,3620
"68370",3390,678,2712
"68371",4590,918,3672
"68372",4345,869,3476
"68373",4060,812,3248
"68374",5770,1154,4616
"68375",3845,769,3076
"68376",4415,883,3532
"68377",4220,844,3376
"68378",5750,1150,4600
"68379",4840,968,3872
"68380",4615,923,3692
"68381",3295,659,2636
"68382",7280,1456,5824
"68383",5160,1032,4128
"68384",4860,972,3888
"68385",3755,751,3004
"68386",3430,686,2744
"68387",4060,812,3248
"68388",4060,812,3248
"68389",4055,811,3244
"68390",5745,1149,4596
"68391",3500,700,2800
"68392",5685,1137,4548
"68393",4450,890,3560
"68394",3285,657,2628
"68395",4620,924,3696
"68396",4655,931,3724
"68397",5090,1018,4072
"68398",4900,980,3920
"68399",4540,908,3632
"68400",4500,900,3600
"68401",3735,747,2988
"68402",5470,1094,4376
"68403",4255,851,3404
"68404",7980,1596,6384
"68405",5085,1017,4068
"68406",5705,1141,4564
"68407",4295,859,3436
"68408",3875,775,3100
"68409",5910,1182,4728
"68410",7095,1419,5676
"68411",4890,978,3912
"68412",5625,1125,4500
"68413",4035,807,3228
"68414",5325,1065,4260
"68415",4670,934,3736
"68416",4080,816,3264
"68417",5220,1044,4176
"68418",4155,831,3324
"68419",4920,984,3936
"68420",4215,843,3372
"68421",4015,803,3212
"68422",5275,1055,4220
"68423",4285,857,3428
"68424",5165,1033,4132
"68425",5435,1087,4348
"68426",4415,883,3532
"68427",4335,867,3468
"68428",4110,822,3288
"68429",4145,829,3316
"68430",4675,935,3740
"68431",4800,960,3840
"68432",4035,807,3228
"68433",3645,729,2916
"68434",4665,933,3732
"68435",4140,828,3312
"68436",3905,781,3124
"68437",3695,739,2956
"68438",4050,810,3240
"68439",3745,749,2996
"68440",6025,1205,4820
"68441",3615,723,2892
"68442",3395,679,2716
"68443",4750,950,3800
"68444",3745,749,2996
"68445",3990,798,3192
"68446",4450,890,3560
"68447",4185,837,3348
"68448",3905,781,3124
"68449",3925,785,3140
"68450",5405,1081,4324
"68451",3335,667,2668
"68452",4235,847,3388
"68453",4535,907,3628
"68454",4665,933,3732
"68455",4565,913,3652
"68456",4590,918,3672
"68457",4085,817,3268
"68458",4085,817,3268
"68459",5885,1177,4708
"68460",4520,904,3616
"68461",4340,868,3472
"68462",4395,879,3516
"68463",4330,866,3464
"68464",4130,826,3304
"68465",4185,837,3348
"68466",4385,877,3508
"68467",5315,1063,4252
"68468",4485,897,3588
"68469",5325,1065,4260
"68470",4085,817,3268
"68471",4590,918,3672
"68472",3955,791,3164
"68473",4175,835,3340
"68474",5225,1045,4180
"68475",5700,1140,4560
"68476",4620,924,3696
"68477",3975,795,3180
"68478",3640,728,2912
"68479",4250,850,3400
"68480",3860,772,3088
"68481",2930,586,2344
"68482",4465,893,3572
"68483",4495,899,3596
"68484",4545,909,3636
"68485",4375,875,3500
"68486",3600,720,2880
"68487",4420,884,3536
"68488",4340,868,3472
"68489",3820,764,3056
"68490",5885,1177,4708
"68491",4390,878,3512
"68492",3700,740,2960
"68493",4525,905,3620
"68494",4480,896,3584
"68495",5580,1116,4464
"68496",5910,1182,4728
"68497",4900,980,3920
"68498",4515,903,3612
"68499",5240,1048,4192
"68500",4805,961,3844
"68501",4145,829,3316
"68502",4745,949,3796
"68503",4235,847,3388
"68504",5570,1114,4456
"68505",4415,883,3532
"68506",4565,913,3652
"68507",5295,1059,4236
"68508",3420,684,2736
"68509",4080,816,3264
"68510",4805,961,3844
"68511",5670,1134,4536
"68512",3960,792,3168
"68513",4805,961,3844
"68514",4615,923,3692
"68515",4810,962,3848
"68516",3920,784,3136
"68517",4310,862,3448
"68518",4160,832,3328
"68519",3920,784,3136
"68520",5010,1002,4008
"68521",4900,980,3920
"68522",3600,720,2880
"68523",4570,914,3656
"68524",4020,804,3216
"68525",4815,963,3852
"68526",4990,998,3992
"68527",5050,1010,4040
"68528",5070,1014,4056
"68529",4615,923,3692
"68530",5320,1064,4256
"68531",4330,866,3464
"68532",4485,897,3588
"68533",6640,1328,5312
"68534",5600,1120,4480
"68535",3995,799,3196
"68536",4450,890,3560
"68537",5215,1043,4172
"68538",4575,915,3660
"68539",6690,1338,5352
"68540",7385,1477,5908
"68541",4700,940,3760
"68542",4235,847,3388
"68543",4860,972,3888
"68544",5785,1157,4628
"68545",6215,1243,4972
"68546",3865,773,3092
"68547",3700,740,2960
"68548",6250,1250,5000
"68549",5630,1126,4504
"68550",4480,896,3584
"68551",4720,944,3776
"68552",5220,1044,4176
"68553",3935,787,3148
"68554",4450,890,3560
"68555",5080,1016,4064
"68556",6140,1228,4912
"68557",4270,854,3416
"68558",3660,732,2928
"68559",4065,813,3252
"68560",4155,831,3324
"68561",7965,1593,6372
"68562",4090,818,3272
"68563",4440,888,3552
"68564",5350,1070,4280
"68565",3480,696,2784
"68566",4460,892,3568
"68567",3670,734,2936
"68568",5430,1086,4344
"68569",5250,1050,4200
"68570",5630,1126,4504
"68571",5515,1103,4412
"68572",4420,884,3536
"68573",4500,900,3600
"68574",3855,771,3084
"68575",4315,863,3452
"68576",6550,1310,5240
"68577",4390,878,3512
"68578",3775,755,3020
"68579",4805,961,3844
"68580",5450,1090,4360
"68581",5035,1007,4028
"68582",5200,1040,4160
"68583",3485,697,2788
"68584",4220,844,3376
"68585",6965,1393,5572
"68586",4030,806,3224
"68587",3905,781,3124
"68588",5900,1180,4720
"68589",5695,1139,4556
"68590",5020,1004,4016
"68591",4990,998,3992
"68592",6525,1305,5220
"68593",3560,712,2848
"68594",3680,736,2944
"68595",4595,919,3676
"68596",5680,1136,4544
"68597",5480,1096,4384
"68598",4130,826,3304
"68599",4010,802,3208
"68600",4295,859,3436
"68601",3450,690,2760
"68602",3390,678,2712
"68603",4280,856,3424
"68604",5175,1035,4140
"68605",3995,799,3196
"68606",4650,930,3720
"68607",6465,1293,5172
"68608",4570,914,3656
"68609",4115,823,3292
"68610",5530,1106,4424
"68611",4345,869,3476
"68612",7335,1467,5868
"68613",5270,1054,4216
"68614",5165,1033,4132
"68615",5205,1041,4164
"68616",3185,637,2548
"68617",3735,747,2988
"68618",6000,1200,4800
"68619",4500,900,3600
"68620",3530,706,2824
"68621",4285,857,3428
"68622",5220,1044,4176
"68623",4105,821,3284
"68624",3890,778,3112
"68625",4740,948,3792
"68626",4040,808,3232
"68627",4725,945,3780
"68628",3890,778,3112
"68629",4705,941,3764
"68630",6815,1363,5452
"68631",4580,916,3664
"68632",4785,957,3828
"68633",3325,665,2660
"68634",5610,1122,4488
"68635",5825,1165,4660
"68636",4845,969,3876
"68637",4055,811,3244
"68638",4595,919,3676
"68639",5170,1034,4136
"68640",4460,892,3568
"68641",4435,887,3548
"68642",4645,929,3716
"68643",4660,932,3728
"68644",4900,980,3920
"68645",5115,1023,4092
"68646",3635,727,2908
"68647",5405,1081,4324
"68648",4350,870,3480
"68649",3620,724,2896
"68650",7100,1420,5680
"68651",5075,1015,4060
"68652",3660,732,2928
"68653",5180,1036,4144
"68654",4355,871,3484
"68655",4555,911,3644
"68656",4230,846,3384
"68657",4500,900,3600
"68658",3855,771,3084
"68659",3950,790,3160
"68660",5385,1077,4308
"68661",4200,840,3360
"68662",4890,978,3912
"68663",5155,1031,4124
"68664",3960,792,3168
"68665",4765,953,3812
"68666",4885,977,3908
"68667",4265,853,3412
"68668",5050,1010,4040
"68669",4800,960,3840
"68670",4135,827,3308
"68671",6475,1295,5180
"68672",5450,1090,4360
"68673",4925,985,3940
"68674",3420,684,2736
"68675",4355,871,3484
"68676",3780,756,3024
"68677",4275,855,3420
"68678",5000,1000,4000
"68679",5595,1119,4476
"68680",4080,816,3264
"68681",4760,952,3808
"68682",3985,797,3188
"68683",4600,920,3680
"68684",4290,858,3432
"68685",4775,955,3820
"68686",4105,821,3284
"68687",4055,811,3244
"68688",4120,824,3296
"68689",3750,750,3000
"68690",3890,778,3112
"68691",3165,633,2532
"68692",4610,922,3688
"68693",5085,1017,4068
"68694",4950,990,3960
"68695",5500,1100,4400
"68696",3500,700,2800
"68697",5245,1049,4196
"68698",4455,891,3564
"68699",5830,1166,4664
"68700",3840,768,3072
"68701",5230,1046,4184
"68702",4480,896,3584
"68703",5380,1076,4304
"68704",5580,1116,4464
"68705",4960,992,3968
"68706",4395,879,3516
"68707",5015,1003,4012
"68708",4930,986,3944
"68709",4035,807,3228
"68710",4855,971,3884
"68711",3905,781,3124
"68712",4790,958,3832
"68713",3755,751,3004
"68714",4360,872,3488
"68715",5230,1046,4184
"68716",4375,875,3500
"68717",5245,1049,4196
"68718",4250,850,3400
"68719",4820,964,3856
"68720",7235,1447,5788
"68721",4295,859,3436
"68722",4230,846,3384
"68723",4000,800,3200
"68724",6050,1210,4840
"68725",3790,758,3032
"68726",6695,1339,5356
"68727",3680,736,2944
"68728",7560,1512,6048
"68729",5165,1033,4132
"68730",4900,980,3920
"68731",4590,918,3672
"68732",5125,1025,4100
"68733",6845,1369,5476
"68734",4090,818,3272
"68735",5835,1167,4668
"68736",6145,1229,4916
"68737",5150,1030,4120
"68738",3440,688,2752
"68739",4165,833,3332
"68740",5540,1108,4432
"68741",4385,877,3508
"68742",4570,914,3656
"68743",4110,822,3288
"68744",3305,661,2644
"68745",4385,877,3508
"68746",5375,1075,4300
"68747",4360,872,3488
"68748",3865,773,3092
"68749",3310,662,2648
"68750",4345,869,3476
"68751",3955,791,3164
"68752",4340,868,3472
"68753",5360,1072,4288
"68754",4305,861,3444
"68755",4065,813,3252
"68756",4870,974,3896
"68757",3970,794,3176
"68758",4740,948,3792
"68759",4295,859,3436
"68760",4705,941,3764
"68761",4305,861,3444
"68762",4005,801,3204
"68763",3360,672,2688
"68764",4655,931,3724
"68765",5185,1037,4148
"68766",4040,808,3232
"68767",5370,1074,4296
"68768",5230,1046,4184
"68769",6090,1218,4872
"68770",4075,815,3260
"68771",4980,996,3984
"68772",3450,690,2760
"68773",4090,818,3272
"68774",4245,849,3396
"68775",6025,1205,4820
"68776",5245,1049,4196
"68777",5615,1123,4492
"68778",4875,975,3900
"68779",5795,1159,4636
"68780",4745,949,3796
"68781",3990,798,3192
"68782",3920,784,3136
"68783",6345,1269,5076
"68784",4275,855,3420
"68785",4225,845,3380
"68786",6655,1331,5324
"68787",3680,736,2944
"68788",4410,882,3528
"68789",4165,833,3332
"68790",5225,1045,4180
"68791",5185,1037,4148
"68792",4085,817,3268
"68793",4990,998,3992
"68794",5365,1073,4292
"68795",4115,823,3292
"68796",5335,1067,4268
"68797",3640,728,2912
"68798",4885,977,3908
"68799",4950,990,3960
"68800",3615,723,2892
"68801",3950,790,3160
"68802",3955,791,3164
"68803",4700,940,3760
"68804",3430,686,2744
"68805",4385,877,3508
"68806",4705,941,3764
"68807",5500,1100,4400
"68808",4535,907,3628
"68809",3980,796,3184
"68810",5880,1176,4704
"68811",6475,1295,5180
"68812",4330,866,3464
"68813",5120,1024,4096
"68814",4720,944,3776
"68815",4250,850,3400
"68816",4335,867,3468
"68817",3450,690,2760
"68818",4085,817,3268
"68819",4950,990,3960
"68820",4345,869,3476
"68821",4715,943,3772
"68822",4310,862,3448
"68823",5870,1174,4696
"68824",4325,865,3460
"68825",3885,777,3108
"68826",3485,697,2788
"68827",5195,1039,4156
"68828",4945,989,3956
"68829",4460,892,3568
"68830",6255,1251,5004
"68831",5490,1098,4392
"68832",6610,1322,5288
"68833",4330,866,3464
"68834",4555,911,3644
"68835",3645,729,2916
"68836",5250,1050,4200
"68837",4440,888,3552
"68838",4200,840,3360
"68839",5275,1055,4220
"68840",4160,832,3328
"68841",5235,1047,4188
"68842",4425,885,3540
"68843",4235,847,3388
"68844",3845,769,3076
"68845",4280,856,3424
"68846",6715,1343,5372
"68847",5415,1083,4332
"68848",4845,969,3876
"68849",6085,1217,4868
"68850",4775,955,3820
"68851",6040,1208,4832
"68852",3560,712,2848
"68853",5140,1028,4112
"68854",4210,842,3368
"68855",4045,809,3236
"68856",4600,920,3680
"68857",4430,886,3544
"68858",4835,967,3868
"68859",4465,893,3572
"68860",3305,661,2644
"68861",3475,695,2780
"68862",3600,720,2880
"68863",3950,790,3160
"68864",6640,1328,5312
"68865",5595,1119,4476
"68866",5135,1027,4108
"68867",5050,1010,4040
"68868",4990,998,3992
"68869",4555,911,3644
"68870",3515,703,2812
"68871",5125,1025,4100
"68872",5735,1147,4588
"68873",4925,985,3940
"68874",4740,948,3792
"68875",4665,933,3732
"68876",4560,912,3648
"68877",3930,786,3144
"68878",4605,921,3684
"68879",6755,1351,5404
"68880",4255,851,3404
"68881",5135,1027,4108
"68882",4895,979,3916
"68883",4625,925,3700
"68884",5000,1000,4000
"68885",4895,979,3916
"68886",4630,926,3704
"68887",3800,760,3040
"68888",4855,971,3884
"68889",4250,850,3400
"68890",5120,1024,4096
"68891",3995,799,3196
"68892",5385,1077,4308
"68893",4680,936,3744
"68894",3530,706,2824
"68895",4410,882,3528
"68896",5255,1051,4204
"68897",6850,1370,5480
"68898",5555,1111,4444
"68899",5570,1114,4456
"68900",4315,863,3452
"68901",7660,1532,6128
"68902",5505,1101,4404
"68903",5430,1086,4344
"68904",4725,945,3780
"68905",4050,810,3240
"68906",4470,894,3576
"68907",3810,762,3048
"68908",5120,1024,4096
"68909",3860,772,3088
"68910",5910,1182,4728
"68911",5105,1021,4084
"68912",5220,1044,4176
"68913",5380,1076,4304
"68914",3555,711,2844
"68915",4815,963,3852
"68916",6935,1387,5548
"68917",5895,1179,4716
"68918",4995,999,3996
"68919",4695,939,3756
"68920",3595,719,2876
"68921",3700,740,2960
"68922",4130,826,3304
"68923",3430,686,2744
"68924",4225,845,3380
"68925",3945,789,3156
"68926",6405,1281,5124
"68927",5780,1156,4624
"68928",4460,892,3568
"68929",4410,882,3528
"68930",4890,978,3912
"68931",3835,767,3068
"68932",4770,954,3816
"68933",4100,820,3280
"68934",4150,830,3320
"68935",5250,1050,4200
"68936",4470,894,3576
"68937",4520,904,3616
"68938",5000,1000,4000
"68939",6295,1259,5036
"68940",3735,747,2988
"68941",5485,1097,4388
"68942",4395,879,3516
"68943",4630,926,3704
"68944",3955,791,3164
"68945",5025,1005,4020
"68946",4925,985,3940
"68947",4075,815,3260
"68948",5510,1102,4408
"68949",4505,901,3604
"68950",5670,1134,4536
"68951",4570,914,3656
"68952",4425,885,3540
"68953",3895,779,3116
"68954",3975,795,3180
"68955",4945,989,3956
"68956",6555,1311,5244
"68957",4700,940,3760
"68958",3905,781,3124
"68959",3835,767,3068
"68960",4675,935,3740
"68961",5025,1005,4020
"68962",3780,756,3024
"68963",4020,804,3216
"68964",4020,804,3216
"68965",5670,1134,4536
"68966",4480,896,3584
"68967",4555,911,3644
"68968",4520,904,3616
"68969",4520,904,3616
"68970",4320,864,3456
"68971",6785,1357,5428
"68972",5570,1114,4456
"68973",3725,745,2980
"68974",3510,702,2808
"68975",6080,1216,4864
"68976",4825,965,3860
"68977",4630,926,3704
"68978",4735,947,3788
"68979",4870,974,3896
"68980",5255,1051,4204
"68981",4315,863,3452
"68982",6085,1217,4868
"68983",4135,827,3308
"68984",5530,1106,4424
"68985",4840,968,3872
"68986",4545,909,3636
"68987",5670,1134,4536
"68988",3670,734,2936
"68989",4255,851,3404
"68990",4235,847,3388
"68991",4265,853,3412
"68992",3955,791,3164
"68993",4315,863,3452
"68994",4155,831,3324
"68995",4185,837,3348
"68996",5220,1044,4176
"68997",6225,1245,4980
"68998",5945,1189,4756
"68999",5200,1040,4160
"69000",3650,730,2920
"69001",4970,994,3976
"69002",4365,873,3492
"69003",4160,832,3328
"69004",3710,742,2968
"69005",4715,943,3772
"69006",3540,708,2832
"69007",4115,823,3292
"69008",3865,773,3092
"69009",4220,844,3376
"69010",4625,925,3700
"69011",4230,846,3384
"69012",4320,864,3456
"69013",4700,940,3760
"69014",5370,1074,4296
"69015",6045,1209,4836
"69016",4160,832,3328
"69017",6200,1240,4960
"69018",4320,864,3456
"69019",4715,943,3772
"69020",4330,866,3464
"69021",3855,771,3084
"69022",4725,945,3780
"69023",4835,967,3868
"69024",5975,1195,4780
"69025",4340,868,3472
"69026",4460,892,3568
"69027",3770,754,3016
"69028",3995,799,3196
"69029",4855,971,3884
"69030",4590,918,3672
"69031",4230,846,3384
"69032",3650,730,2920
"69033",6620,1324,5296
"69034",6175,1235,4940
"69035",5765,1153,4612
"69036",5715,1143,4572
"69037",3985,797,3188
"69038",5105,1021,4084
"69039",5095,1019,4076
"69040",4625,925,3700
"69041",4980,996,3984
"69042",5770,1154,4616
"69043",4910,982,3928
"69044",3815,763,3052
"69045",5200,1040,4160
"69046",3135,627,2508
"69047",6225,1245,4980
"69048",6015,1203,4812
"69049",4070,814,3256
"69050",4150,830,3320
"69051",3705,741,2964
"69052",3880,776,3104
"69053",3995,799,3196
"69054",4845,969,3876
"69055",4630,926,3704
"69056",4300,860,3440
"69057",5125,1025,4100
"69058",4035,807,3228
"69059",5925,1185,4740
"69060",4320,864,3456
"69061",4135,827,3308
"69062",4500,900,3600
"69063",4820,964,3856
"69064",4170,834,3336
"69065",4050,810,3240
"69066",4895,979,3916
"69067",5200,1040,4160
"69068",6120,1224,4896
"69069",3645,729,2916
"69070",5445,1089,4356
"69071",5350,1070,4280
"69072",6625,1325,5300
"69073",4730,946,3784
"69074",3930,786,3144
"69075",4925,985,3940
"69076",4490,898,3592
"69077",4180,836,3344
"69078",5470,1094,4376
"69079",5130,1026,4104
"69080",4890,978,3912
"69081",4580,916,3664
"69082",4250,850,3400
"69083",6475,1295,5180
"69084",4965,993,3972
"69085",3755,751,3004
"69086",3825,765,3060
"69087",4035,807,3228
"69088",4610,922,3688
"69089",4440,888,3552
"69090",4250,850,3400
"69091",5315,1063,4252
"69092",4755,951,3804
"69093",4825,965,3860
"69094",3770,754,3016
"69095",3905,781,3124
"69096",4460,892,3568
"69097",4425,885,3540
"69098",5025,1005,4020
"69099",4720,944,3776
"69100",5720,1144,4576
"69101",4125,825,3300
"69102",4550,910,3640
"69103",3810,762,3048
"69104",5830,1166,4664
"69105",5240,1048,4192
"69106",3260,652,2608
"69107",4480,896,3584
"69108",4030,806,3224
"69109",5135,1027,4108
"69110",4665,933,3732
"69111",6990,1398,5592
"69112",4365,873,3492
"69113",3730,746,2984
"69114",4975,995,3980
"69115",5035,1007,4028
"69116",4305,861,3444
"69117",4060,812,3248
"69118",4465,893,3572
"69119",5160,1032,4128
"69120",6040,1208,4832
"69121",4140,828,3312
"69122",4355,871,3484
"69123",4970,994,3976
"69124",4805,961,3844
"69125",3980,796,3184
"69126",4370,874,3496
"69127",3960,792,3168
"69128",4820,964,3856
"69129",7255,1451,5804
"69130",4410,882,3528
"69131",3955,791,3164
"69132",4265,853,3412
"69133",8590,1718,6872
"69134",4750,950,3800
"69135",3540,708,2832
"69136",4210,842,3368
"69137",3760,752,3008
"69138",3420,684,2736
"69139",3775,755,3020
"69140",3770,754,3016
"69141",6115,1223,4892
"69142",3405,681,2724
"69143",4515,903,3612
"69144",4210,842,3368
"69145",3970,794,3176
"69146",4510,902,3608
"69147",4320,864,3456
"69148",4425,885,3540
"69149",3735,747,2988
"69150",4125,825,3300
"69151",4010,802,3208
"69152",3960,792,3168
"69153",4535,907,3628
"69154",5120,1024,4096
"69155",4245,849,3396
"69156",4315,863,3452
"69157",5160,1032,4128
"69158",5025,1005,4020
"69159",3935,787,3148
"69160",4515,903,3612
"69161",3795,759,3036
"69162",4310,862,3448
"69163",4895,979,3916
"69164",5115,1023,4092
"69165",3850,770,3080
"69166",4490,898,3592
"69167",4450,890,3560
"69168",4870,974,3896
"69169",5020,1004,4016
"69170",4480,896,3584
"69171",4415,883,3532
"69172",4510,902,3608
"69173",4495,899,3596
"69174",4935,987,3948
"69175",3685,737,2948
"69176",3890,778,3112
"69177",5445,1089,4356
"69178",4965,993,3972
"69179",4020,804,3216
"69180",3525,705,2820
"69181",4105,821,3284
"69182",6625,1325,5300
"69183",4040,808,3232
"69184",5410,1082,4328
"69185",4925,985,3940
"69186",3945,789,3156
"69187",4610,922,3688
"69188",4835,967,3868
"69189",4315,863,3452
"69190",4905,981,3924
"69191",4595,919,3676
"69192",4045,809,3236
"69193",3265,653,2612
"69194",3995,799,3196
"69195",4320,864,3456
"69196",4955,991,3964
"69197",6315,1263,5052
"69198",4245,849,3396
"69199",5285,1057,4228
"69200",3555,711,2844
"69201",3830,766,3064
"69202",5035,1007,4028
"69203",4235,847,3388
"69204",4510,902,3608
"69205",3845,769,3076
"69206",3570,714,2856
"69207",4485,897,3588
"69208",5300,1060,4240
"69209",4175,835,3340
"69210",3700,740,2960
"69211",5060,1012,4048
"69212",4945,989,3956
"69213",4020,804,3216
"69214",4415,883,3532
"69215",4755,951,3804
"69216",4845,969,3876
"69217",4990,998,3992
"69218",5115,1023,4092
"69219",4065,813,3252
"69220",3600,720,2880
"69221",5290,1058,4232
"69222",3920,784,3136
"69223",4285,857,3428
"69224",6020,1204,4816
"69225",3970,794,3176
"69226",4650,930,3720
"69227",4240,848,3392
"69228",5145,1029,4116
"69229",4270,854,3416
"69230",5920,1184,4736
"69231",4285,857,3428
"69232",5810,1162,4648
"69233",5945,1189,4756
"69234",4690,938,3752
"69235",4965,993,3972
"69236",3605,721,2884
"69237",6435,1287,5148
"69238",4005,801,3204
"69239",5225,1045,4180
"69240",5465,1093,4372
"69241",3375,675,2700
"69242",5995,1199,4796
"69243",5840,1168,4672
"69244",3520,704,2816
"69245",4660,932,3728
"69246",4080,816,3264
"69247",3705,741,2964
"69248",4825,965,3860
"69249",4565,913,3652
"69250",3595,719,2876
"69251",6670,1334,5336
"69252",4375,875,3500
"69253",4945,989,3956
"69254",4690,938,3752
"69255",4275,855,3420
"69256",5665,1133,4532
"69257",3500,700,2800
"69258",4335,867,3468
"69259",3870,774,3096
"69260",3945,789,3156
"69261",4815,963,3852
"69262",3485,697,2788
"69263",4280,856,3424
"69264",6195,1239,4956
"69265",3975,795,3180
"69266",5710,1142,4568
"69267",3780,756,3024
"69268",3990,798,3192
"69269",4065,813,3252
"69270",3510,702,2808
"69271",4120,824,3296
"69272",5320,1064,4256
"69273",3290,658,2632
"69274",4170,834,3336
"69275",4010,802,3208
"69276",4435,887,3548
"69277",5155,1031,4124
"69278",6515,1303,5212
"69279",5420,1084,4336
"69280",7930,1586,6344
"69281",5285,1057,4228
"69282",4875,975,3900
"69283",5805,1161,4644
"69284",5050,1010,4040
"69285",3860,772,3088
"69286",5730,1146,4584
"69287",5640,1128,4512
"69288",4825,965,3860
"69289",4460,892,3568
"69290",3515,703,2812
"69291",5025,1005,4020
"69292",6010,1202,4808
"69293",5850,1170,4680
"69294",3845,769,3076
"69295",5405,1081,4324
"69296",3710,742,2968
"69297",5050,1010,4040
"69298",3490,698,2792
"69299",4650,930,3720
"69300",4785,957,3828
"69301",5270,1054,4216
"69302",5070,1014,4056
"69303",4145,829,3316
"69304",3825,765,3060
"69305",4775,955,3820
"69306",6870,1374,5496
"69307",3590,718,2872
"69308",4735,947,3788
"69309",3160,632,2528
"69310",3630,726,2904
"69311",4040,808,3232
"69312",3345,669,2676
"69313",3675,735,2940
"69314",3760,752,3008
"69315",4460,892,3568
"69316",6605,1321,5284
"69317",4525,905,3620
"69318",3610,722,2888
"69319",4085,817,3268
"69320",5235,1047,4188
"69321",5230,1046,4184
"69322",5360,1072,4288
"69323",5115,1023,4092
"69324",4350,870,3480
"69325",5610,1122,4488
"69326",2825,565,2260
"69327",4345,869,3476
"69328",5075,1015,4060
"69329",5075,1015,4060
"69330",4155,831,3324
"69331",5005,1001,4004
"69332",4205,841,3364
"69333",4085,817,3268
"69334",7595,1519,6076
"69335",5160,1032,4128
"69336",3530,706,2824
"69337",4655,931,3724
"69338",6725,1345,5380
"69339",5150,1030,4120
"69340",3915,783,3132
"69341",4610,922,3688
"69342",4330,866,3464
"69343",5130,1026,4104
"69344",4850,970,3880
"69345",4245,849,3396
"69346",5270,1054,4216
"69347",5170,1034,4136
"69348",3855,771,3084
"69349",4795,959,3836
"69350",5355,1071,4284
"69351",3985,797,3188
"69352",3070,614,2456
"69353",6550,1310,5240
"69354",5390,1078,4312
"69355",3570,714,2856
"69356",6090,1218,4872
"69357",4245,849,3396
"69358",5405,1081,4324
"69359",3575,715,2860
"69360",6150,1230,4920
"69361",5265,1053,4212
"69362",6295,1259,5036
"69363",4215,843,3372
"69364",4255,851,3404
"69365",4155,831,3324
"69366",4075,815,3260
"69367",4660,932,3728
"69368",6475,1295,5180
"69369",5580,1116,4464
"69370",4635,927,3708
"69371",4815,963,3852
"69372",4285,857,3428
"69373",5260,1052,4208
"69374",4405,881,3524
"69375",3620,724,2896
"69376",4290,858,3432
"69377",3550,710,2840
"69378",4855,971,3884
"69379",4040,808,3232
"69380",4920,984,3936
"69381",4325,865,3460
"69382",4400,880,3520
"69383",6940,1388,5552
"69384",4185,837,3348
"69385",5335,1067,4268
"69386",5450,1090,4360
"69387",4380,876,3504
"69388",4000,800,3200
"69389",4330,866,3464
"69390",4745,949,3796
"69391",6800,1360,5440
"69392",4970,994,3976
"69393",6470,1294,5176
"69394",4175,835,3340
"69395",8595,1719,6876
"69396",4420,884,3536
"69397",4080,816,3264
"69398",3425,685,2740
"69399",4610,922,3688
"69400",4835,967,3868
"69401",3905,781,3124
"69402",4220,844,3376
"69403",4970,994,3976
"69404",3825,765,3060
"69405",4995,999,3996
"69406",5390,1078,4312
"69407",3665,733,2932
"69408",4900,980,3920
"69409",3365,673,2692
"69410",4375,875,3500
"69411",4760,952,3808
"69412",5065,1013,4052
"69413",4605,921,3684
"69414",5000,1000,4000
"69415",4920,984,3936
"69416",4930,986,3944
"69417",4760,952,3808
"69418",4980,996,3984
"69419",3515,703,2812
"69420",3675,735,2940
"69421",4710,942,3768
"69422",6550,1310,5240
"69423",4885,977,3908
"69424",4525,905,3620
"69425",4370,874,3496
"69426",6100,1220,4880
"69427",4420,884,3536
"69428",5795,1159,4636
"69429",6085,1217,4868
"69430",4865,973,3892
"69431",4225,845,3380
"69432",4395,879,3516
"69433",6500,1300,5200
"69434",4095,819,3276
"69435",4825,965,3860
"69436",5770,1154,4616
"69437",5005,1001,4004
"69438",6820,1364,5456
"69439",4835,967,3868
"69440",5265,1053,4212
"69441",5790,1158,4632
"69442",5170,1034,4136
"69443",3285,657,2628
"69444",4555,911,3644
"69445",3930,786,3144
"69446",5010,1002,4008
"69447",6285,1257,5028
"69448",4050,810,3240
"69449",5245,1049,4196
"69450",5005,1001,4004
"69451",5665,1133,4532
"69452",4525,905,3620
"69453",3710,742,2968
"69454",5010,1002,4008
"69455",6075,1215,4860
"69456",3170,634,2536
"69457",4805,961,3844
"69458",3525,705,2820
"69459",4870,974,3896
"69460",5485,1097,4388
"69461",6870,1374,5496
"69462",5605,1121,4484
"69463",4450,890,3560
"69464",5035,1007,4028
"69465",4155,831,3324
"69466",4185,837,3348
"69467",4345,869,3476
"69468",4215,843,3372
"69469",6630,1326,5304
"69470",5115,1023,4092
"69471",6025,1205,4820
"69472",4780,956,3824
"69473",5060,1012,4048
"69474",3730,746,2984
"69475",4390,878,3512
"69476",4235,847,3388
"69477",4685,937,3748
"69478",6385,1277,5108
"69479",4385,877,3508
"69480",3885,777,3108
"69481",3690,738,2952
"69482",3980,796,3184
"69483",5470,1094,4376
"69484",3655,731,2924
"69485",4015,803,3212
"69486",4900,980,3920
"69487",6365,1273,5092
"69488",4145,829,3316
"69489",5785,1157,4628
"69490",4850,970,3880
"69491",4775,955,3820
"69492",4360,872,3488
"69493",3700,740,2960
"69494",3810,762,3048
"69495",4105,821,3284
"69496",3880,776,3104
"69497",4720,944,3776
"69498",4625,925,3700
"69499",4390,878,3512
"69500",5880,1176,4704
"69501",3685,737,2948
"69502",6045,1209,4836
"69503",4905,981,3924
"69504",7065,1413,5652
"69505",5005,1001,4004
"69506",5770,1154,4616
"69507",4665,933,3732
"69508",8590,1718,6872
"69509",5915,1183,4732
"69510",4840,968,3872
"69511",4105,821,3284
"69512",4035,807,3228
"69513",4810,962,3848
"69514",5125,1025,4100
"69515",5370,1074,4296
"69516",3500,700,2800
"69517",5825,1165,4660
"69518",4705,941,3764
"69519",4220,844,3376
"69520",4170,834,3336
"69521",4695,939,3756
"69522",3875,775,3100
"69523",4340,868,3472
"69524",5935,1187,4748
"69525",5325,1065,4260
"69526",5195,1039,4156
"69527",4270,854,3416
"69528",4285,857,3428
"69529",6755,1351,5404
"69530",6370,1274,5096
"69531",4285,857,3428
"69532",4555,911,3644
"69533",4560,912,3648
"69534",4805,961,3844
"69535",4785,957,3828
"69536",4455,891,3564
"69537",3975,795,3180
"69538",5575,1115,4460
"69539",4370,874,3496
"69540",4105,821,3284
"69541",5150,1030,4120
"69542",4520,904,3616
"69543",4085,817,3268
"69544",5190,1038,4152
"69545",4620,924,3696
"69546",3845,769,3076
"69547",3565,713,2852
"69548",5335,1067,4268
"69549",4505,901,3604
"69550",4070,814,3256
"69551",4510,902,3608
"69552",3800,760,3040
"69553",4105,821,3284
"69554",4605,921,3684
"69555",5520,1104,4416
"69556",3870,774,3096
"69557",3845,769,3076
"69558",3595,719,2876
"69559",4800,960,3840
"69560",4450,890,3560
"69561",4305,861,3444
"69562",4690,938,3752
"69563",5910,1182,4728
"69564",5210,1042,4168
"69565",4160,832,3328
"69566",5005,1001,4004
"69567",4320,864,3456
"69568",3870,774,3096
"69569",4850,970,3880
"69570",4140,828,3312
"69571",4410,882,3528
"69572",3715,743,2972
"69573",4650,930,3720
"69574",3400,680,2720
"69575",5355,1071,4284
"69576",4425,885,3540
"69577",4550,910,3640
"69578",4170,834,3336
"69579",4520,904,3616
"69580",3890,778,3112
"69581",5865,1173,4692
"69582",5155,1031,4124
"69583",5200,1040,4160
"69584",4480,896,3584
"69585",4285,857,3428
"69586",4695,939,3756
"69587",4610,922,3688
"69588",3950,790,3160
"69589",5990,1198,4792
"69590",5565,1113,4452
"69591",4690,938,3752
"69592",4460,892,3568
"69593",4715,943,3772
"69594",4190,838,3352
"69595",5205,1041,4164
"69596",5185,1037,4148
"69597",6300,1260,5040
"69598",4230,846,3384
"69599",4200,840,3360
"69600",4135,827,3308
"69601",3640,728,2912
"69602",3785,757,3028
"69603",4465,893,3572
"69604",4775,955,3820
"69605",4055,811,3244
"69606",5410,1082,4328
"69607",4005,801,3204
"69608",3925,785,3140
"69609",4845,969,3876
"69610",4535,907,3628
"69611",5325,1065,4260
"69612",4710,942,3768
"69613",3385,677,2708
"69614",4420,884,3536
"69615",4695,939,3756
"69616",4255,851,3404
"69617",4790,958,3832
"69618",4220,844,3376
"69619",4105,821,3284
"69620",4370,874,3496
"69621",3820,764,3056
"69622",4575,915,3660
"69623",4395,879,3516
"69624",4170,834,3336
"69625",5050,1010,4040
"69626",5875,1175,4700
"69627",4750,950,3800
"69628",5745,1149,4596
"69629",4300,860,3440
"69630",3685,737,2948
"69631",4870,974,3896
"69632",4890,978,3912
"69633",3505,701,2804
"69634",3710,742,2968
"69635",5440,1088,4352
"69636",4330,866,3464
"69637",3790,758,3032
"69638",4810,962,3848
"69639",4215,843,3372
"69640",3435,687,2748
"69641",5240,1048,4192
"69642",4870,974,3896
"69643",4045,809,3236
"69644",4505,901,3604
"69645",4315,863,3452
"69646",5675,1135,4540
"69647",5965,1193,4772
"69648",4590,918,3672
"69649",3275,655,2620
"69650",5270,1054,4216
"69651",4345,869,3476
"69652",4475,895,3580
"69653",3850,770,3080
"69654",4770,954,3816
"69655",6475,1295,5180
"69656",4905,981,3924
"69657",4065,813,3252
"69658",4575,915,3660
"69659",4585,917,3668
"69660",5310,1062,4248
"69661",4245,849,3396
"69662",4010,802,3208
"69663",3660,732,2928
"69664",4290,858,3432
"69665",5160,1032,4128
"69666",3805,761,3044
"69667",3580,716,2864
"69668",3820,764,3056
"69669",5780,1156,4624
"69670",3710,742,2968
"69671",4130,826,3304
"69672",3365,673,2692
"69673",6605,1321,5284
"69674",5065,1013,4052
"69675",5475,1095,4380
"69676",4730,946,3784
"69677",4265,853,3412
"69678",4860,972,3888
"69679",4450,890,3560
"69680",4800,960,3840
"69681",7035,1407,5628
"69682",4410,882,3528
"69683",5060,1012,4048
"69684",6290,1258,5032
"69685",6310,1262,5048
"69686",3635,727,2908
"69687",4720,944,3776
"69688",5355,1071,4284
"69689",4480,896,3584
"69690",4690,938,3752
"69691",3760,752,3008
"69692",5575,1115,4460
"69693",4665,933,3732
"69694",5255,1051,4204
"69695",5815,1163,4652
"69696",4480,896,3584
"69697",4045,809,3236
"69698",4570,914,3656
"69699",5495,1099,4396
"69700",4425,885,3540
"69701",5500,1100,4400
"69702",4060,812,3248
"69703",5065,1013,4052
"69704",7170,1434,5736
"69705",3300,660,2640
"69706",3890,778,3112
"69707",4170,834,3336
"69708",3475,695,2780
"69709",4505,901,3604
"69710",5920,1184,4736
"69711",5840,1168,4672
"69712",4460,892,3568
"69713",4380,876,3504
"69714",5690,1138,4552
"69715",5225,1045,4180
"69716",4110,822,3288
"69717",3990,798,3192
"69718",4825,965,3860
"69719",5130,1026,4104
"69720",5725,1145,4580
"69721",4175,835,3340
"69722",3695,739,2956
"69723",4265,853,3412
"69724",7000,1400,5600
"69725",4285,857,3428
"69726",6590,1318,5272
"69727",3555,711,2844
"69728",4245,849,3396
"69729",5250,1050,4200
"69730",4460,892,3568
"69731",3720,744,2976
"69732",3735,747,2988
"69733",4250,850,3400
"69734",4390,878,3512
"69735",4285,857,3428
"69736",3355,671,2684
"69737",5360,1072,4288
"69738",4070,814,3256
"69739",4350,870,3480
"69740",4610,922,3688
"69741",5435,1087,4348
"69742",4750,950,3800
"69743",3965,793,3172
"69744",4570,914,3656
"69745",4040,808,3232
"69746",5765,1153,4612
"69747",3760,752,3008
"69748",4330,866,3464
"69749",5195,1039,4156
"69750",4035,807,3228
"69751",6590,1318,5272
"69752",3970,794,3176
"69753",5170,1034,4136
"69754",4960,992,3968
"69755",4115,823,3292
"69756",3670,734,2936
"69757",4415,883,3532
"69758",3630,726,2904
"69759",6550,1310,5240
"69760",4500,900,3600
"69761",3850,770,3080
"69762",4560,912,3648
"69763",4190,838,3352
"69764",5080,1016,4064
"69765",4615,923,3692
"69766",7975,1595,6380
"69767",5125,1025,4100
"69768",5440,1088,4352
"69769",4350,870,3480
"69770",4175,835,3340
"69771",5140,1028,4112
"69772",6000,1200,4800
"69773",4180,836,3344
"69774",3625,725,2900
"69775",4965,993,3972
"69776",4835,967,3868
"69777",4295,859,3436
"69778",4710,942,3768
"69779",4495,899,3596
"69780",6575,1315,5260
"69781",5655,1131,4524
"69782",6375,1275,5100
"69783",4840,968,3872
"69784",4515,903,3612
"69785",3865,773,3092
"69786",5910,1182,4728
"69787",4585,917,3668
"69788",5190,1038,4152
"69789",5660,1132,4528
"69790",4455,891,3564
"69791",5320,1064,4256
"69792",5160,1032,4128
"69793",4565,913,3652
"69794",4280,856,3424
"69795",5290,1058,4232
"69796",5355,1071,4284
"69797",3755,751,3004
"69798",4260,852,3408
"69799",5215,1043,4172
"69800",4970,994,3976
"69801",6820,1364,5456
"69802",7370,1474,5896
"69803",4910,982,3928
"69804",7575,1515,6060
"69805",3970,794,3176
"69806",5785,1157,4628
"69807",4305,861,3444
"69808",4770,954,3816
"69809",6400,1280,5120
"69810",5720,1144,4576
"69811",3785,757,3028
"69812",4795,959,3836
"69813",7425,1485,5940
"69814",6095,1219,4876
"69815",4375,875,3500
"69816",3920,784,3136
"69817",4575,915,3660
"69818",4665,933,3732
"69819",4555,911,3644
"69820",4395,879,3516
"69821",4810,962,3848
"69822",3130,626,2504
"69823",6330,1266,5064
"69824",4590,918,3672
"69825",5700,1140,4560
"69826",4405,881,3524
"69827",3465,693,2772
"69828",4600,920,3680
"69829",4325,865,3460
"69830",5550,1110,4440
"69831",3880,776,3104
"69832",5810,1162,4648
"69833",5140,1028,4112
"69834",5605,1121,4484
"69835",8700,1740,6960
"69836",6135,1227,4908
"69837",3965,793,3172
"69838",4155,831,3324
"69839",4045,809,3236
"69840",5715,1143,4572
"69841",4885,977,3908
"69842",5120,1024,4096
"69843",5075,1015,4060
"69844",5220,1044,4176
"69845",4700,940,3760
"69846",4485,897,3588
"69847",4705,941,3764
"69848",3825,765,3060
"69849",4555,911,3644
"69850",3990,798,3192
"69851",4035,807,3228
"69852",3925,785,3140
"69853",3975,795,3180
"69854",4160,832,3328
"69855",4135,827,3308
"69856",3895,779,3116
"69857",4200,840,3360
"69858",4690,938,3752
"69859",5370,1074,4296
"69860",3685,737,2948
"69861",4660,932,3728
"69862",4320,864,3456
"69863",4810,962,3848
"69864",5180,1036,4144
"69865",4790,958,3832
"69866",3555,711,2844
"69867",4135,827,3308
"69868",5175,1035,4140
"69869",5020,1004,4016
"69870",4255,851,3404
"69871",5805,1161,4644
"69872",5835,1167,4668
"69873",4125,825,3300
"69874",6280,1256,5024
"69875",4760,952,3808
"69876",5765,1153,4612
"69877",3920,784,3136
"69878",4570,914,3656
"69879",3645,729,2916
"69880",4295,859,3436
"69881",5400,1080,4320
"69882",3420,684,2736
"69883",4295,859,3436
"69884",5870,1174,4696
"69885",6325,1265,5060
"69886",5140,1028,4112
"69887",3705,741,2964
"69888",3450,690,2760
"69889",5160,1032,4128
"69890",5420,1084,4336
"69891",6415,1283,5132
"69892",5475,1095,4380
"69893",4975,995,3980
"69894",4545,909,3636
"69895",4360,872,3488
"69896",5615,1123,4492
"69897",4240,848,3392
"69898",3420,684,2736
"69899",4680,936,3744
"69900",3820,764,3056
"69901",4715,943,3772
"69902",4920,984,3936
"69903",4640,928,3712
"69904",3585,717,2868
"69905",5155,1031,4124
"69906",5055,1011,4044
"69907",5015,1003,4012
"69908",3585,717,2868
"69909",4250,850,3400
"69910",3805,761,3044
"69911",5210,1042,4168
"69912",6360,1272,5088
"69913",3515,703,2812
"69914",3910,782,3128
"69915",5210,1042,4168
"69916",5980,1196,4784
"69917",5330,1066,4264
"69918",5050,1010,4040
"69919",5435,1087,4348
"69920",3820,764,3056
"69921",4715,943,3772
"69922",7690,1538,6152
"69923",5175,1035,4140
"69924",3805,761,3044
"69925",4475,895,3580
"69926",5450,1090,4360
"69927",4965,993,3972
"69928",4615,923,3692
"69929",5155,1031,4124
"69930",4280,856,3424
"69931",4835,967,3868
"69932",4735,947,3788
"69933",4615,923,3692
"69934",3815,763,3052
"69935",4880,976,3904
"69936",4925,985,3940
"69937",4555,911,3644
"69938",5460,1092,4368
"69939",5655,1131,4524
"69940",4265,853,3412
"69941",4950,990,3960
"69942",4530,906,3624
"69943",5405,1081,4324
"69944",5440,1088,4352
"69945",4260,852,3408
"69946",5095,1019,4076
"69947",4495,899,3596
"69948",4390,878,3512
"69949",4620,924,3696
"69950",4255,851,3404
"69951",4285,857,3428
"69952",4720,944,3776
"69953",4815,963,3852
"69954",4035,807,3228
"69955",5295,1059,4236
"69956",5340,1068,4272
"69957",4645,929,3716
"69958",4485,897,3588
"69959",3640,728,2912
"69960",4555,911,3644
"69961",4600,920,3680
"69962",3845,769,3076
"69963",4440,888,3552
"69964",4445,889,3556
"69965",4690,938,3752
"69966",3750,750,3000
"69967",4430,886,3544
"69968",4250,850,3400
"69969",7465,1493,5972
"69970",4135,827,3308
"69971",4020,804,3216
"69972",4735,947,3788
"69973",4835,967,3868
"69974",3675,735,2940
"69975",5920,1184,4736
"69976",4610,922,3688
"69977",4025,805,3220
"69978",6515,1303,5212
"69979",4095,819,3276
"69980",4275,855,3420
"69981",4585,917,3668
"69982",4970,994,3976
"69983",4655,931,3724
"69984",4055,811,3244
"69985",5175,1035,4140
"69986",4930,986,3944
"69987",5495,1099,4396
"69988",5175,1035,4140
"69989",4845,969,3876
"69990",4020,804,3216
"69991",4190,838,3352
"69992",4070,814,3256
"69993",5730,1146,4584
"69994",5085,1017,4068
"69995",5105,1021,4084
"69996",4775,955,3820
"69997",5900,1180,4720
"69998",4065,813,3252
"69999",4515,903,3612
"70000",5415,1083,4332
"70001",4840,968,3872
"70002",4875,975,3900
"70003",4115,823,3292
"70004",4100,820,3280
"70005",4430,886,3544
"70006",3485,697,2788
"70007",5955,1191,4764
"70008",4290,858,3432
"70009",4190,838,3352
"70010",3595,719,2876
"70011",3765,753,3012
"70012",3945,789,3156
"70013",4115,823,3292
"70014",4155,831,3324
"70015",5310,1062,4248
"70016",4805,961,3844
"70017",5630,1126,4504
"70018",4020,804,3216
"70019",3880,776,3104
"70020",5555,1111,4444
"70021",4945,989,3956
"70022",5370,1074,4296
"70023",3180,636,2544
"70024",4505,901,3604
"70025",3945,789,3156
"70026",3940,788,3152
"70027",5820,1164,4656
"70028",3890,778,3112
"70029",3585,717,2868
"70030",4525,905,3620
"70031",4400,880,3520
"70032",4430,886,3544
"70033",4495,899,3596
"70034",4755,951,3804
"70035",4005,801,3204
"70036",4760,952,3808
"70037",4350,870,3480
"70038",4375,875,3500
"70039",4530,906,3624
"70040",4490,898,3592
"70041",4140,828,3312
"70042",4975,995,3980
"70043",4790,958,3832
"70044",4655,931,3724
"70045",3930,786,3144
"70046",4365,873,3492
"70047",4880,976,3904
"70048",4235,847,3388
"70049",4105,821,3284
"70050",3765,753,3012
"70051",4900,980,3920
"70052",4870,974,3896
"70053",6055,1211,4844
"70054",4035,807,3228
"70055",6550,1310,5240
"70056",5570,1114,4456
"70057",6465,1293,5172
"70058",5710,1142,4568
"70059",4585,917,3668
"70060",4285,857,3428
"70061",3800,760,3040
"70062",4755,951,3804
"70063",4760,952,3808
"70064",4780,956,3824
"70065",4260,852,3408
"70066",4725,945,3780
"70067",5795,1159,4636
"70068",4785,957,3828
"70069",4565,913,3652
"70070",5685,1137,4548
"70071",5070,1014,4056
"70072",4155,831,3324
"70073",4165,833,3332
"70074",4915,983,3932
"70075",5245,1049,4196
"70076",4325,865,3460
"70077",5085,1017,4068
"70078",4420,884,3536
"70079",4185,837,3348
"70080",3795,759,3036
"70081",6830,1366,5464
"70082",4975,995,3980
"70083",4705,941,3764
"70084",4535,907,3628
"70085",6165,1233,4932
"70086",6710,1342,5368
"70087",4095,819,3276
"70088",3065,613,2452
"70089",5295,1059,4236
"70090",5250,1050,4200
"70091",4255,851,3404
"70092",4090,818,3272
"70093",5095,1019,4076
"70094",5315,1063,4252
"70095",5205,1041,4164
"70096",5175,1035,4140
"70097",4385,877,3508
"70098",3925,785,3140
"70099",5120,1024,4096
"70100",4290,858,3432
"70101",5790,1158,4632
"70102",3325,665,2660
"70103",7265,1453,5812
"70104",3845,769,3076
"70105",3920,784,3136
"70106",4985,997,3988
"70107",4455,891,3564
"70108",4705,941,3764
"70109",4510,902,3608
"70110",5660,1132,4528
"70111",4765,953,3812
"70112",6545,1309,5236
"70113",4890,978,3912
"70114",5610,1122,4488
"70115",4860,972,3888
"70116",4330,866,3464
"70117",7965,1593,6372
"70118",4480,896,3584
"70119",4540,908,3632
"70120",4975,995,3980
"70121",7305,1461,5844
"70122",3590,718,2872
"70123",7170,1434,5736
"70124",5940,1188,4752
"70125",5195,1039,4156
"70126",5430,1086,4344
"70127",4220,844,3376
"70128",4020,804,3216
"70129",5490,1098,4392
"70130",6060,1212,4848
"70131",5060,1012,4048
"70132",5485,1097,4388
"70133",5330,1066,4264
"70134",4215,843,3372
"70135",3710,742,2968
"70136",5865,1173,4692
"70137",5600,1120,4480
"70138",4095,819,3276
"70139",4070,814,3256
"70140",4015,803,3212
"70141",4110,822,3288
"70142",4960,992,3968
"70143",4960,992,3968
"70144",4815,963,3852
"70145",5765,1153,4612
"70146",4315,863,3452
"70147",4295,859,3436
"70148",6630,1326,5304
"70149",5025,1005,4020
"70150",4585,917,3668
"70151",4480,896,3584
"70152",3975,795,3180
"70153",4430,886,3544
"70154",5360,1072,4288
"70155",6095,1219,4876
"70156",3555,711,2844
"70157",4420,884,3536
"70158",4795,959,3836
"70159",5375,1075,4300
"70160",6990,1398,5592
"70161",4450,890,3560
"70162",4080,816,3264
"70163",4940,988,3952
"70164",5790,1158,4632
"70165",4970,994,3976
"70166",6360,1272,5088
"70167",4115,823,3292
"70168",5185,1037,4148
"70169",4975,995,3980
"70170",7190,1438,5752
"70171",3305,661,2644
"70172",4500,900,3600
"70173",4620,924,3696
"70174",5665,1133,4532
"70175",5050,1010,4040
"70176",4575,915,3660
"70177",4720,944,3776
"70178",6980,1396,5584
"70179",4165,833,3332
"70180",4780,956,3824
"70181",7825,1565,6260
"70182",4370,874,3496
"70183",5700,1140,4560
"70184",4730,946,3784
"70185",3675,735,2940
"70186",4735,947,3788
"70187",6260,1252,5008
"70188",4560,912,3648
"70189",5725,1145,4580
"70190",4975,995,3980
"70191",5420,1084,4336
"70192",4090,818,3272
"70193",4830,966,3864
"70194",3620,724,2896
"70195",5140,1028,4112
"70196",3635,727,2908
"70197",5190,1038,4152
"70198",4290,858,3432
"70199",4350,870,3480
"70200",4695,939,3756
"70201",4830,966,3864
"70202",5685,1137,4548
"70203",4440,888,3552
"70204",5265,1053,4212
"70205",4350,870,3480
"70206",4145,829,3316
"70207",5335,1067,4268
"70208",4300,860,3440
"70209",3565,713,2852
"70210",5435,1087,4348
"70211",4835,967,3868
"70212",4315,863,3452
"70213",4690,938,3752
"70214",6650,1330,5320
"70215",4760,952,3808
"70216",4360,872,3488
"70217",6315,1263,5052
"70218",5595,1119,4476
"70219",4410,882,3528
"70220",4470,894,3576
"70221",4395,879,3516
"70222",3465,693,2772
"70223",4470,894,3576
"70224",3740,748,2992
"70225",4570,914,3656
"70226",4760,952,3808
"70227",3585,717,2868
"70228",5000,1000,4000
"70229",5000,1000,4000
"70230",4395,879,3516
"70231",5140,1028,4112
"70232",4955,991,3964
"70233",4930,986,3944
"70234",5895,1179,4716
"70235",4450,890,3560
"70236",4820,964,3856
"70237",4190,838,3352
"70238",3740,748,2992
"70239",3610,722,2888
"70240",4720,944,3776
"70241",3460,692,2768
"70242",3960,792,3168
"70243",4480,896,3584
"70244",6200,1240,4960
"70245",4805,961,3844
"70246",4275,855,3420
"70247",3880,776,3104
"70248",4550,910,3640
"70249",4265,853,3412
"70250",5450,1090,4360
"70251",4750,950,3800
"70252",4460,892,3568
"70253",5920,1184,4736
"70254",5360,1072,4288
"70255",4010,802,3208
"70256",5050,1010,4040
"70257",5365,1073,4292
"70258",5045,1009,4036
"70259",3545,709,2836
"70260",5020,1004,4016
"70261",4475,895,3580
"70262",5005,1001,4004
"70263",4515,903,3612
"70264",3680,736,2944
"70265",5060,1012,4048
"70266",4385,877,3508
"70267",4480,896,3584
"70268",5165,1033,4132
"70269",3290,658,2632
"70270",5560,1112,4448
"70271",4400,880,3520
"70272",4670,934,3736
"70273",4420,884,3536
"70274",6960,1392,5568
"70275",4905,981,3924
"70276",3810,762,3048
"70277",4855,971,3884
"70278",5350,1070,4280
"70279",5455,1091,4364
"70280",3625,725,2900
"70281",5130,1026,4104
"70282",5245,1049,4196
"70283",4235,847,3388
"70284",6175,1235,4940
"70285",5575,1115,4460
"70286",4145,829,3316
"70287",4490,898,3592
"70288",4305,861,3444
"70289",4980,996,3984
"70290",4990,998,3992
"70291",4310,862,3448
"70292",5015,1003,4012
"70293",4545,909,3636
"70294",3675,735,2940
"70295",4430,886,3544
"70296",5930,1186,4744
"70297",4090,818,3272
"70298",5750,1150,4600
"70299",4690,938,3752
"70300",4720,944,3776
"70301",5385,1077,4308
"70302",4455,891,3564
"70303",5900,1180,4720
"70304",3955,791,3164
"70305",4750,950,3800
"70306",4980,996,3984
"70307",4775,955,3820
"70308",4350,870,3480
"70309",3765,753,3012
"70310",4355,871,3484
"70311",6185,1237,4948
"70312",4050,810,3240
"70313",5040,1008,4032
"70314",6600,1320,5280
"70315",5145,1029,4116
"70316",5730,1146,4584
"70317",4295,859,3436
"70318",4805,961,3844
"70319",4040,808,3232
"70320",4770,954,3816
"70321",5605,1121,4484
"70322",3255,651,2604
"70323",4285,857,3428
"70324",4290,858,3432
"70325",5335,1067,4268
"70326",3520,704,2816
"70327",4070,814,3256
"70328",4310,862,3448
"70329",3765,753,3012
"70330",3630,726,2904
"70331",5250,1050,4200
"70332",5710,1142,4568
"70333",5035,1007,4028
"70334",4780,956,3824
"70335",4450,890,3560
"70336",4125,825,3300
"70337",4730,946,3784
"70338",3975,795,3180
"70339",4935,987,3948
"70340",3695,739,2956
"70341",6630,1326,5304
"70342",3685,737,2948
"70343",5150,1030,4120
"70344",6105,1221,4884
"70345",3995,799,3196
"70346",5225,1045,4180
"70347",4200,840,3360
"70348",4725,945,3780
"70349",4550,910,3640
"70350",3545,709,2836
"70351",4610,922,3688
"70352",3655,731,2924
"70353",4080,816,3264
"70354",5500,1100,4400
"70355",4170,834,3336
"70356",4370,874,3496
"70357",4950,990,3960
"70358",4845,969,3876
"70359",5365,1073,4292
"70360",5180,1036,4144
"70361",4590,918,3672
"70362",3725,745,2980
"70363",4350,870,3480
"70364",4820,964,3856
"70365",4930,986,3944
"70366",3360,672,2688
"70367",5985,1197,4788
"70368",4740,948,3792
"70369",5040,1008,4032
"70370",4900,980,3920
"70371",5395,1079,4316
"70372",4415,883,3532
"70373",4600,920,3680
"70374",5400,1080,4320
"70375",5115,1023,4092
"70376",5995,1199,4796
"70377",5000,1000,4000
"70378",4425,885,3540
"70379",4420,884,3536
"70380",3740,748,2992
"70381",5105,1021,4084
"70382",4025,805,3220
"70383",4130,826,3304
"70384",4460,892,3568
"70385",5250,1050,4200
"70386",5705,1141,4564
"70387",4445,889,3556
"70388",7670,1534,6136
"70389",4755,951,3804
"70390",6030,1206,4824
"70391",3720,744,2976
"70392",5185,1037,4148
"70393",3790,758,3032
"70394",5455,1091,4364
"70395",5235,1047,4188
"70396",5965,1193,4772
"70397",4835,967,3868
"70398",4325,865,3460
"70399",4645,929,3716
"70400",4425,885,3540
"70401",5270,1054,4216
"70402",5920,1184,4736
"70403",4825,965,3860
"70404",3870,774,3096
"70405",4790,958,3832
"70406",3805,761,3044
"70407",4455,891,3564
"70408",4920,984,3936
"70409",4850,970,3880
"70410",4055,811,3244
"70411",4925,985,3940
"70412",6115,1223,4892
"70413",7030,1406,5624
"70414",3830,766,3064
"70415",3670,734,2936
"70416",3635,727,2908
"70417",4460,892,3568
"70418",8975,1795,7180
"70419",5290,1058,4232
"70420",4495,899,3596
"70421",4655,931,3724
"70422",5285,1057,4228
"70423",5010,1002,4008
"70424",5895,1179,4716
"70425",5875,1175,4700
"70426",4065,813,3252
"70427",5130,1026,4104
"70428",5080,1016,4064
"70429",6900,1380,5520
"70430",5350,1070,4280
"70431",4195,839,3356
"70432",3725,745,2980
"70433",4230,846,3384
"70434",4080,816,3264
"70435",7275,1455,5820
"70436",4605,921,3684
"70437",4280,856,3424
"70438",4305,861,3444
"70439",3955,791,3164
"70440",4495,899,3596
"70441",4600,920,3680
"70442",6055,1211,4844
"70443",4400,880,3520
"70444",4605,921,3684
"70445",4475,895,3580
"70446",5190,1038,4152
"70447",4420,884,3536
"70448",3850,770,3080
"70449",4045,809,3236
"70450",4615,923,3692
"70451",3675,735,2940
"70452",6135,1227,4908
"70453",6250,1250,5000
"70454",5885,1177,4708
"70455",8950,1790,7160
"70456",6205,1241,4964
"70457",5530,1106,4424
"70458",4465,893,3572
"70459",4980,996,3984
"70460",6760,1352,5408
"70461",5040,1008,4032
"70462",4675,935,3740
"70463",4805,961,3844
"70464",4270,854,3416
"70465",5600,1120,4480
"70466",4885,977,3908
"70467",4540,908,3632
"70468",3810,762,3048
"70469",5225,1045,4180
"70470",5290,1058,4232
"70471",4815,963,3852
"70472",4565,913,3652
"70473",5785,1157,4628
"70474",4015,803,3212
"70475",4840,968,3872
"70476",5035,1007,4028
"70477",4665,933,3732
"70478",4320,864,3456
"70479",4785,957,3828
"70480",4280,856,3424
"70481",6055,1211,4844
"70482",4955,991,3964
"70483",4515,903,3612
"70484",5195,1039,4156
"70485",4690,938,3752
"70486",4715,943,3772
"70487",4245,849,3396
"70488",4015,803,3212
"70489",5265,1053,4212
"70490",5010,1002,4008
"70491",4505,901,3604
"70492",4715,943,3772
"70493",5765,1153,4612
"70494",3725,745,2980
"70495",4900,980,3920
"70496",3755,751,3004
"70497",4970,994,3976
"70498",5110,1022,4088
"70499",6770,1354,5416
"70500",5490,1098,4392
"70501",4800,960,3840
"70502",4110,822,3288
"70503",4930,986,3944
"70504",4275,855,3420
"70505",4980,996,3984
"70506",4045,809,3236
"70507",4340,868,3472
"70508",3825,765,3060
"70509",5610,1122,4488
"70510",3205,641,2564
"70511",6240,1248,4992
"70512",4760,952,3808
"70513",4020,804,3216
"70514",4215,843,3372
"70515",4440,888,3552
"70516",3585,717,2868
"70517",6190,1238,4952
"70518",5615,1123,4492
"70519",4920,984,3936
"70520",4495,899,3596
"70521",4675,935,3740
"70522",5175,1035,4140
"70523",4530,906,3624
"70524",4180,836,3344
"70525",4630,926,3704
"70526",3870,774,3096
"70527",5885,1177,4708
"70528",3860,772,3088
"70529",6175,1235,4940
"70530",5210,1042,4168
"70531",5045,1009,4036
"70532",5050,1010,4040
"70533",5695,1139,4556
"70534",3995,799,3196
"70535",4520,904,3616
"70536",5070,1014,4056
"70537",4310,862,3448
"70538",4370,874,3496
"70539",4565,913,3652
"70540",5230,1046,4184
"70541",4250,850,3400
"70542",4700,940,3760
"70543",6100,1220,4880
"70544",4550,910,3640
"70545",5360,1072,4288
"70546",4715,943,3772
"70547",4350,870,3480
"70548",5140,1028,4112
"70549",4455,891,3564
"70550",4040,808,3232
"70551",5415,1083,4332
"70552",4310,862,3448
"70553",4975,995,3980
"70554",4125,825,3300
"70555",3845,769,3076
"70556",4380,876,3504
"70557",4545,909,3636
"70558",4740,948,3792
"70559",5360,1072,4288
"70560",4910,982,3928
"70561",7115,1423,5692
"70562",6980,1396,5584
"70563",6770,1354,5416
"70564",4960,992,3968
"70565",4840,968,3872
"70566",3675,735,2940
"70567",7065,1413,5652
"70568",6510,1302,5208
"70569",4300,860,3440
"70570",4535,907,3628
"70571",4560,912,3648
"70572",5205,1041,4164
"70573",5635,1127,4508
"70574",4490,898,3592
"70575",3890,778,3112
"70576",4640,928,3712
"70577",4880,976,3904
"70578",4880,976,3904
"70579",5595,1119,4476
"70580",4820,964,3856
"70581",3905,781,3124
"70582",6015,1203,4812
"70583",6315,1263,5052
"70584",5395,1079,4316
"70585",4795,959,3836
"70586",3850,770,3080
"70587",5395,1079,4316
"70588",3800,760,3040
"70589",4980,996,3984
"70590",4225,845,3380
"70591",4030,806,3224
"70592",3965,793,3172
"70593",5725,1145,4580
"70594",4595,919,3676
"70595",3570,714,2856
"70596",3880,776,3104
"70597",5695,1139,4556
"70598",3730,746,2984
"70599",4815,963,3852
"70600",3605,721,2884
"70601",4415,883,3532
"70602",5525,1105,4420
"70603",4450,890,3560
"70604",4505,901,3604
"70605",4870,974,3896
"70606",4815,963,3852
"70607",4225,845,3380
"70608",5050,1010,4040
"70609",4280,856,3424
"70610",4095,819,3276
"70611",4480,896,3584
"70612",4475,895,3580
"70613",4280,856,3424
"70614",4910,982,3928
"70615",3940,788,3152
"70616",6545,1309,5236
"70617",5720,1144,4576
"70618",4110,822,3288
"70619",4060,812,3248
"70620",5975,1195,4780
"70621",4800,960,3840
"70622",4765,953,3812
"70623",4350,870,3480
"70624",4945,989,3956
"70625",4665,933,3732
"70626",4940,988,3952
"70627",5570,1114,4456
"70628",4695,939,3756
"70629",4715,943,3772
"70630",4520,904,3616
"70631",4360,872,3488
"70632",4135,827,3308
"70633",3300,660,2640
"70634",4935,987,3948
"70635",4890,978,3912
"70636",4025,805,3220
"70637",5990,1198,4792
"70638",4880,976,3904
"70639",4855,971,3884
"70640",3995,799,3196
"70641",3975,795,3180
"70642",4825,965,3860
"70643",5245,1049,4196
"70644",5370,1074,4296
"70645",4130,826,3304
"70646",4270,854,3416
"70647",3735,747,2988
"70648",4450,890,3560
"70649",6440,1288,5152
"70650",4850,970,3880
"70651",3505,701,2804
"70652",4620,924,3696
"70653",8470,1694,6776
"70654",5410,1082,4328
"70655",6045,1209,4836
"70656",4200,840,3360
"70657",4575,915,3660
"70658",4725,945,3780
"70659",4670,934,3736
"70660",5240,1048,4192
"70661",8225,1645,6580
"70662",4375,875,3500
"70663",5120,1024,4096
"70664",5050,1010,4040
"70665",6575,1315,5260
"70666",5280,1056,4224
"70667",4380,876,3504
"70668",4820,964,3856
"70669",5595,1119,4476
"70670",3645,729,2916
"70671",4990,998,3992
"70672",4175,835,3340
"70673",4405,881,3524
"70674",3675,735,2940
"70675",4615,923,3692
"70676",3300,660,2640
"70677",4810,962,3848
"70678",4375,875,3500
"70679",3935,787,3148
"70680",3305,661,2644
"70681",6475,1295,5180
"70682",5395,1079,4316
"70683",4490,898,3592
"70684",4470,894,3576
"70685",4195,839,3356
"70686",3970,794,3176
"70687",4045,809,3236
"70688",4725,945,3780
"70689",4850,970,3880
"70690",3640,728,2912
"70691",5815,1163,4652
"70692",4365,873,3492
"70693",4205,841,3364
"70694",4135,827,3308
"70695",4245,849,3396
"70696",4225,845,3380
"70697",3845,769,3076
"70698",4835,967,3868
"70699",6175,1235,4940
"70700",7615,1523,6092
"70701",5060,1012,4048
"70702",3910,782,3128
"70703",4065,813,3252
"70704",5845,1169,4676
"70705",4870,974,3896
"70706",5640,1128,4512
"70707",4520,904,3616
"70708",3835,767,3068
"70709",4875,975,3900
"70710",3875,775,3100
"70711",4395,879,3516
"70712",5610,1122,4488
"70713",4315,863,3452
"70714",4435,887,3548
"70715",4160,832,3328
"70716",4080,816,3264
"70717",4105,821,3284
"70718",4920,984,3936
"70719",4245,849,3396
"70720",4500,900,3600
"70721",5080,1016,4064
"70722",3420,684,2736
"70723",4950,990,3960
"70724",4415,883,3532
"70725",4365,873,3492
"70726",5340,1068,4272
"70727",5090,1018,4072
"70728",4375,875,3500
"70729",4710,942,3768
"70730",4130,826,3304
"70731",5440,1088,4352
"70732",4825,965,3860
"70733",4595,919,3676
"70734",5180,1036,4144
"70735",4325,865,3460
"70736",4070,814,3256
"70737",3735,747,2988
"70738",5620,1124,4496
"70739",4500,900,3600
"70740",3720,744,2976
"70741",4350,870,3480
"70742",3655,731,2924
"70743",4355,871,3484
"70744",3855,771,3084
"70745",4535,907,3628
"70746",4930,986,3944
"70747",4165,833,3332
"70748",6620,1324,5296
"70749",5625,1125,4500
"70750",5130,1026,4104
"70751",5155,1031,4124
"70752",4640,928,3712
"70753",5855,1171,4684
"70754",3210,642,2568
"70755",3875,775,3100
"70756",4475,895,3580
"70757",3910,782,3128
"70758",5490,1098,4392
"70759",5750,1150,4600
"70760",4590,918,3672
"70761",4610,922,3688
"70762",4485,897,3588
"70763",3770,754,3016
"70764",5605,1121,4484
"70765",4550,910,3640
"70766",3750,750,3000
"70767",4760,952,3808
"70768",7310,1462,5848
"70769",3280,656,2624
"70770",4130,826,3304
"70771",3520,704,2816
"70772",4035,807,3228
"70773",4715,943,3772
"70774",5440,1088,4352
"70775",4685,937,3748
"70776",3815,763,3052
"70777",4755,951,3804
"70778",5645,1129,4516
"70779",4750,950,3800
"70780",5075,1015,4060
"70781",4315,863,3452
"70782",3755,751,3004
"70783",3935,787,3148
"70784",5125,1025,4100
"70785",5195,1039,4156
"70786",4460,892,3568
"70787",6230,1246,4984
"70788",4525,905,3620
"70789",3860,772,3088
"70790",4705,941,3764
"70791",4105,821,3284
"70792",4245,849,3396
"70793",4045,809,3236
"70794",4645,929,3716
"70795",4050,810,3240
"70796",3920,784,3136
"70797",5490,1098,4392
"70798",5290,1058,4232
"70799",3760,752,3008
"70800",7445,1489,5956
"70801",4710,942,3768
"70802",3825,765,3060
"70803",3635,727,2908
"70804",4890,978,3912
"70805",4025,805,3220
"70806",5525,1105,4420
"70807",5455,1091,4364
"70808",6700,1340,5360
"70809",5165,1033,4132
"70810",5420,1084,4336
"70811",4060,812,3248
"70812",5370,1074,4296
"70813",4395,879,3516
"70814",4235,847,3388
"70815",3545,709,2836
"70816",4980,996,3984
"70817",4660,932,3728
"70818",5415,1083,4332
"70819",4215,843,3372
"70820",4410,882,3528
"70821",3820,764,3056
"70822",4290,858,3432
"70823",4330,866,3464
"70824",5460,1092,4368
"70825",5065,1013,4052
"70826",4740,948,3792
"70827",4005,801,3204
"70828",4385,877,3508
"70829",4395,879,3516
"70830",4310,862,3448
"70831",5640,1128,4512
"70832",4915,983,3932
"70833",5075,1015,4060
"70834",5795,1159,4636
"70835",4675,935,3740
"70836",3700,740,2960
"70837",3490,698,2792
"70838",4625,925,3700
"70839",3895,779,3116
"70840",5120,1024,4096
"70841",5755,1151,4604
"70842",5670,1134,4536
"70843",3555,711,2844
"70844",4205,841,3364
"70845",3865,773,3092
"70846",4665,933,3732
"70847",4795,959,3836
"70848",3485,697,2788
"70849",6340,1268,5072
"70850",5310,1062,4248
"70851",6795,1359,5436
"70852",4850,970,3880
"70853",5420,1084,4336
"70854",5220,1044,4176
"70855",3715,743,2972
"70856",4770,954,3816
"70857",4090,818,3272
"70858",4980,996,3984
"70859",4130,826,3304
"70860",5270,1054,4216
"70861",5170,1034,4136
"70862",5070,1014,4056
"70863",5220,1044,4176
"70864",5185,1037,4148
"70865",5670,1134,4536
"70866",4835,967,3868
"70867",3670,734,2936
"70868",4910,982,3928
"70869",4165,833,3332
"70870",5585,1117,4468
"70871",4830,966,3864
"70872",3480,696,2784
"70873",4825,965,3860
"70874",7935,1587,6348
"70875",5160,1032,4128
"70876",4715,943,3772
"70877",3845,769,3076
"70878",3315,663,2652
"70879",4005,801,3204
"70880",5090,1018,4072
"70881",5045,1009,4036
"70882",6410,1282,5128
"70883",5355,1071,4284
"70884",3920,784,3136
"70885",4085,817,3268
"70886",5680,1136,4544
"70887",4315,863,3452
"70888",3700,740,2960
"70889",4180,836,3344
"70890",6010,1202,4808
"70891",3910,782,3128
"70892",4960,992,3968
"70893",5310,1062,4248
"70894",5610,1122,4488
"70895",3945,789,3156
"70896",6085,1217,4868
"70897",3470,694,2776
"70898",4095,819,3276
"70899",5400,1080,4320
"70900",4335,867,3468
"70901",5535,1107,4428
"70902",4920,984,3936
"70903",4090,818,3272
"70904",4055,811,3244
"70905",5475,1095,4380
"70906",4285,857,3428
"70907",6815,1363,5452
"70908",4390,878,3512
"70909",4535,907,3628
"70910",5265,1053,4212
"70911",6135,1227,4908
"70912",4660,932,3728
"70913",4295,859,3436
"70914",6250,1250,5000
"70915",6865,1373,5492
"70916",4590,918,3672
"70917",4170,834,3336
"70918",4220,844,3376
"70919",3740,748,2992
"70920",4080,816,3264
"70921",3800,760,3040
"70922",3545,709,2836
"70923",5455,1091,4364
"70924",3660,732,2928
"70925",4845,969,3876
"70926",4775,955,3820
"70927",3895,779,3116
"70928",3810,762,3048
"70929",3830,766,3064
"70930",4580,916,3664
"70931",4235,847,3388
"70932",4880,976,3904
"70933",3845,769,3076
"70934",5175,1035,4140
"70935",4115,823,3292
"70936",4335,867,3468
"70937",4135,827,3308
"70938",5225,1045,4180
"70939",4630,926,3704
"70940",5090,1018,4072
"70941",3775,755,3020
"70942",4285,857,3428
"70943",3855,771,3084
"70944",4020,804,3216
"70945",4215,843,3372
"70946",4010,802,3208
"70947",3690,738,2952
"70948",4780,956,3824
"70949",4155,831,3324
"70950",4920,984,3936
"70951",4340,868,3472
"70952",4325,865,3460
"70953",4920,984,3936
"70954",4280,856,3424
"70955",5320,1064,4256
"70956",3815,763,3052
"70957",4750,950,3800
"70958",4885,977,3908
"70959",5465,1093,4372
"70960",3710,742,2968
"70961",4695,939,3756
"70962",4715,943,3772
"70963",4470,894,3576
"70964",4615,923,3692
"70965",4215,843,3372
"70966",4660,932,3728
"70967",4660,932,3728
"70968",6195,1239,4956
"70969",3650,730,2920
"70970",5145,1029,4116
"70971",5310,1062,4248
"70972",4340,868,3472
"70973",4780,956,3824
"70974",5290,1058,4232
"70975",6585,1317,5268
"70976",5105,1021,4084
"70977",7015,1403,5612
"70978",4970,994,3976
"70979",6640,1328,5312
"70980",5060,1012,4048
"70981",5380,1076,4304
"70982",3345,669,2676
"70983",7105,1421,5684
"70984",3620,724,2896
"70985",4625,925,3700
"70986",4055,811,3244
"70987",4770,954,3816
"70988",3705,741,2964
"70989",3540,708,2832
"70990",4055,811,3244
"70991",4400,880,3520
"70992",3545,709,2836
"70993",3880,776,3104
"70994",4545,909,3636
"70995",4145,829,3316
"70996",5035,1007,4028
"70997",4250,850,3400
"70998",4260,852,3408
"70999",4435,887,3548
"71000",6365,1273,5092
"71001",4915,983,3932
"71002",4410,882,3528
"71003",5745,1149,4596
"71004",5785,1157,4628
"71005",3700,740,2960
"71006",3980,796,3184
"71007",5130,1026,4104
"71008",3820,764,3056
"71009",3615,723,2892
"71010",5115,1023,4092
"71011",4165,833,3332
"71012",5410,1082,4328
"71013",5100,1020,4080
"71014",4205,841,3364
"71015",4095,819,3276
"71016",5235,1047,4188
"71017",6070,1214,4856
"71018",3625,725,2900
"71019",3265,653,2612
"71020",4680,936,3744
"71021",4180,836,3344
"71022",4660,932,3728
"71023",4145,829,3316
"71024",3585,717,2868
"71025",4435,887,3548
"71026",4125,825,3300
"71027",4520,904,3616
"71028",5840,1168,4672
"71029",3420,684,2736
"71030",7265,1453,5812
"71031",3990,798,3192
"71032",5100,1020,4080
"71033",5310,1062,4248
"71034",6180,1236,4944
"71035",4325,865,3460
"71036",4735,947,3788
"71037",4430,886,3544
"71038",5075,1015,4060
"71039",4250,850,3400
"71040",4730,946,3784
"71041",4180,836,3344
"71042",4890,978,3912
"71043",4620,924,3696
"71044",3360,672,2688
"71045",4105,821,3284
"71046",3275,655,2620
"71047",5200,1040,4160
"71048",3965,793,3172
"71049",5360,1072,4288
"71050",4065,813,3252
"71051",3775,755,3020
"71052",4770,954,3816
"71053",3545,709,2836
"71054",4840,968,3872
"71055",3990,798,3192
"71056",3725,745,2980
"71057",5350,1070,4280
"71058",4935,987,3948
"71059",5335,1067,4268
"71060",9745,1949,7796
"71061",6700,1340,5360
"71062",4170,834,3336
"71063",4725,945,3780
"71064",4310,862,3448
"71065",5295,1059,4236
"71066",4425,885,3540
"71067",5900,1180,4720
"71068",4795,959,3836
"71069",5975,1195,4780
"71070",4805,961,3844
"71071",4765,953,3812
"71072",5765,1153,4612
"71073",4575,915,3660
"71074",4495,899,3596
"71075",3515,703,2812
"71076",7870,1574,6296
"71077",4490,898,3592
"71078",4305,861,3444
"71079",5270,1054,4216
"71080",4280,856,3424
"71081",4870,974,3896
"71082",4490,898,3592
"71083",4010,802,3208
"71084",3465,693,2772
"71085",4505,901,3604
"71086",4080,816,3264
"71087",4240,848,3392
"71088",4760,952,3808
"71089",5060,1012,4048
"71090",4775,955,3820
"71091",3900,780,3120
"71092",3690,738,2952
"71093",4650,930,3720
"71094",4795,959,3836
"71095",4490,898,3592
"71096",3660,732,2928
"71097",5010,1002,4008
"71098",5730,1146,4584
"71099",4605,921,3684
"71100",7530,1506,6024
"71101",4305,861,3444
"71102",4320,864,3456
"71103",3735,747,2988
"71104",3755,751,3004
"71105",4680,936,3744
"71106",4325,865,3460
"71107",5440,1088,4352
"71108",4115,823,3292
"71109",4240,848,3392
"71110",3920,784,3136
"71111",4825,965,3860
"71112",4855,971,3884
"71113",5050,1010,4040
"71114",4625,925,3700
"71115",4355,871,3484
"71116",3910,782,3128
"71117",4685,937,3748
"71118",3700,740,2960
"71119",4480,896,3584
"71120",4805,961,3844
"71121",4730,946,3784
"71122",5685,1137,4548
"71123",4160,832,3328
"71124",4340,868,3472
"71125",4835,967,3868
"71126",6005,1201,4804
"71127",4300,860,3440
"71128",3420,684,2736
"71129",5325,1065,4260
"71130",5735,1147,4588
"71131",3600,720,2880
"71132",4765,953,3812
"71133",6295,1259,5036
"71134",3975,795,3180
"71135",4620,924,3696
"71136",4030,806,3224
"71137",4370,874,3496
"71138",4925,985,3940
"71139",4665,933,3732
"71140",4595,919,3676
"71141",4230,846,3384
"71142",5120,1024,4096
"71143",4330,866,3464
"71144",4845,969,3876
"71145",3555,711,2844
"71146",6765,1353,5412
"71147",3460,692,2768
"71148",7205,1441,5764
"71149",3865,773,3092
"71150",4735,947,3788
"71151",4885,977,3908
"71152",5190,1038,4152
"71153",4240,848,3392
"71154",8055,1611,6444
"71155",4310,862,3448
"71156",6720,1344,5376
"71157",3850,770,3080
"71158",4105,821,3284
"71159",4135,827,3308
"71160",4115,823,3292
"71161",6200,1240,4960
"71162",5195,1039,4156
"71163",4495,899,3596
"71164",4605,921,3684
"71165",4160,832,3328
"71166",4120,824,3296
"71167",4850,970,3880
"71168",3905,781,3124
"71169",5175,1035,4140
"71170",5120,1024,4096
"71171",4490,898,3592
"71172",6650,1330,5320
"71173",3575,715,2860
"71174",4900,980,3920
"71175",4190,838,3352
"71176",4985,997,3988
"71177",5055,1011,4044
"71178",3800,760,3040
"71179",4830,966,3864
"71180",4655,931,3724
"71181",4165,833,3332
"71182",7135,1427,5708
"71183",4405,881,3524
"71184",3675,735,2940
"71185",4235,847,3388
"71186",4010,802,3208
"71187",3985,797,3188
"71188",5040,1008,4032
"71189",5340,1068,4272
"71190",3760,752,3008
"71191",5520,1104,4416
"71192",3885,777,3108
"71193",4240,848,3392
"71194",6245,1249,4996
"71195",4420,884,3536
"71196",6195,1239,4956
"71197",6270,1254,5016
"71198",5780,1156,4624
"71199",4145,829,3316
"71200",4225,845,3380
"71201",4475,895,3580
"71202",3685,737,2948
"71203",3970,794,3176
"71204",5835,1167,4668
"71205",4770,954,3816
"71206",5225,1045,4180
"71207",3815,763,3052
"71208",4170,834,3336
"71209",4410,882,3528
"71210",4180,836,3344
"71211",4115,823,3292
"71212",4310,862,3448
"71213",4275,855,3420
"71214",4685,937,3748
"71215",3385,677,2708
"71216",4255,851,3404
"71217",5020,1004,4016
"71218",4245,849,3396
"71219",4680,936,3744
"71220",4710,942,3768
"71221",6505,1301,5204
"71222",4090,818,3272
"71223",4055,811,3244
"71224",4015,803,3212
"71225",3365,673,2692
"71226",5225,1045,4180
"71227",3505,701,2804
"71228",3980,796,3184
"71229",4415,883,3532
"71230",6450,1290,5160
"71231",5165,1033,4132
"71232",3850,770,3080
"71233",4645,929,3716
"71234",4315,863,3452
"71235",4820,964,3856
"71236",5300,1060,4240
"71237",3465,693,2772
"71238",4765,953,3812
"71239",5235,1047,4188
"71240",6990,1398,5592
"71241",5500,1100,4400
"71242",6030,1206,4824
"71243",4780,956,3824
"71244",3300,660,2640
"71245",5005,1001,4004
"71246",6555,1311,5244
"71247",3085,617,2468
"71248",6055,1211,4844
"71249",4370,874,3496
"71250",4655,931,3724
"71251",3535,707,2828
"71252",5230,1046,4184
"71253",5505,1101,4404
"71254",4180,836,3344
"71255",6470,1294,5176
"71256",5280,1056,4224
"71257",6690,1338,5352
"71258",3730,746,2984
"71259",3975,795,3180
"71260",3710,742,2968
"71261",4890,978,3912
"71262",4930,986,3944
"71263",4305,861,3444
"71264",4025,805,3220
"71265",4610,922,3688
"71266",4640,928,3712
"71267",5215,1043,4172
"71268",6540,1308,5232
"71269",5550,1110,4440
"71270",4460,892,3568
"71271",5305,1061,4244
"71272",4615,923,3692
"71273",4335,867,3468
"71274",3210,642,2568
"71275",5470,1094,4376
"71276",5035,1007,4028
"71277",4180,836,3344
"71278",4225,845,3380
"71279",4560,912,3648
"71280",4830,966,3864
"71281",4395,879,3516
"71282",5135,1027,4108
"71283",4945,989,3956
"71284",4950,990,3960
"71285",3630,726,2904
"71286",4415,883,3532
"71287",4890,978,3912
"71288",5535,1107,4428
"71289",4325,865,3460
"71290",5320,1064,4256
"71291",4855,971,3884
"71292",5440,1088,4352
"71293",4505,901,3604
"71294",5530,1106,4424
"71295",6980,1396,5584
"71296",5895,1179,4716
"71297",4275,855,3420
"71298",4745,949,3796
"71299",4215,843,3372
"71300",4475,895,3580
"71301",3550,710,2840
"71302",4500,900,3600
"71303",7640,1528,6112
"71304",3470,694,2776
"71305",5400,1080,4320
"71306",5730,1146,4584
"71307",4055,811,3244
"71308",5415,1083,4332
"71309",4550,910,3640
"71310",5530,1106,4424
"71311",4940,988,3952
"71312",4740,948,3792
"71313",4620,924,3696
"71314",5770,1154,4616
"71315",6420,1284,5136
"71316",5355,1071,4284
"71317",4575,915,3660
"71318",5095,1019,4076
"71319",4710,942,3768
"71320",5640,1128,4512
"71321",4845,969,3876
"71322",4140,828,3312
"71323",4670,934,3736
"71324",4520,904,3616
"71325",4155,831,3324
"71326",3950,790,3160
"71327",4655,931,3724
"71328",4235,847,3388
"71329",5260,1052,4208
"71330",4075,815,3260
"71331",5570,1114,4456
"71332",8470,1694,6776
"71333",4225,845,3380
"71334",4910,982,3928
"71335",4565,913,3652
"71336",4660,932,3728
"71337",6300,1260,5040
"71338",4325,865,3460
"71339",5195,1039,4156
"71340",5855,1171,4684
"71341",4635,927,3708
"71342",6275,1255,5020
"71343",4135,827,3308
"71344",5185,1037,4148
"71345",4500,900,3600
"71346",6065,1213,4852
"71347",4200,840,3360
"71348",3950,790,3160
"71349",5735,1147,4588
"71350",5010,1002,4008
"71351",5155,1031,4124
"71352",5105,1021,4084
"71353",4050,810,3240
"71354",5165,1033,4132
"71355",4050,810,3240
"71356",4860,972,3888
"71357",4125,825,3300
"71358",5160,1032,4128
"71359",4235,847,3388
"71360",4855,971,3884
"71361",4235,847,3388
"71362",4955,991,3964
"71363",3260,652,2608
"71364",4005,801,3204
"71365",4435,887,3548
"71366",5615,1123,4492
"71367",4135,827,3308
"71368",4630,926,3704
"71369",4870,974,3896
"71370",4325,865,3460
"71371",5400,1080,4320
"71372",5055,1011,4044
"71373",4485,897,3588
"71374",5705,1141,4564
"71375",4800,960,3840
"71376",4795,959,3836
"71377",4950,990,3960
"71378",4265,853,3412
"71379",4580,916,3664
"71380",5545,1109,4436
"71381",5655,1131,4524
"71382",6270,1254,5016
"71383",5830,1166,4664
"71384",4175,835,3340
"71385",5265,1053,4212
"71386",3540,708,2832
"71387",5405,1081,4324
"71388",4870,974,3896
"71389",4340,868,3472
"71390",4290,858,3432
"71391",3650,730,2920
"71392",5230,1046,4184
"71393",4285,857,3428
"71394",4535,907,3628
"71395",4625,925,3700
"71396",4080,816,3264
"71397",4625,925,3700
"71398",4990,998,3992
"71399",7525,1505,6020
"71400",4635,927,3708
"71401",4380,876,3504
"71402",5050,1010,4040
"71403",3815,763,3052
"71404",5920,1184,4736
"71405",5470,1094,4376
"71406",3700,740,2960
"71407",3295,659,2636
"71408",4245,849,3396
"71409",3565,713,2852
"71410",4310,862,3448
"71411",4575,915,3660
"71412",4410,882,3528
"71413",4945,989,3956
"71414",4345,869,3476
"71415",4510,902,3608
"71416",4960,992,3968
"71417",4280,856,3424
"71418",4715,943,3772
"71419",4205,841,3364
"71420",3330,666,2664
"71421",3835,767,3068
"71422",5075,1015,4060
"71423",4680,936,3744
"71424",4785,957,3828
"71425",4810,962,3848
"71426",5250,1050,4200
"71427",4750,950,3800
"71428",4775,955,3820
"71429",6030,1206,4824
"71430",5480,1096,4384
"71431",4720,944,3776
"71432",4980,996,3984
"71433",3580,716,2864
"71434",4855,971,3884
"71435",4025,805,3220
"71436",6830,1366,5464
"71437",3395,679,2716
"71438",4710,942,3768
"71439",4650,930,3720
"71440",4150,830,3320
"71441",5260,1052,4208
"71442",3670,734,2936
"71443",4790,958,3832
"71444",5335,1067,4268
"71445",3665,733,2932
"71446",5080,1016,4064
"71447",4060,812,3248
"71448",5960,1192,4768
"71449",4060,812,3248
"71450",5070,1014,4056
"71451",3290,658,2632
"71452",4625,925,3700
"71453",7515,1503,6012
"71454",5320,1064,4256
"71455",3545,709,2836
"71456",6430,1286,5144
"71457",4480,896,3584
"71458",4905,981,3924
"71459",5025,1005,4020
"71460",4520,904,3616
"71461",5530,1106,4424
"71462",3875,775,3100
"71463",5125,1025,4100
"71464",4380,876,3504
"71465",5595,1119,4476
"71466",4080,816,3264
"71467",6710,1342,5368
"71468",3785,757,3028
"71469",5620,1124,4496
"71470",4245,849,3396
"71471",4510,902,3608
"71472",5770,1154,4616
"71473",5995,1199,4796
"71474",5200,1040,4160
"71475",5210,1042,4168
"71476",3990,798,3192
"71477",5300,1060,4240
"71478",3990,798,3192
"71479",4075,815,3260
"71480",5425,1085,4340
"71481",3505,701,2804
"71482",4745,949,3796
"71483",4025,805,3220
"71484",3855,771,3084
"71485",5190,1038,4152
"71486",4285,857,3428
"71487",4505,901,3604
"71488",6035,1207,4828
"71489",4335,867,3468
"71490",4325,865,3460
"71491",4610,922,3688
"71492",5430,1086,4344
"71493",5175,1035,4140
"71494",4645,929,3716
"71495",3845,769,3076
"71496",4130,826,3304
"71497",4045,809,3236
"71498",3255,651,2604
"71499",5830,1166,4664
"71500",5710,1142,4568
"71501",3860,772,3088
"71502",5800,1160,4640
"71503",3630,726,2904
"71504",3760,752,3008
"71505",3780,756,3024
"71506",5225,1045,4180
"71507",4670,934,3736
"71508",3995,799,3196
"71509",4020,804,3216
"71510",4535,907,3628
"71511",4085,817,3268
"71512",5070,1014,4056
"71513",3680,736,2944
"71514",6425,1285,5140
"71515",5540,1108,4432
"71516",4910,982,3928
"71517",5450,1090,4360
"71518",4395,879,3516
"71519",6450,1290,5160
"71520",6370,1274,5096
"71521",4980,996,3984
"71522",4620,924,3696
"71523",4025,805,3220
"71524",4710,942,3768
"71525",4115,823,3292
"71526",4625,925,3700
"71527",5285,1057,4228
"71528",5960,1192,4768
"71529",4460,892,3568
"71530",5200,1040,4160
"71531",4085,817,3268
"71532",4070,814,3256
"71533",3725,745,2980
"71534",3645,729,2916
"71535",3995,799,3196
"71536",8010,1602,6408
"71537",4445,889,3556
"71538",5405,1081,4324
"71539",6585,1317,5268
"71540",4360,872,3488
"71541",3965,793,3172
"71542",4225,845,3380
"71543",3655,731,2924
"71544",5515,1103,4412
"71545",4845,969,3876
"71546",4445,889,3556
"71547",5340,1068,4272
"71548",3820,764,3056
"71549",4925,985,3940
"71550",3870,774,3096
"71551",4895,979,3916
"71552",4265,853,3412
"71553",4420,884,3536
"71554",4820,964,3856
"71555",4035,807,3228
"71556",3700,740,2960
"71557",4145,829,3316
"71558",4035,807,3228
"71559",4750,950,3800
"71560",3750,750,3000
"71561",3965,793,3172
"71562",4125,825,3300
"71563",5235,1047,4188
"71564",3685,737,2948
"71565",5340,1068,4272
"71566",4435,887,3548
"71567",4190,838,3352
"71568",3480,696,2784
"71569",5270,1054,4216
"71570",4365,873,3492
"71571",5105,1021,4084
"71572",3345,669,2676
"71573",4045,809,3236
"71574",4660,932,3728
"71575",6230,1246,4984
"71576",4325,865,3460
"71577",4985,997,3988
"71578",4790,958,3832
"71579",4925,985,3940
"71580",4500,900,3600
"71581",5275,1055,4220
"71582",4480,896,3584
"71583",5575,1115,4460
"71584",5930,1186,4744
"71585",4330,866,3464
"71586",3485,697,2788
"71587",5190,1038,4152
"71588",4960,992,3968
"71589",6920,1384,5536
"71590",3750,750,3000
"71591",4520,904,3616
"71592",4155,831,3324
"71593",5545,1109,4436
"71594",5485,1097,4388
"71595",5225,1045,4180
"71596",6235,1247,4988
"71597",4005,801,3204
"71598",5380,1076,4304
"71599",5790,1158,4632
"71600",6175,1235,4940
"71601",4060,812,3248
"71602",3950,790,3160
"71603",5610,1122,4488
"71604",5785,1157,4628
"71605",4470,894,3576
"71606",4990,998,3992
"71607",4580,916,3664
"71608",6225,1245,4980
"71609",4920,984,3936
"71610",3345,669,2676
"71611",4125,825,3300
"71612",4490,898,3592
"71613",4720,944,3776
"71614",5245,1049,4196
"71615",4050,810,3240
"71616",4110,822,3288
"71617",5335,1067,4268
"71618",5055,1011,4044
"71619",3550,710,2840
"71620",4670,934,3736
"71621",3880,776,3104
"71622",5440,1088,4352
"71623",4915,983,3932
"71624",4495,899,3596
"71625",3720,744,2976
"71626",5380,1076,4304
"71627",3660,732,2928
"71628",6470,1294,5176
"71629",4595,919,3676
"71630",3800,760,3040
"71631",5255,1051,4204
"71632",3765,753,3012
"71633",5650,1130,4520
"71634",4525,905,3620
"71635",5675,1135,4540
"71636",4150,830,3320
"71637",4200,840,3360
"71638",6010,1202,4808
"71639",5825,1165,4660
"71640",3970,794,3176
"71641",4170,834,3336
"71642",4125,825,3300
"71643",5070,1014,4056
"71644",4905,981,3924
"71645",5135,1027,4108
"71646",3955,791,3164
"71647",5580,1116,4464
"71648",5140,1028,4112
"71649",3970,794,3176
"71650",5865,1173,4692
"71651",4165,833,3332
"71652",4420,884,3536
"71653",4875,975,3900
"71654",4640,928,3712
"71655",4100,820,3280
"71656",5220,1044,4176
"71657",3920,784,3136
"71658",5135,1027,4108
"71659",5775,1155,4620
"71660",3980,796,3184
"71661",4105,821,3284
"71662",6870,1374,5496
"71663",4095,819,3276
"71664",4500,900,3600
"71665",4255,851,3404
"71666",4135,827,3308
"71667",5060,1012,4048
"71668",4340,868,3472
"71669",4560,912,3648
"71670",4185,837,3348
"71671",5175,1035,4140
"71672",3695,739,2956
"71673",3445,689,2756
"71674",4780,956,3824
"71675",4920,984,3936
"71676",4420,884,3536
"71677",4260,852,3408
"71678",3835,767,3068
"71679",5190,1038,4152
"71680",3730,746,2984
"71681",4470,894,3576
"71682",4300,860,3440
"71683",3620,724,2896
"71684",4790,958,3832
"71685",4740,948,3792
"71686",6215,1243,4972
"71687",5170,1034,4136
"71688",5815,1163,4652
"71689",5065,1013,4052
"71690",4075,815,3260
"71691",5695,1139,4556
"71692",4655,931,3724
"71693",4805,961,3844
"71694",4430,886,3544
"71695",4000,800,3200
"71696",3770,754,3016
"71697",5455,1091,4364
"71698",6115,1223,4892
"71699",4320,864,3456
"71700",4060,812,3248
"71701",3695,739,2956
"71702",4895,979,3916
"71703",4185,837,3348
"71704",5210,1042,4168
"71705",4720,944,3776
"71706",4715,943,3772
"71707",5065,1013,4052
"71708",6900,1380,5520
"71709",3185,637,2548
"71710",4520,904,3616
"71711",4720,944,3776
"71712",4625,925,3700
"71713",3740,748,2992
"71714",5440,1088,4352
"71715",7350,1470,5880
"71716",5215,1043,4172
"71717",5945,1189,4756
"71718",4070,814,3256
"71719",5460,1092,4368
"71720",6540,1308,5232
"71721",4295,859,3436
"71722",5135,1027,4108
"71723",6090,1218,4872
"71724",4390,878,3512
"71725",5535,1107,4428
"71726",4475,895,3580
"71727",4735,947,3788
"71728",4355,871,3484
"71729",4150,830,3320
"71730",4675,935,3740
"71731",4595,919,3676
"71732",4665,933,3732
"71733",4885,977,3908
"71734",3560,712,2848
"71735",4065,813,3252
"71736",4305,861,3444
"71737",4140,828,3312
"71738",5215,1043,4172
"71739",4335,867,3468
"71740",4230,846,3384
"71741",3795,759,3036
"71742",5520,1104,4416
"71743",5695,1139,4556
"71744",3545,709,2836
"71745",3695,739,2956
"71746",4800,960,3840
"71747",4125,825,3300
"71748",3590,718,2872
"71749",4400,880,3520
"71750",6760,1352,5408
"71751",5290,1058,4232
"71752",4580,916,3664
"71753",6165,1233,4932
"71754",4835,967,3868
"71755",4390,878,3512
"71756",3735,747,2988
"71757",4765,953,3812
"71758",6985,1397,5588
"71759",3855,771,3084
"71760",4085,817,3268
"71761",4515,903,3612
"71762",4685,937,3748
"71763",6035,1207,4828
"71764",3835,767,3068
"71765",4765,953,3812
"71766",3965,793,3172
"71767",4680,936,3744
"71768",3855,771,3084
"71769",4820,964,3856
"71770",3920,784,3136
"71771",5075,1015,4060
"71772",5175,1035,4140
"71773",3570,714,2856
"71774",7365,1473,5892
"71775",4170,834,3336
"71776",4405,881,3524
"71777",4030,806,3224
"71778",3970,794,3176
"71779",4285,857,3428
"71780",4740,948,3792
"71781",4920,984,3936
"71782",4020,804,3216
"71783",4910,982,3928
"71784",4870,974,3896
"71785",5365,1073,4292
"71786",4150,830,3320
"71787",6050,1210,4840
"71788",4250,850,3400
"71789",5475,1095,4380
"71790",4470,894,3576
"71791",4125,825,3300
"71792",4590,918,3672
"71793",6865,1373,5492
"71794",5125,1025,4100
"71795",4675,935,3740
"71796",5370,1074,4296
"71797",4545,909,3636
"71798",5010,1002,4008
"71799",3575,715,2860
"71800",4730,946,3784
"71801",4440,888,3552
"71802",4220,844,3376
"71803",5380,1076,4304
"71804",4630,926,3704
"71805",4785,957,3828
"71806",4220,844,3376
"71807",6095,1219,4876
"71808",4810,962,3848
"71809",6330,1266,5064
"71810",6810,1362,5448
"71811",4395,879,3516
"71812",4005,801,3204
"71813",4435,887,3548
"71814",4615,923,3692
"71815",5170,1034,4136
"71816",4170,834,3336
"71817",3700,740,2960
"71818",5485,1097,4388
"71819",6695,1339,5356
"71820",4760,952,3808
"71821",4455,891,3564
"71822",6690,1338,5352
"71823",5190,1038,4152
"71824",4420,884,3536
"71825",4320,864,3456
"71826",4020,804,3216
"71827",4685,937,3748
"71828",4680,936,3744
"71829",4500,900,3600
"71830",3670,734,2936
"71831",4615,923,3692
"71832",6540,1308,5232
"71833",5205,1041,4164
"71834",4525,905,3620
"71835",3795,759,3036
"71836",5010,1002,4008
"71837",7075,1415,5660
"71838",5040,1008,4032
"71839",5030,1006,4024
"71840",4835,967,3868
"71841",4770,954,3816
"71842",3790,758,3032
"71843",3950,790,3160
"71844",4245,849,3396
"71845",4025,805,3220
"71846",4640,928,3712
"71847",4750,950,3800
"71848",7880,1576,6304
"71849",4030,806,3224
"71850",4355,871,3484
"71851",4165,833,3332
"71852",5690,1138,4552
"71853",4475,895,3580
"71854",4450,890,3560
"71855",4375,875,3500
"71856",5825,1165,4660
"71857",4620,924,3696
"71858",4390,878,3512
"71859",5215,1043,4172
"71860",5000,1000,4000
"71861",3935,787,3148
"71862",5760,1152,4608
"71863",4090,818,3272
"71864",5680,1136,4544
"71865",3935,787,3148
"71866",4750,950,3800
"71867",5160,1032,4128
"71868",3760,752,3008
"71869",3915,783,3132
"71870",5405,1081,4324
"71871",4000,800,3200
"71872",4350,870,3480
"71873",4740,948,3792
"71874",4160,832,3328
"71875",3950,790,3160
"71876",4110,822,3288
"71877",5650,1130,4520
"71878",4695,939,3756
"71879",4315,863,3452
"71880",3415,683,2732
"71881",4795,959,3836
"71882",3680,736,2944
"71883",5295,1059,4236
"71884",5515,1103,4412
"71885",5865,1173,4692
"71886",5785,1157,4628
"71887",4965,993,3972
"71888",3840,768,3072
"71889",5335,1067,4268
"71890",4525,905,3620
"71891",4225,845,3380
"71892",4155,831,3324
"71893",4145,829,3316
"71894",3815,763,3052
"71895",4610,922,3688
"71896",4760,952,3808
"71897",4275,855,3420
"71898",5765,1153,4612
"71899",6390,1278,5112
"71900",5320,1064,4256
"71901",5070,1014,4056
"71902",4455,891,3564
"71903",4090,818,3272
"71904",4820,964,3856
"71905",4970,994,3976
"71906",8295,1659,6636
"71907",3860,772,3088
"71908",3440,688,2752
"71909",4070,814,3256
"71910",5640,1128,4512
"71911",4340,868,3472
"71912",5235,1047,4188
"71913",4820,964,3856
"71914",4025,805,3220
"71915",4175,835,3340
"71916",5000,1000,4000
"71917",4800,960,3840
"71918",5150,1030,4120
"71919",4875,975,3900
"71920",3710,742,2968
"71921",4475,895,3580
"71922",4180,836,3344
"71923",4300,860,3440
"71924",4090,818,3272
"71925",4210,842,3368
"71926",3950,790,3160
"71927",4490,898,3592
"71928",3775,755,3020
"71929",6170,1234,4936
"71930",3540,708,2832
"71931",5590,1118,4472
"71932",5235,1047,4188
"71933",7405,1481,5924
"71934",4020,804,3216
"71935",7290,1458,5832
"71936",4630,926,3704
"71937",4125,825,3300
"71938",4075,815,3260
"71939",5190,1038,4152
"71940",4745,949,3796
"71941",4560,912,3648
"71942",3640,728,2912
"71943",4175,835,3340
"71944",5200,1040,4160
"71945",5550,1110,4440
"71946",3585,717,2868
"71947",4240,848,3392
"71948",4225,845,3380
"71949",4840,968,3872
"71950",4250,850,3400
"71951",4920,984,3936
"71952",4520,904,3616
"71953",5475,1095,4380
"71954",4720,944,3776
"71955",4515,903,3612
"71956",5870,1174,4696
"71957",4130,826,3304
"71958",5770,1154,4616
"71959",4050,810,3240
"71960",4360,872,3488
"71961",5540,1108,4432
"71962",4085,817,3268
"71963",3935,787,3148
"71964",4780,956,3824
"71965",4915,983,3932
"71966",4015,803,3212
"71967",5230,1046,4184
"71968",4105,821,3284
"71969",4740,948,3792
"71970",5700,1140,4560
"71971",4695,939,3756
"71972",3450,690,2760
"71973",4590,918,3672
"71974",4855,971,3884
"71975",6565,1313,5252
"71976",5145,1029,4116
"71977",4825,965,3860
"71978",4130,826,3304
"71979",5595,1119,4476
"71980",4450,890,3560
"71981",4080,816,3264
"71982",3625,725,2900
"71983",5905,1181,4724
"71984",3635,727,2908
"71985",4215,843,3372
"71986",3685,737,2948
"71987",4385,877,3508
"71988",3880,776,3104
"71989",5855,1171,4684
"71990",4420,884,3536
"71991",5215,1043,4172
"71992",4525,905,3620
"71993",4520,904,3616
"71994",4590,918,3672
"71995",5030,1006,4024
"71996",6065,1213,4852
"71997",3565,713,2852
"71998",3855,771,3084
"71999",4100,820,3280
"72000",4115,823,3292
"72001",4290,858,3432
"72002",4805,961,3844
"72003",4760,952,3808
"72004",5110,1022,4088
"72005",7235,1447,5788
"72006",5190,1038,4152
"72007",4700,940,3760
"72008",5460,1092,4368
"72009",4360,872,3488
"72010",5360,1072,4288
"72011",4315,863,3452
"72012",3820,764,3056
"72013",4760,952,3808
"72014",4910,982,3928
"72015",5080,1016,4064
"72016",4455,891,3564
"72017",3245,649,2596
"72018",5150,1030,4120
"72019",4045,809,3236
"72020",4100,820,3280
"72021",5700,1140,4560
"72022",5870,1174,4696
"72023",4630,926,3704
"72024",4145,829,3316
"72025",6785,1357,5428
"72026",4110,822,3288
"72027",6090,1218,4872
"72028",3575,715,2860
"72029",3785,757,3028
"72030",5135,1027,4108
"72031",6470,1294,5176
"72032",4775,955,3820
"72033",5425,1085,4340
"72034",4190,838,3352
"72035",4215,843,3372
"72036",6055,1211,4844
"72037",3915,783,3132
"72038",3985,797,3188
"72039",4300,860,3440
"72040",4295,859,3436
"72041",6280,1256,5024
"72042",4245,849,3396
"72043",4620,924,3696
"72044",4350,870,3480
"72045",3905,781,3124
"72046",5400,1080,4320
"72047",5170,1034,4136
"72048",4005,801,3204
"72049",5145,1029,4116
"72050",4795,959,3836
"72051",4470,894,3576
"72052",5495,1099,4396
"72053",4250,850,3400
"72054",4010,802,3208
"72055",4655,931,3724
"72056",4315,863,3452
"72057",4725,945,3780
"72058",4575,915,3660
"72059",5790,1158,4632
"72060",3680,736,2944
"72061",4905,981,3924
"72062",5935,1187,4748
"72063",3940,788,3152
"72064",5115,1023,4092
"72065",4575,915,3660
"72066",3600,720,2880
"72067",3825,765,3060
"72068",3940,788,3152
"72069",4465,893,3572
"72070",3315,663,2652
"72071",3685,737,2948
"72072",3990,798,3192
"72073",5410,1082,4328
"72074",7080,1416,5664
"72075",5085,1017,4068
"72076",5860,1172,4688
"72077",5940,1188,4752
"72078",4455,891,3564
"72079",4900,980,3920
"72080",4755,951,3804
"72081",6660,1332,5328
"72082",3890,778,3112
"72083",5760,1152,4608
"72084",5225,1045,4180
"72085",4435,887,3548
"72086",4905,981,3924
"72087",3985,797,3188
"72088",4035,807,3228
"72089",5180,1036,4144
"72090",5725,1145,4580
"72091",5225,1045,4180
"72092",4415,883,3532
"72093",5365,1073,4292
"72094",4985,997,3988
"72095",4885,977,3908
"72096",6190,1238,4952
"72097",4185,837,3348
"72098",4070,814,3256
"72099",4710,942,3768
"72100",5535,1107,4428
"72101",5105,1021,4084
"72102",4745,949,3796
"72103",4010,802,3208
"72104",4670,934,3736
"72105",5020,1004,4016
"72106",4085,817,3268
"72107",3265,653,2612
"72108",5215,1043,4172
"72109",5390,1078,4312
"72110",6145,1229,4916
"72111",3695,739,2956
"72112",5175,1035,4140
"72113",3715,743,2972
"72114",5165,1033,4132
"72115",6870,1374,5496
"72116",4470,894,3576
"72117",3890,778,3112
"72118",3900,780,3120
"72119",4500,900,3600
"72120",3515,703,2812
"72121",4205,841,3364
"72122",7705,1541,6164
"72123",4010,802,3208
"72124",4420,884,3536
"72125",4885,977,3908
"72126",4225,845,3380
"72127",4320,864,3456
"72128",3805,761,3044
"72129",4430,886,3544
"72130",4905,981,3924
"72131",4970,994,3976
"72132",5805,1161,4644
"72133",5020,1004,4016
"72134",4995,999,3996
"72135",5545,1109,4436
"72136",5045,1009,4036
"72137",4720,944,3776
"72138",4080,816,3264
"72139",5535,1107,4428
"72140",5965,1193,4772
"72141",4740,948,3792
"72142",4445,889,3556
"72143",4110,822,3288
"72144",4560,912,3648
"72145",4135,827,3308
"72146",3840,768,3072
"72147",3755,751,3004
"72148",3850,770,3080
"72149",5020,1004,4016
"72150",4490,898,3592
"72151",5745,1149,4596
"72152",5830,1166,4664
"72153",5435,1087,4348
"72154",5045,1009,4036
"72155",5385,1077,4308
"72156",4100,820,3280
"72157",5700,1140,4560
"72158",4520,904,3616
"72159",5755,1151,4604
"72160",6085,1217,4868
"72161",4895,979,3916
"72162",4610,922,3688
"72163",3830,766,3064
"72164",4785,957,3828
"72165",5625,1125,4500
"72166",4305,861,3444
"72167",3830,766,3064
"72168",4215,843,3372
"72169",4445,889,3556
"72170",4310,862,3448
"72171",6170,1234,4936
"72172",7645,1529,6116
"72173",3995,799,3196
"72174",3795,759,3036
"72175",4720,944,3776
"72176",6800,1360,5440
"72177",5180,1036,4144
"72178",4960,992,3968
"72179",5235,1047,4188
"72180",4785,957,3828
"72181",5735,1147,4588
"72182",4470,894,3576
"72183",3590,718,2872
"72184",5155,1031,4124
"72185",5130,1026,4104
"72186",4860,972,3888
"72187",4155,831,3324
"72188",3720,744,2976
"72189",4545,909,3636
"72190",4695,939,3756
"72191",4435,887,3548
"72192",4160,832,3328
"72193",5765,1153,4612
"72194",4685,937,3748
"72195",4670,934,3736
"72196",5290,1058,4232
"72197",4250,850,3400
"72198",4260,852,3408
"72199",4755,951,3804
"72200",4895,979,3916
"72201",5045,1009,4036
"72202",5120,1024,4096
"72203",4255,851,3404
"72204",4470,894,3576
"72205",3555,711,2844
"72206",5125,1025,4100
"72207",4560,912,3648
"72208",5035,1007,4028
"72209",3490,698,2792
"72210",5615,1123,4492
"72211",5255,1051,4204
"72212",5600,1120,4480
"72213",4095,819,3276
"72214",4685,937,3748
"72215",5805,1161,4644
"72216",5840,1168,4672
"72217",4760,952,3808
"72218",6810,1362,5448
"72219",4170,834,3336
"72220",6315,1263,5052
"72221",5085,1017,4068
"72222",4285,857,3428
"72223",5810,1162,4648
"72224",4360,872,3488
"72225",4100,820,3280
"72226",3310,662,2648
"72227",5345,1069,4276
"72228",4050,810,3240
"72229",4450,890,3560
"72230",4175,835,3340
"72231",3365,673,2692
"72232",4360,872,3488
"72233",4815,963,3852
"72234",4825,965,3860
"72235",5185,1037,4148
"72236",4235,847,3388
"72237",4450,890,3560
"72238",4610,922,3688
"72239",5190,1038,4152
"72240",3765,753,3012
"72241",4940,988,3952
"72242",5005,1001,4004
"72243",3740,748,2992
"72244",3280,656,2624
"72245",5090,1018,4072
"72246",4525,905,3620
"72247",5330,1066,4264
"72248",4545,909,3636
"72249",4755,951,3804
"72250",6990,1398,5592
"72251",4715,943,3772
"72252",6415,1283,5132
"72253",4790,958,3832
"72254",4205,841,3364
"72255",5090,1018,4072
"72256",5930,1186,4744
"72257",4375,875,3500
"72258",3765,753,3012
"72259",4280,856,3424
"72260",5775,1155,4620
"72261",4090,818,3272
"72262",4405,881,3524
"72263",4215,843,3372
"72264",8010,1602,6408
"72265",4220,844,3376
"72266",4990,998,3992
"72267",4595,919,3676
"72268",4725,945,3780
"72269",4110,822,3288
"72270",5555,1111,4444
"72271",6455,1291,5164
"72272",7440,1488,5952
"72273",3690,738,2952
"72274",4420,884,3536
"72275",3860,772,3088
"72276",4475,895,3580
"72277",3730,746,2984
"72278",4475,895,3580
"72279",4550,910,3640
"72280",4555,911,3644
"72281",4795,959,3836
"72282",6860,1372,5488
"72283",5265,1053,4212
"72284",5105,1021,4084
"72285",4275,855,3420
"72286",3905,781,3124
"72287",3805,761,3044
"72288",7195,1439,5756
"72289",4235,847,3388
"72290",4785,957,3828
"72291",4245,849,3396
"72292",3380,676,2704
"72293",5195,1039,4156
"72294",4985,997,3988
"72295",4455,891,3564
"72296",4380,876,3504
"72297",5165,1033,4132
"72298",6495,1299,5196
"72299",4140,828,3312
"72300",3770,754,3016
"72301",5065,1013,4052
"72302",5410,1082,4328
"72303",4560,912,3648
"72304",4145,829,3316
"72305",4685,937,3748
"72306",4925,985,3940
"72307",4170,834,3336
"72308",3825,765,3060
"72309",4570,914,3656
"72310",6255,1251,5004
"72311",4460,892,3568
"72312",4885,977,3908
"72313",5120,1024,4096
"72314",4540,908,3632
"72315",5760,1152,4608
"72316",5145,1029,4116
"72317",3705,741,2964
"72318",4395,879,3516
"72319",3715,743,2972
"72320",4815,963,3852
"72321",5110,1022,4088
"72322",4575,915,3660
"72323",5320,1064,4256
"72324",3305,661,2644
"72325",3800,760,3040
"72326",5530,1106,4424
"72327",4670,934,3736
"72328",3945,789,3156
"72329",6700,1340,5360
"72330",4020,804,3216
"72331",3655,731,2924
"72332",3065,613,2452
"72333",4540,908,3632
"72334",4780,956,3824
"72335",4455,891,3564
"72336",3760,752,3008
"72337",4910,982,3928
"72338",5275,1055,4220
"72339",4810,962,3848
"72340",4460,892,3568
"72341",4915,983,3932
"72342",5285,1057,4228
"72343",4810,962,3848
"72344",5145,1029,4116
"72345",4295,859,3436
"72346",5845,1169,4676
"72347",4920,984,3936
"72348",4115,823,3292
"72349",3915,783,3132
"72350",4730,946,3784
"72351",3570,714,2856
"72352",4685,937,3748
"72353",4760,952,3808
"72354",4225,845,3380
"72355",3920,784,3136
"72356",6805,1361,5444
"72357",5265,1053,4212
"72358",4940,988,3952
"72359",4100,820,3280
"72360",4835,967,3868
"72361",3720,744,2976
"72362",5030,1006,4024
"72363",3985,797,3188
"72364",4070,814,3256
"72365",3480,696,2784
"72366",4585,917,3668
"72367",3550,710,2840
"72368",6290,1258,5032
"72369",6575,1315,5260
"72370",5055,1011,4044
"72371",3925,785,3140
"72372",4495,899,3596
"72373",5060,1012,4048
"72374",4970,994,3976
"72375",4050,810,3240
"72376",4470,894,3576
"72377",5065,1013,4052
"72378",6480,1296,5184
"72379",4740,948,3792
"72380",4035,807,3228
"72381",5375,1075,4300
"72382",3800,760,3040
"72383",9155,1831,7324
"72384",5130,1026,4104
"72385",4935,987,3948
"72386",4860,972,3888
"72387",4740,948,3792
"72388",5110,1022,4088
"72389",4290,858,3432
"72390",3990,798,3192
"72391",4545,909,3636
"72392",4510,902,3608
"72393",3925,785,3140
"72394",5135,1027,4108
"72395",4670,934,3736
"72396",4350,870,3480
"72397",4050,810,3240
"72398",4100,820,3280
"72399",3545,709,2836
"72400",4670,934,3736
"72401",4120,824,3296
"72402",3695,739,2956
"72403",3805,761,3044
"72404",3545,709,2836
"72405",4415,883,3532
"72406",3230,646,2584
"72407",4455,891,3564
"72408",3760,752,3008
"72409",6120,1224,4896
"72410",4100,820,3280
"72411",4330,866,3464
"72412",4155,831,3324
"72413",5605,1121,4484
"72414",4385,877,3508
"72415",4140,828,3312
"72416",4830,966,3864
"72417",4160,832,3328
"72418",4180,836,3344
"72419",5150,1030,4120
"72420",3950,790,3160
"72421",4335,867,3468
"72422",4605,921,3684
"72423",3565,713,2852
"72424",4980,996,3984
"72425",4380,876,3504
"72426",4690,938,3752
"72427",4330,866,3464
"72428",4885,977,3908
"72429",4835,967,3868
"72430",5580,1116,4464
"72431",5430,1086,4344
"72432",4285,857,3428
"72433",3855,771,3084
"72434",3650,730,2920
"72435",4090,818,3272
"72436",3305,661,2644
"72437",4355,871,3484
"72438",6350,1270,5080
"72439",5195,1039,4156
"72440",3790,758,3032
"72441",4840,968,3872
"72442",5570,1114,4456
"72443",4335,867,3468
"72444",5150,1030,4120
"72445",4595,919,3676
"72446",4990,998,3992
"72447",3315,663,2652
"72448",4965,993,3972
"72449",6130,1226,4904
"72450",4155,831,3324
"72451",3665,733,2932
"72452",5375,1075,4300
"72453",5540,1108,4432
"72454",4430,886,3544
"72455",4410,882,3528
"72456",4825,965,3860
"72457",4245,849,3396
"72458",4885,977,3908
"72459",3545,709,2836
"72460",4405,881,3524
"72461",4295,859,3436
"72462",3820,764,3056
"72463",3515,703,2812
"72464",5750,1150,4600
"72465",6240,1248,4992
"72466",4315,863,3452
"72467",4315,863,3452
"72468",4710,942,3768
"72469",3770,754,3016
"72470",5340,1068,4272
"72471",5875,1175,4700
"72472",5680,1136,4544
"72473",3960,792,3168
"72474",4265,853,3412
"72475",4260,852,3408
"72476",4335,867,3468
"72477",3900,780,3120
"72478",3535,707,2828
"72479",5535,1107,4428
"72480",4240,848,3392
"72481",4215,843,3372
"72482",4850,970,3880
"72483",4210,842,3368
"72484",5550,1110,4440
"72485",4235,847,3388
"72486",4175,835,3340
"72487",5380,1076,4304
"72488",3880,776,3104
"72489",6225,1245,4980
"72490",3770,754,3016
"72491",5980,1196,4784
"72492",4545,909,3636
"72493",5140,1028,4112
"72494",5195,1039,4156
"72495",3520,704,2816
"72496",5745,1149,4596
"72497",5845,1169,4676
"72498",4600,920,3680
"72499",3440,688,2752
"72500",3535,707,2828
"72501",4005,801,3204
"72502",6760,1352,5408
"72503",5940,1188,4752
"72504",7095,1419,5676
"72505",4625,925,3700
"72506",4570,914,3656
"72507",5055,1011,4044
"72508",4660,932,3728
"72509",3850,770,3080
"72510",3530,706,2824
"72511",3800,760,3040
"72512",5415,1083,4332
"72513",4525,905,3620
"72514",5980,1196,4784
"72515",4940,988,3952
"72516",5730,1146,4584
"72517",3795,759,3036
"72518",5715,1143,4572
"72519",3825,765,3060
"72520",5875,1175,4700
"72521",5710,1142,4568
"72522",4780,956,3824
"72523",4790,958,3832
"72524",4400,880,3520
"72525",4770,954,3816
"72526",4180,836,3344
"72527",4180,836,3344
"72528",4555,911,3644
"72529",6270,1254,5016
"72530",4065,813,3252
"72531",7745,1549,6196
"72532",5265,1053,4212
"72533",4160,832,3328
"72534",4885,977,3908
"72535",3925,785,3140
"72536",4620,924,3696
"72537",3970,794,3176
"72538",4675,935,3740
"72539",4390,878,3512
"72540",5855,1171,4684
"72541",3975,795,3180
"72542",3395,679,2716
"72543",4260,852,3408
"72544",4735,947,3788
"72545",4985,997,3988
"72546",5145,1029,4116
"72547",4690,938,3752
"72548",4390,878,3512
"72549",3815,763,3052
"72550",5410,1082,4328
"72551",3940,788,3152
"72552",4265,853,3412
"72553",5765,1153,4612
"72554",4475,895,3580
"72555",3635,727,2908
"72556",7090,1418,5672
"72557",5315,1063,4252
"72558",6930,1386,5544
"72559",3840,768,3072
"72560",3180,636,2544
"72561",4905,981,3924
"72562",3790,758,3032
"72563",5025,1005,4020
"72564",5520,1104,4416
"72565",4920,984,3936
"72566",5200,1040,4160
"72567",3940,788,3152
"72568",4270,854,3416
"72569",4675,935,3740
"72570",6615,1323,5292
"72571",5955,1191,4764
"72572",3395,679,2716
"72573",3715,743,2972
"72574",4580,916,3664
"72575",4425,885,3540
"72576",4450,890,3560
"72577",5005,1001,4004
"72578",3840,768,3072
"72579",4715,943,3772
"72580",3695,739,2956
"72581",3290,658,2632
"72582",3565,713,2852
"72583",4105,821,3284
"72584",3450,690,2760
"72585",4075,815,3260
"72586",4720,944,3776
"72587",4265,853,3412
"72588",4795,959,3836
"72589",6425,1285,5140
"72590",5305,1061,4244
"72591",6075,1215,4860
"72592",5200,1040,4160
"72593",5230,1046,4184
"72594",5185,1037,4148
"72595",4525,905,3620
"72596",4645,929,3716
"72597",4140,828,3312
"72598",3260,652,2608
"72599",4485,897,3588
"72600",6000,1200,4800
"72601",6035,1207,4828
"72602",4100,820,3280
"72603",5160,1032,4128
"72604",4695,939,3756
"72605",4360,872,3488
"72606",4155,831,3324
"72607",5870,1174,4696
"72608",5245,1049,4196
"72609",7555,1511,6044
"72610",4820,964,3856
"72611",5620,1124,4496
"72612",7405,1481,5924
"72613",5065,1013,4052
"72614",6635,1327,5308
"72615",4280,856,3424
"72616",4265,853,3412
"72617",3775,755,3020
"72618",5270,1054,4216
"72619",3865,773,3092
"72620",4205,841,3364
"72621",6255,1251,5004
"72622",4570,914,3656
"72623",5330,1066,4264
"72624",4440,888,3552
"72625",4235,847,3388
"72626",4045,809,3236
"72627",3710,742,2968
"72628",3660,732,2928
"72629",4075,815,3260
"72630",4240,848,3392
"72631",5685,1137,4548
"72632",4180,836,3344
"72633",5100,1020,4080
"72634",4120,824,3296
"72635",5490,1098,4392
"72636",3935,787,3148
"72637",4260,852,3408
"72638",4025,805,3220
"72639",3875,775,3100
"72640",4385,877,3508
"72641",6645,1329,5316
"72642",5170,1034,4136
"72643",6245,1249,4996
"72644",4840,968,3872
"72645",5280,1056,4224
"72646",4455,891,3564
"72647",4480,896,3584
"72648",4515,903,3612
"72649",5515,1103,4412
"72650",4745,949,3796
"72651",4495,899,3596
"72652",6020,1204,4816
"72653",4230,846,3384
"72654",5320,1064,4256
"72655",6505,1301,5204
"72656",4065,813,3252
"72657",4935,987,3948
"72658",5075,1015,4060
"72659",5455,1091,4364
"72660",5355,1071,4284
"72661",3740,748,2992
"72662",5275,1055,4220
"72663",5705,1141,4564
"72664",3780,756,3024
"72665",5975,1195,4780
"72666",4300,860,3440
"72667",5585,1117,4468
"72668",4320,864,3456
"72669",6270,1254,5016
"72670",3925,785,3140
"72671",5125,1025,4100
"72672",5335,1067,4268
"72673",4545,909,3636
"72674",4205,841,3364
"72675",4450,890,3560
"72676",4745,949,3796
"72677",3640,728,2912
"72678",6515,1303,5212
"72679",4500,900,3600
"72680",5280,1056,4224
"72681",4315,863,3452
"72682",4050,810,3240
"72683",4550,910,3640
"72684",4580,916,3664
"72685",4325,865,3460
"72686",4640,928,3712
"72687",4985,997,3988
"72688",5925,1185,4740
"72689",6010,1202,4808
"72690",4240,848,3392
"72691",3580,716,2864
"72692",4300,860,3440
"72693",4620,924,3696
"72694",6205,1241,4964
"72695",5120,1024,4096
"72696",3825,765,3060
"72697",4195,839,3356
"72698",4175,835,3340
"72699",3200,640,2560
"72700",3790,758,3032
"72701",4345,869,3476
"72702",4380,876,3504
"72703",4200,840,3360
"72704",3575,715,2860
"72705",6390,1278,5112
"72706",5770,1154,4616
"72707",5925,1185,4740
"72708",7630,1526,6104
"72709",7330,1466,5864
"72710",4510,902,3608
"72711",4090,818,3272
"72712",6145,1229,4916
"72713",4755,951,3804
"72714",4720,944,3776
"72715",3370,674,2696
"72716",5015,1003,4012
"72717",3915,783,3132
"72718",6150,1230,4920
"72719",4080,816,3264
"72720",3880,776,3104
"72721",4555,911,3644
"72722",4930,986,3944
"72723",4875,975,3900
"72724",6025,1205,4820
"72725",4955,991,3964
"72726",4505,901,3604
"72727",5235,1047,4188
"72728",4855,971,3884
"72729",4335,867,3468
"72730",4440,888,3552
"72731",4330,866,3464
"72732",5310,1062,4248
"72733",5360,1072,4288
"72734",4765,953,3812
"72735",3780,756,3024
"72736",4595,919,3676
"72737",3930,786,3144
"72738",5030,1006,4024
"72739",4440,888,3552
"72740",3865,773,3092
"72741",3970,794,3176
"72742",5095,1019,4076
"72743",5020,1004,4016
"72744",3740,748,2992
"72745",4865,973,3892
"72746",4370,874,3496
"72747",7955,1591,6364
"72748",3875,775,3100
"72749",6110,1222,4888
"72750",5225,1045,4180
"72751",4975,995,3980
"72752",5515,1103,4412
"72753",4255,851,3404
"72754",4995,999,3996
"72755",4310,862,3448
"72756",3825,765,3060
"72757",4180,836,3344
"72758",5460,1092,4368
"72759",4725,945,3780
"72760",4440,888,3552
"72761",3845,769,3076
"72762",4465,893,3572
"72763",5565,1113,4452
"72764",4780,956,3824
"72765",3205,641,2564
"72766",4780,956,3824
"72767",5635,1127,4508
"72768",4255,851,3404
"72769",4450,890,3560
"72770",4180,836,3344
"72771",6210,1242,4968
"72772",3720,744,2976
"72773",4935,987,3948
"72774",4515,903,3612
"72775",4665,933,3732
"72776",4640,928,3712
"72777",4600,920,3680
"72778",4705,941,3764
"72779",3675,735,2940
"72780",4815,963,3852
"72781",5025,1005,4020
"72782",4585,917,3668
"72783",4960,992,3968
"72784",4920,984,3936
"72785",5030,1006,4024
"72786",4520,904,3616
"72787",3425,685,2740
"72788",4185,837,3348
"72789",6295,1259,5036
"72790",6500,1300,5200
"72791",6460,1292,5168
"72792",4510,902,3608
"72793",3755,751,3004
"72794",3860,772,3088
"72795",5570,1114,4456
"72796",5690,1138,4552
"72797",5590,1118,4472
"72798",4600,920,3680
"72799",5030,1006,4024
"72800",8455,1691,6764
"72801",4565,913,3652
"72802",4395,879,3516
"72803",4535,907,3628
"72804",4700,940,3760
"72805",4735,947,3788
"72806",5595,1119,4476
"72807",5085,1017,4068
"72808",4640,928,3712
"72809",4630,926,3704
"72810",5205,1041,4164
"72811",4415,883,3532
"72812",4825,965,3860
"72813",5565,1113,4452
"72814",4060,812,3248
"72815",3825,765,3060
"72816",4200,840,3360
"72817",5240,1048,4192
"72818",6010,1202,4808
"72819",5030,1006,4024
"72820",4200,840,3360
"72821",3365,673,2692
"72822",4580,916,3664
"72823",4570,914,3656
"72824",5355,1071,4284
"72825",4725,945,3780
"72826",3670,734,2936
"72827",4575,915,3660
"72828",4280,856,3424
"72829",4365,873,3492
"72830",4580,916,3664
"72831",4185,837,3348
"72832",3860,772,3088
"72833",6065,1213,4852
"72834",5585,1117,4468
"72835",5765,1153,4612
"72836",5785,1157,4628
"72837",4500,900,3600
"72838",3990,798,3192
"72839",4375,875,3500
"72840",4535,907,3628
"72841",6020,1204,4816
"72842",4880,976,3904
"72843",3845,769,3076
"72844",3760,752,3008
"72845",4355,871,3484
"72846",5485,1097,4388
"72847",5410,1082,4328
"72848",4695,939,3756
"72849",4800,960,3840
"72850",4295,859,3436
"72851",5090,1018,4072
"72852",4215,843,3372
"72853",4250,850,3400
"72854",4140,828,3312
"72855",4680,936,3744
"72856",4380,876,3504
"72857",4705,941,3764
"72858",4450,890,3560
"72859",5675,1135,4540
"72860",4690,938,3752
"72861",4210,842,3368
"72862",4395,879,3516
"72863",4825,965,3860
"72864",4860,972,3888
"72865",4100,820,3280
"72866",4420,884,3536
"72867",5610,1122,4488
"72868",4055,811,3244
"72869",3765,753,3012
"72870",4680,936,3744
"72871",4575,915,3660
"72872",5525,1105,4420
"72873",5590,1118,4472
"72874",4610,922,3688
"72875",6020,1204,4816
"72876",5015,1003,4012
"72877",3680,736,2944
"72878",5500,1100,4400
"72879",7965,1593,6372
"72880",4320,864,3456
"72881",3845,769,3076
"72882",4635,927,3708
"72883",4600,920,3680
"72884",4245,849,3396
"72885",4055,811,3244
"72886",5075,1015,4060
"72887",3750,750,3000
"72888",4080,816,3264
"72889",5745,1149,4596
"72890",3655,731,2924
"72891",4900,980,3920
"72892",4345,869,3476
"72893",4755,951,3804
"72894",4675,935,3740
"72895",5965,1193,4772
"72896",4525,905,3620
"72897",7335,1467,5868
"72898",4075,815,3260
"72899",4450,890,3560
"72900",4590,918,3672
"72901",3195,639,2556
"72902",4060,812,3248
"72903",4585,917,3668
"72904",4455,891,3564
"72905",3560,712,2848
"72906",3735,747,2988
"72907",4365,873,3492
"72908",4730,946,3784
"72909",3990,798,3192
"72910",4720,944,3776
"72911",4345,869,3476
"72912",3585,717,2868
"72913",4980,996,3984
"72914",4700,940,3760
"72915",4705,941,3764
"72916",3945,789,3156
"72917",6945,1389,5556
"72918",4665,933,3732
"72919",5140,1028,4112
"72920",6110,1222,4888
"72921",3860,772,3088
"72922",4105,821,3284
"72923",5255,1051,4204
"72924",4190,838,3352
"72925",4200,840,3360
"72926",4170,834,3336
"72927",4150,830,3320
"72928",5235,1047,4188
"72929",6510,1302,5208
"72930",5970,1194,4776
"72931",6690,1338,5352
"72932",4115,823,3292
"72933",4280,856,3424
"72934",5025,1005,4020
"72935",3655,731,2924
"72936",4255,851,3404
"72937",5680,1136,4544
"72938",4985,997,3988
"72939",3225,645,2580
"72940",3945,789,3156
"72941",4635,927,3708
"72942",4690,938,3752
"72943",5100,1020,4080
"72944",5805,1161,4644
"72945",5810,1162,4648
"72946",4955,991,3964
"72947",4615,923,3692
"72948",5275,1055,4220
"72949",3600,720,2880
"72950",3575,715,2860
"72951",4075,815,3260
"72952",4845,969,3876
"72953",3380,676,2704
"72954",4350,870,3480
"72955",4565,913,3652
"72956",4295,859,3436
"72957",4720,944,3776
"72958",5375,1075,4300
"72959",4725,945,3780
"72960",5515,1103,4412
"72961",4100,820,3280
"72962",3880,776,3104
"72963",4700,940,3760
"72964",5025,1005,4020
"72965",4255,851,3404
"72966",3470,694,2776
"72967",4775,955,3820
"72968",5010,1002,4008
"72969",5550,1110,4440
"72970",5935,1187,4748
"72971",4495,899,3596
"72972",4090,818,3272
"72973",6710,1342,5368
"72974",4160,832,3328
"72975",5735,1147,4588
"72976",3715,743,2972
"72977",5335,1067,4268
"72978",7775,1555,6220
"72979",4360,872,3488
"72980",4800,960,3840
"72981",5415,1083,4332
"72982",4065,813,3252
"72983",5470,1094,4376
"72984",3930,786,3144
"72985",4550,910,3640
"72986",6310,1262,5048
"72987",4070,814,3256
"72988",5385,1077,4308
"72989",5785,1157,4628
"72990",5655,1131,4524
"72991",5025,1005,4020
"72992",3820,764,3056
"72993",5065,1013,4052
"72994",5695,1139,4556
"72995",3735,747,2988
"72996",5565,1113,4452
"72997",4640,928,3712
"72998",4045,809,3236
"72999",4700,940,3760
"73000",5465,1093,4372
"73001",4615,923,3692
"73002",5010,1002,4008
"73003",4620,924,3696
"73004",4605,921,3684
"73005",6070,1214,4856
"73006",3790,758,3032
"73007",4135,827,3308
"73008",4375,875,3500
"73009",5045,1009,4036
"73010",3345,669,2676
"73011",6555,1311,5244
"73012",4305,861,3444
"73013",4325,865,3460
"73014",7980,1596,6384
"73015",7090,1418,5672
"73016",4230,846,3384
"73017",5430,1086,4344
"73018",4710,942,3768
"73019",4775,955,3820
"73020",6290,1258,5032
"73021",4610,922,3688
"73022",3375,675,2700
"73023",4555,911,3644
"73024",5565,1113,4452
"73025",3925,785,3140
"73026",4235,847,3388
"73027",5650,1130,4520
"73028",4425,885,3540
"73029",6195,1239,4956
"73030",4230,846,3384
"73031",5760,1152,4608
"73032",4550,910,3640
"73033",5050,1010,4040
"73034",5145,1029,4116
"73035",5370,1074,4296
"73036",4760,952,3808
"73037",5570,1114,4456
"73038",5690,1138,4552
"73039",4030,806,3224
"73040",6170,1234,4936
"73041",5120,1024,4096
"73042",4905,981,3924
"73043",5370,1074,4296
"73044",4975,995,3980
"73045",6490,1298,5192
"73046",4880,976,3904
"73047",4340,868,3472
"73048",4325,865,3460
"73049",5310,1062,4248
"73050",5910,1182,4728
"73051",3505,701,2804
"73052",4910,982,3928
"73053",5520,1104,4416
"73054",3610,722,2888
"73055",4395,879,3516
"73056",3810,762,3048
"73057",4165,833,3332
"73058",4225,845,3380
"73059",5330,1066,4264
"73060",4365,873,3492
"73061",6415,1283,5132
"73062",4965,993,3972
"73063",5575,1115,4460
"73064",3730,746,2984
"73065",5195,1039,4156
"73066",7190,1438,5752
"73067",4145,829,3316
"73068",5010,1002,4008
"73069",6865,1373,5492
"73070",6675,1335,5340
"73071",3425,685,2740
"73072",5020,1004,4016
"73073",4420,884,3536
"73074",3905,781,3124
"73075",4285,857,3428
"73076",2940,588,2352
"73077",4970,994,3976
"73078",7220,1444,5776
"73079",5815,1163,4652
"73080",4455,891,3564
"73081",5685,1137,4548
"73082",5490,1098,4392
"73083",4365,873,3492
"73084",4125,825,3300
"73085",5040,1008,4032
"73086",6710,1342,5368
"73087",4490,898,3592
"73088",5645,1129,4516
"73089",3810,762,3048
"73090",4150,830,3320
"73091",3715,743,2972
"73092",5610,1122,4488
"73093",4495,899,3596
"73094",5165,1033,4132
"73095",5040,1008,4032
"73096",3930,786,3144
"73097",4850,970,3880
"73098",4485,897,3588
"73099",4215,843,3372
"73100",5735,1147,4588
"73101",5445,1089,4356
"73102",6190,1238,4952
"73103",3535,707,2828
"73104",4945,989,3956
"73105",3825,765,3060
"73106",4915,983,3932
"73107",5150,1030,4120
"73108",4135,827,3308
"73109",3945,789,3156
"73110",3970,794,3176
"73111",5180,1036,4144
"73112",4615,923,3692
"73113",5095,1019,4076
"73114",4165,833,3332
"73115",4490,898,3592
"73116",4155,831,3324
"73117",6465,1293,5172
"73118",4440,888,3552
"73119",4655,931,3724
"73120",5835,1167,4668
"73121",5270,1054,4216
"73122",4335,867,3468
"73123",4015,803,3212
"73124",4480,896,3584
"73125",4700,940,3760
"73126",5265,1053,4212
"73127",3845,769,3076
"73128",3910,782,3128
"73129",5545,1109,4436
"73130",5480,1096,4384
"73131",4120,824,3296
"73132",4365,873,3492
"73133",5200,1040,4160
"73134",3500,700,2800
"73135",5665,1133,4532
"73136",5655,1131,4524
"73137",3860,772,3088
"73138",4725,945,3780
"73139",4105,821,3284
"73140",4545,909,3636
"73141",4340,868,3472
"73142",4710,942,3768
"73143",3830,766,3064
"73144",5395,1079,4316
"73145",5345,1069,4276
"73146",5065,1013,4052
"73147",4350,870,3480
"73148",3570,714,2856
"73149",4430,886,3544
"73150",4660,932,3728
"73151",3710,742,2968
"73152",5330,1066,4264
"73153",4050,810,3240
"73154",4335,867,3468
"73155",4790,958,3832
"73156",5270,1054,4216
"73157",5845,1169,4676
"73158",4305,861,3444
"73159",4535,907,3628
"73160",7980,1596,6384
"73161",4685,937,3748
"73162",3265,653,2612
"73163",4090,818,3272
"73164",4110,822,3288
"73165",5005,1001,4004
"73166",4275,855,3420
"73167",4990,998,3992
"73168",4140,828,3312
"73169",4355,871,3484
"73170",4445,889,3556
"73171",4095,819,3276
"73172",4235,847,3388
"73173",4065,813,3252
"73174",5075,1015,4060
"73175",4025,805,3220
"73176",4875,975,3900
"73177",4635,927,3708
"73178",5850,1170,4680
"73179",5120,1024,4096
"73180",3335,667,2668
"73181",4825,965,3860
"73182",4695,939,3756
"73183",3730,746,2984
"73184",4195,839,3356
"73185",4465,893,3572
"73186",3950,790,3160
"73187",4675,935,3740
"73188",4520,904,3616
"73189",4600,920,3680
"73190",4760,952,3808
"73191",4155,831,3324
"73192",5445,1089,4356
"73193",5785,1157,4628
"73194",3710,742,2968
"73195",4000,800,3200
"73196",3515,703,2812
"73197",4020,804,3216
"73198",5610,1122,4488
"73199",4225,845,3380
"73200",5060,1012,4048
"73201",4930,986,3944
"73202",4375,875,3500
"73203",5340,1068,4272
"73204",4290,858,3432
"73205",4960,992,3968
"73206",3680,736,2944
"73207",4475,895,3580
"73208",4020,804,3216
"73209",5135,1027,4108
"73210",4605,921,3684
"73211",4425,885,3540
"73212",4935,987,3948
"73213",4525,905,3620
"73214",4425,885,3540
"73215",6470,1294,5176
"73216",4540,908,3632
"73217",8315,1663,6652
"73218",3815,763,3052
"73219",4625,925,3700
"73220",4945,989,3956
"73221",3885,777,3108
"73222",4745,949,3796
"73223",3805,761,3044
"73224",4460,892,3568
"73225",5120,1024,4096
"73226",5800,1160,4640
"73227",4335,867,3468
"73228",3655,731,2924
"73229",4525,905,3620
"73230",4970,994,3976
"73231",4710,942,3768
"73232",5905,1181,4724
"73233",6120,1224,4896
"73234",5585,1117,4468
"73235",4805,961,3844
"73236",5145,1029,4116
"73237",4575,915,3660
"73238",5465,1093,4372
"73239",4545,909,3636
"73240",5320,1064,4256
"73241",5290,1058,4232
"73242",4555,911,3644
"73243",5825,1165,4660
"73244",5535,1107,4428
"73245",4340,868,3472
"73246",4730,946,3784
"73247",7495,1499,5996
"73248",5320,1064,4256
"73249",5005,1001,4004
"73250",5415,1083,4332
"73251",5905,1181,4724
"73252",4590,918,3672
"73253",4825,965,3860
"73254",4795,959,3836
"73255",4400,880,3520
"73256",4125,825,3300
"73257",6700,1340,5360
"73258",4510,902,3608
"73259",4955,991,3964
"73260",4935,987,3948
"73261",6915,1383,5532
"73262",4460,892,3568
"73263",5660,1132,4528
"73264",4590,918,3672
"73265",7980,1596,6384
"73266",4350,870,3480
"73267",4165,833,3332
"73268",6630,1326,5304
"73269",3590,718,2872
"73270",8420,1684,6736
"73271",5825,1165,4660
"73272",4955,991,3964
"73273",4960,992,3968
"73274",3945,789,3156
"73275",5130,1026,4104
"73276",4755,951,3804
"73277",4515,903,3612
"73278",4590,918,3672
"73279",3680,736,2944
"73280",5045,1009,4036
"73281",5250,1050,4200
"73282",4300,860,3440
"73283",5135,1027,4108
"73284",5005,1001,4004
"73285",4775,955,3820
"73286",4185,837,3348
"73287",4650,930,3720
"73288",5220,1044,4176
"73289",4955,991,3964
"73290",6165,1233,4932
"73291",4955,991,3964
"73292",3865,773,3092
"73293",4045,809,3236
"73294",4235,847,3388
"73295",4130,826,3304
"73296",4225,845,3380
"73297",6355,1271,5084
"73298",3930,786,3144
"73299",5395,1079,4316
"73300",7040,1408,5632
"73301",4610,922,3688
"73302",4240,848,3392
"73303",3950,790,3160
"73304",4590,918,3672
"73305",4525,905,3620
"73306",4720,944,3776
"73307",4575,915,3660
"73308",5100,1020,4080
"73309",4875,975,3900
"73310",4950,990,3960
"73311",5220,1044,4176
"73312",4560,912,3648
"73313",4765,953,3812
"73314",4710,942,3768
"73315",5855,1171,4684
"73316",4505,901,3604
"73317",4235,847,3388
"73318",4250,850,3400
"73319",4775,955,3820
"73320",6695,1339,5356
"73321",3980,796,3184
"73322",4450,890,3560
"73323",7535,1507,6028
"73324",5660,1132,4528
"73325",4405,881,3524
"73326",3725,745,2980
"73327",4495,899,3596
"73328",3975,795,3180
"73329",4820,964,3856
"73330",6155,1231,4924
"73331",4980,996,3984
"73332",5200,1040,4160
"73333",5215,1043,4172
"73334",4405,881,3524
"73335",3530,706,2824
"73336",3650,730,2920
"73337",5915,1183,4732
"73338",4475,895,3580
"73339",6085,1217,4868
"73340",4685,937,3748
"73341",4385,877,3508
"73342",4505,901,3604
"73343",4890,978,3912
"73344",5930,1186,4744
"73345",4580,916,3664
"73346",4575,915,3660
"73347",5295,1059,4236
"73348",4920,984,3936
"73349",4005,801,3204
"73350",3645,729,2916
"73351",3945,789,3156
"73352",6110,1222,4888
"73353",5600,1120,4480
"73354",4855,971,3884
"73355",6100,1220,4880
"73356",3745,749,2996
"73357",4140,828,3312
"73358",4790,958,3832
"73359",5360,1072,4288
"73360",3660,732,2928
"73361",5830,1166,4664
"73362",4175,835,3340
"73363",3955,791,3164
"73364",6825,1365,5460
"73365",4960,992,3968
"73366",6055,1211,4844
"73367",4095,819,3276
"73368",6095,1219,4876
"73369",3920,784,3136
"73370",4990,998,3992
"73371",4890,978,3912
"73372",5140,1028,4112
"73373",4525,905,3620
"73374",4360,872,3488
"73375",4065,813,3252
"73376",4740,948,3792
"73377",3525,705,2820
"73378",5235,1047,4188
"73379",4720,944,3776
"73380",3305,661,2644
"73381",3940,788,3152
"73382",4045,809,3236
"73383",4450,890,3560
"73384",3585,717,2868
"73385",6410,1282,5128
"73386",5010,1002,4008
"73387",4955,991,3964
"73388",4365,873,3492
"73389",7055,1411,5644
"73390",4265,853,3412
"73391",3815,763,3052
"73392",4785,957,3828
"73393",4315,863,3452
"73394",5695,1139,4556
"73395",6790,1358,5432
"73396",5610,1122,4488
"73397",4530,906,3624
"73398",4100,820,3280
"73399",4060,812,3248
"73400",5890,1178,4712
"73401",4615,923,3692
"73402",4110,822,3288
"73403",5045,1009,4036
"73404",5595,1119,4476
"73405",5235,1047,4188
"73406",4620,924,3696
"73407",3960,792,3168
"73408",4435,887,3548
"73409",4185,837,3348
"73410",5225,1045,4180
"73411",3835,767,3068
"73412",5140,1028,4112
"73413",5445,1089,4356
"73414",4140,828,3312
"73415",3695,739,2956
"73416",4150,830,3320
"73417",4630,926,3704
"73418",4085,817,3268
"73419",4475,895,3580
"73420",4240,848,3392
"73421",3945,789,3156
"73422",5615,1123,4492
"73423",4460,892,3568
"73424",5390,1078,4312
"73425",3950,790,3160
"73426",4620,924,3696
"73427",5170,1034,4136
"73428",5810,1162,4648
"73429",4305,861,3444
"73430",3935,787,3148
"73431",5380,1076,4304
"73432",5160,1032,4128
"73433",3615,723,2892
"73434",5210,1042,4168
"73435",4175,835,3340
"73436",3260,652,2608
"73437",6135,1227,4908
"73438",4515,903,3612
"73439",4500,900,3600
"73440",3855,771,3084
"73441",6140,1228,4912
"73442",4305,861,3444
"73443",4185,837,3348
"73444",3430,686,2744
"73445",3785,757,3028
"73446",5060,1012,4048
"73447",3960,792,3168
"73448",4545,909,3636
"73449",6485,1297,5188
"73450",4590,918,3672
"73451",7150,1430,5720
"73452",5880,1176,4704
"73453",4680,936,3744
"73454",6255,1251,5004
"73455",5575,1115,4460
"73456",3725,745,2980
"73457",5010,1002,4008
"73458",4330,866,3464
"73459",3875,775,3100
"73460",4185,837,3348
"73461",4555,911,3644
"73462",5020,1004,4016
"73463",5410,1082,4328
"73464",4880,976,3904
"73465",3595,719,2876
"73466",4475,895,3580
"73467",4640,928,3712
"73468",3870,774,3096
"73469",4060,812,3248
"73470",4865,973,3892
"73471",4510,902,3608
"73472",4205,841,3364
"73473",4850,970,3880
"73474",4225,845,3380
"73475",4585,917,3668
"73476",6010,1202,4808
"73477",4485,897,3588
"73478",3805,761,3044
"73479",5410,1082,4328
"73480",3835,767,3068
"73481",3990,798,3192
"73482",4190,838,3352
"73483",3710,742,2968
"73484",3845,769,3076
"73485",5055,1011,4044
"73486",4545,909,3636
"73487",5570,1114,4456
"73488",5535,1107,4428
"73489",4870,974,3896
"73490",3760,752,3008
"73491",4670,934,3736
"73492",4390,878,3512
"73493",4645,929,3716
"73494",3505,701,2804
"73495",3590,718,2872
"73496",3390,678,2712
"73497",5660,1132,4528
"73498",4375,875,3500
"73499",4590,918,3672
"73500",4950,990,3960
"73501",3750,750,3000
"73502",5625,1125,4500
"73503",4810,962,3848
"73504",4690,938,3752
"73505",4465,893,3572
"73506",4445,889,3556
"73507",5195,1039,4156
"73508",4520,904,3616
"73509",3770,754,3016
"73510",3970,794,3176
"73511",3715,743,2972
"73512",3705,741,2964
"73513",4785,957,3828
"73514",4570,914,3656
"73515",3765,753,3012
"73516",5135,1027,4108
"73517",4595,919,3676
"73518",3965,793,3172
"73519",4145,829,3316
"73520",4365,873,3492
"73521",5765,1153,4612
"73522",5040,1008,4032
"73523",4905,981,3924
"73524",6005,1201,4804
"73525",4270,854,3416
"73526",4985,997,3988
"73527",3080,616,2464
"73528",4180,836,3344
"73529",3395,679,2716
"73530",4475,895,3580
"73531",3255,651,2604
"73532",4950,990,3960
"73533",4280,856,3424
"73534",4650,930,3720
"73535",3690,738,2952
"73536",5245,1049,4196
"73537",8515,1703,6812
"73538",4055,811,3244
"73539",3980,796,3184
"73540",3680,736,2944
"73541",5655,1131,4524
"73542",5240,1048,4192
"73543",4250,850,3400
"73544",4575,915,3660
"73545",5185,1037,4148
"73546",4725,945,3780
"73547",7750,1550,6200
"73548",4800,960,3840
"73549",3625,725,2900
"73550",4855,971,3884
"73551",4400,880,3520
"73552",4605,921,3684
"73553",4535,907,3628
"73554",5430,1086,4344
"73555",4950,990,3960
"73556",4525,905,3620
"73557",5395,1079,4316
"73558",5190,1038,4152
"73559",5730,1146,4584
"73560",4955,991,3964
"73561",3975,795,3180
"73562",4580,916,3664
"73563",4475,895,3580
"73564",3870,774,3096
"73565",4025,805,3220
"73566",4660,932,3728
"73567",5705,1141,4564
"73568",4490,898,3592
"73569",4915,983,3932
"73570",4275,855,3420
"73571",3795,759,3036
"73572",4495,899,3596
"73573",5165,1033,4132
"73574",5195,1039,4156
"73575",5895,1179,4716
"73576",4950,990,3960
"73577",4605,921,3684
"73578",4495,899,3596
"73579",4035,807,3228
"73580",4750,950,3800
"73581",4145,829,3316
"73582",4430,886,3544
"73583",4295,859,3436
"73584",4665,933,3732
"73585",3705,741,2964
"73586",6385,1277,5108
"73587",4315,863,3452
"73588",6180,1236,4944
"73589",6780,1356,5424
"73590",4195,839,3356
"73591",5020,1004,4016
"73592",5710,1142,4568
"73593",4315,863,3452
"73594",3695,739,2956
"73595",3655,731,2924
"73596",3875,775,3100
"73597",4750,950,3800
"73598",4200,840,3360
"73599",4390,878,3512
"73600",3625,725,2900
"73601",6385,1277,5108
"73602",4230,846,3384
"73603",5115,1023,4092
"73604",3925,785,3140
"73605",4990,998,3992
"73606",5510,1102,4408
"73607",4840,968,3872
"73608",5945,1189,4756
"73609",5070,1014,4056
"73610",5265,1053,4212
"73611",4860,972,3888
"73612",4570,914,3656
"73613",4745,949,3796
"73614",3975,795,3180
"73615",4285,857,3428
"73616",3985,797,3188
"73617",5260,1052,4208
"73618",6570,1314,5256
"73619",4375,875,3500
"73620",4880,976,3904
"73621",5615,1123,4492
"73622",4190,838,3352
"73623",5270,1054,4216
"73624",4515,903,3612
"73625",4445,889,3556
"73626",4500,900,3600
"73627",4570,914,3656
"73628",4980,996,3984
"73629",6010,1202,4808
"73630",3375,675,2700
"73631",4460,892,3568
"73632",4525,905,3620
"73633",5885,1177,4708
"73634",4105,821,3284
"73635",5715,1143,4572
"73636",6475,1295,5180
"73637",3970,794,3176
"73638",4035,807,3228
"73639",4595,919,3676
"73640",5130,1026,4104
"73641",4655,931,3724
"73642",3945,789,3156
"73643",8400,1680,6720
"73644",4370,874,3496
"73645",5715,1143,4572
"73646",6565,1313,5252
"73647",4255,851,3404
"73648",4320,864,3456
"73649",4070,814,3256
"73650",4485,897,3588
"73651",4130,826,3304
"73652",4700,940,3760
"73653",5225,1045,4180
"73654",4655,931,3724
"73655",3445,689,2756
"73656",5425,1085,4340
"73657",4135,827,3308
"73658",4010,802,3208
"73659",3925,785,3140
"73660",4340,868,3472
"73661",5280,1056,4224
"73662",6860,1372,5488
"73663",3745,749,2996
"73664",4880,976,3904
"73665",3995,799,3196
"73666",3415,683,2732
"73667",9680,1936,7744
"73668",5440,1088,4352
"73669",4610,922,3688
"73670",3845,769,3076
"73671",4635,927,3708
"73672",4225,845,3380
"73673",5070,1014,4056
"73674",5610,1122,4488
"73675",3415,683,2732
"73676",4770,954,3816
"73677",3875,775,3100
"73678",4420,884,3536
"73679",4975,995,3980
"73680",5320,1064,4256
"73681",5740,1148,4592
"73682",4145,829,3316
"73683",3750,750,3000
"73684",4485,897,3588
"73685",5200,1040,4160
"73686",4055,811,3244
"73687",4515,903,3612
"73688",4475,895,3580
"73689",3955,791,3164
"73690",5765,1153,4612
"73691",5360,1072,4288
"73692",4225,845,3380
"73693",4105,821,3284
"73694",4530,906,3624
"73695",6545,1309,5236
"73696",4455,891,3564
"73697",5380,1076,4304
"73698",6530,1306,5224
"73699",4785,957,3828
"73700",5950,1190,4760
"73701",3820,764,3056
"73702",4210,842,3368
"73703",4875,975,3900
"73704",4695,939,3756
"73705",4585,917,3668
"73706",4455,891,3564
"73707",4565,913,3652
"73708",4210,842,3368
"73709",3680,736,2944
"73710",5850,1170,4680
"73711",5265,1053,4212
"73712",4615,923,3692
"73713",4180,836,3344
"73714",4690,938,3752
"73715",4880,976,3904
"73716",5365,1073,4292
"73717",5005,1001,4004
"73718",7365,1473,5892
"73719",4495,899,3596
"73720",3335,667,2668
"73721",4980,996,3984
"73722",3710,742,2968
"73723",3825,765,3060
"73724",3885,777,3108
"73725",3965,793,3172
"73726",5390,1078,4312
"73727",4555,911,3644
"73728",4595,919,3676
"73729",4670,934,3736
"73730",4120,824,3296
"73731",4050,810,3240
"73732",4225,845,3380
"73733",6010,1202,4808
"73734",4090,818,3272
"73735",7915,1583,6332
"73736",5420,1084,4336
"73737",5345,1069,4276
"73738",3425,685,2740
"73739",4590,918,3672
"73740",4860,972,3888
"73741",3475,695,2780
"73742",3975,795,3180
"73743",4035,807,3228
"73744",4480,896,3584
"73745",5485,1097,4388
"73746",4855,971,3884
"73747",8325,1665,6660
"73748",4245,849,3396
"73749",4770,954,3816
"73750",6085,1217,4868
"73751",4705,941,3764
"73752",5735,1147,4588
"73753",5255,1051,4204
"73754",4045,809,3236
"73755",5470,1094,4376
"73756",3500,700,2800
"73757",4565,913,3652
"73758",4175,835,3340
"73759",4495,899,3596
"73760",4920,984,3936
"73761",4900,980,3920
"73762",3855,771,3084
"73763",4855,971,3884
"73764",4530,906,3624
"73765",3975,795,3180
"73766",3685,737,2948
"73767",4790,958,3832
"73768",4355,871,3484
"73769",4725,945,3780
"73770",4320,864,3456
"73771",5670,1134,4536
"73772",4775,955,3820
"73773",3845,769,3076
"73774",6885,1377,5508
"73775",5260,1052,4208
"73776",6050,1210,4840
"73777",4650,930,3720
"73778",4245,849,3396
"73779",6405,1281,5124
"73780",4700,940,3760
"73781",3855,771,3084
"73782",5100,1020,4080
"73783",4570,914,3656
"73784",6775,1355,5420
"73785",4820,964,3856
"73786",5315,1063,4252
"73787",4145,829,3316
"73788",3810,762,3048
"73789",3875,775,3100
"73790",4035,807,3228
"73791",4075,815,3260
"73792",6025,1205,4820
"73793",4695,939,3756
"73794",4315,863,3452
"73795",5020,1004,4016
"73796",5300,1060,4240
"73797",6445,1289,5156
"73798",5725,1145,4580
"73799",3660,732,2928
"73800",4395,879,3516
"73801",4225,845,3380
"73802",4225,845,3380
"73803",5295,1059,4236
"73804",3795,759,3036
"73805",5210,1042,4168
"73806",4815,963,3852
"73807",3655,731,2924
"73808",4565,913,3652
"73809",7255,1451,5804
"73810",4200,840,3360
"73811",4420,884,3536
"73812",4395,879,3516
"73813",4820,964,3856
"73814",4235,847,3388
"73815",6735,1347,5388
"73816",4035,807,3228
"73817",4880,976,3904
"73818",3195,639,2556
"73819",5005,1001,4004
"73820",5165,1033,4132
"73821",4575,915,3660
"73822",4530,906,3624
"73823",5590,1118,4472
"73824",4155,831,3324
"73825",4170,834,3336
"73826",3585,717,2868
"73827",3800,760,3040
"73828",3605,721,2884
"73829",4035,807,3228
"73830",4545,909,3636
"73831",5760,1152,4608
"73832",4560,912,3648
"73833",4280,856,3424
"73834",4510,902,3608
"73835",3940,788,3152
"73836",5715,1143,4572
"73837",4100,820,3280
"73838",5485,1097,4388
"73839",4115,823,3292
"73840",4180,836,3344
"73841",4005,801,3204
"73842",5055,1011,4044
"73843",3385,677,2708
"73844",5360,1072,4288
"73845",3555,711,2844
"73846",4595,919,3676
"73847",5840,1168,4672
"73848",4195,839,3356
"73849",4985,997,3988
"73850",4235,847,3388
"73851",4500,900,3600
"73852",5060,1012,4048
"73853",6070,1214,4856
"73854",4470,894,3576
"73855",5890,1178,4712
"73856",4130,826,3304
"73857",4360,872,3488
"73858",3470,694,2776
"73859",4180,836,3344
"73860",4195,839,3356
"73861",4665,933,3732
"73862",4480,896,3584
"73863",3730,746,2984
"73864",7950,1590,6360
"73865",5485,1097,4388
"73866",4910,982,3928
"73867",4105,821,3284
"73868",4035,807,3228
"73869",3470,694,2776
"73870",4660,932,3728
"73871",5255,1051,4204
"73872",3815,763,3052
"73873",3600,720,2880
"73874",5495,1099,4396
"73875",3715,743,2972
"73876",5060,1012,4048
"73877",3560,712,2848
"73878",6075,1215,4860
"73879",4780,956,3824
"73880",4945,989,3956
"73881",6975,1395,5580
"73882",3780,756,3024
"73883",6155,1231,4924
"73884",5480,1096,4384
"73885",6550,1310,5240
"73886",4745,949,3796
"73887",5120,1024,4096
"73888",4720,944,3776
"73889",4725,945,3780
"73890",5040,1008,4032
"73891",5025,1005,4020
"73892",4630,926,3704
"73893",4790,958,3832
"73894",4035,807,3228
"73895",3570,714,2856
"73896",4340,868,3472
"73897",4965,993,3972
"73898",4290,858,3432
"73899",4575,915,3660
"73900",5555,1111,4444
"73901",7200,1440,5760
"73902",3805,761,3044
"73903",3505,701,2804
"73904",5390,1078,4312
"73905",4110,822,3288
"73906",3525,705,2820
"73907",3730,746,2984
"73908",4125,825,3300
"73909",4575,915,3660
"73910",3855,771,3084
"73911",3955,791,3164
"73912",3475,695,2780
"73913",4310,862,3448
"73914",4995,999,3996
"73915",4730,946,3784
"73916",4295,859,3436
"73917",5125,1025,4100
"73918",4760,952,3808
"73919",6895,1379,5516
"73920",3600,720,2880
"73921",4575,915,3660
"73922",4190,838,3352
"73923",4220,844,3376
"73924",4575,915,3660
"73925",4475,895,3580
"73926",5215,1043,4172
"73927",4615,923,3692
"73928",4195,839,3356
"73929",3555,711,2844
"73930",4240,848,3392
"73931",4515,903,3612
"73932",5130,1026,4104
"73933",5420,1084,4336
"73934",4635,927,3708
"73935",5000,1000,4000
"73936",4380,876,3504
"73937",5470,1094,4376
"73938",5065,1013,4052
"73939",4725,945,3780
"73940",5555,1111,4444
"73941",4400,880,3520
"73942",4450,890,3560
"73943",4280,856,3424
"73944",4650,930,3720
"73945",5170,1034,4136
"73946",3925,785,3140
"73947",6285,1257,5028
"73948",4940,988,3952
"73949",3630,726,2904
"73950",4770,954,3816
"73951",5735,1147,4588
"73952",4050,810,3240
"73953",4255,851,3404
"73954",3840,768,3072
"73955",5600,1120,4480
"73956",6225,1245,4980
"73957",5895,1179,4716
"73958",3950,790,3160
"73959",5470,1094,4376
"73960",4980,996,3984
"73961",4435,887,3548
"73962",4370,874,3496
"73963",4030,806,3224
"73964",4415,883,3532
"73965",5055,1011,4044
"73966",4310,862,3448
"73967",4480,896,3584
"73968",6790,1358,5432
"73969",4215,843,3372
"73970",4895,979,3916
"73971",3920,784,3136
"73972",4340,868,3472
"73973",5330,1066,4264
"73974",4990,998,3992
"73975",5340,1068,4272
"73976",5605,1121,4484
"73977",4295,859,3436
"73978",4505,901,3604
"73979",3725,745,2980
"73980",4995,999,3996
"73981",4130,826,3304
"73982",4640,928,3712
"73983",5535,1107,4428
"73984",4895,979,3916
"73985",4660,932,3728
"73986",4000,800,3200
"73987",4610,922,3688
"73988",4690,938,3752
"73989",4000,800,3200
"73990",4365,873,3492
"73991",4220,844,3376
"73992",4800,960,3840
"73993",3920,784,3136
"73994",4980,996,3984
"73995",3555,711,2844
"73996",4195,839,3356
"73997",5175,1035,4140
"73998",5955,1191,4764
"73999",4715,943,3772
"74000",7435,1487,5948
"74001",5285,1057,4228
"74002",4225,845,3380
"74003",5130,1026,4104
"74004",4205,841,3364
"74005",4595,919,3676
"74006",4230,846,3384
"74007",4710,942,3768
"74008",5925,1185,4740
"74009",4800,960,3840
"74010",4740,948,3792
"74011",3725,745,2980
"74012",4375,875,3500
"74013",4295,859,3436
"74014",5070,1014,4056
"74015",3800,760,3040
"74016",5325,1065,4260
"74017",4035,807,3228
"74018",4035,807,3228
"74019",3705,741,2964
"74020",4455,891,3564
"74021",5500,1100,4400
"74022",3670,734,2936
"74023",3430,686,2744
"74024",6325,1265,5060
"74025",4105,821,3284
"74026",4665,933,3732
"74027",4940,988,3952
"74028",4485,897,3588
"74029",4020,804,3216
"74030",3500,700,2800
"74031",4095,819,3276
"74032",4535,907,3628
"74033",5530,1106,4424
"74034",4125,825,3300
"74035",3610,722,2888
"74036",5310,1062,4248
"74037",5465,1093,4372
"74038",4075,815,3260
"74039",4040,808,3232
"74040",3655,731,2924
"74041",5100,1020,4080
"74042",4335,867,3468
"74043",5225,1045,4180
"74044",4800,960,3840
"74045",6180,1236,4944
"74046",4710,942,3768
"74047",4100,820,3280
"74048",4525,905,3620
"74049",4830,966,3864
"74050",4000,800,3200
"74051",5760,1152,4608
"74052",4450,890,3560
"74053",4865,973,3892
"74054",4710,942,3768
"74055",4455,891,3564
"74056",4435,887,3548
"74057",3995,799,3196
"74058",4340,868,3472
"74059",5925,1185,4740
"74060",4125,825,3300
"74061",4325,865,3460
"74062",3705,741,2964
"74063",3195,639,2556
"74064",4690,938,3752
"74065",4780,956,3824
"74066",4420,884,3536
"74067",5060,1012,4048
"74068",4060,812,3248
"74069",5260,1052,4208
"74070",3865,773,3092
"74071",4350,870,3480
"74072",6915,1383,5532
"74073",4795,959,3836
"74074",5015,1003,4012
"74075",4915,983,3932
"74076",4130,826,3304
"74077",4420,884,3536
"74078",5150,1030,4120
"74079",7670,1534,6136
"74080",5860,1172,4688
"74081",3640,728,2912
"74082",3850,770,3080
"74083",4115,823,3292
"74084",3290,658,2632
"74085",5050,1010,4040
"74086",7450,1490,5960
"74087",4630,926,3704
"74088",4725,945,3780
"74089",5000,1000,4000
"74090",3455,691,2764
"74091",3855,771,3084
"74092",3865,773,3092
"74093",4515,903,3612
"74094",4335,867,3468
"74095",5280,1056,4224
"74096",4445,889,3556
"74097",4470,894,3576
"74098",3975,795,3180
"74099",4780,956,3824
"74100",3485,697,2788
"74101",5135,1027,4108
"74102",4100,820,3280
"74103",4455,891,3564
"74104",3455,691,2764
"74105",5690,1138,4552
"74106",5015,1003,4012
"74107",5005,1001,4004
"74108",4130,826,3304
"74109",4155,831,3324
"74110",5645,1129,4516
"74111",5555,1111,4444
"74112",4290,858,3432
"74113",4220,844,3376
"74114",4695,939,3756
"74115",5345,1069,4276
"74116",4235,847,3388
"74117",4915,983,3932
"74118",5370,1074,4296
"74119",4100,820,3280
"74120",4110,822,3288
"74121",4485,897,3588
"74122",3670,734,2936
"74123",4910,982,3928
"74124",6100,1220,4880
"74125",4000,800,3200
"74126",4520,904,3616
"74127",4335,867,3468
"74128",3590,718,2872
"74129",4005,801,3204
"74130",4660,932,3728
"74131",4140,828,3312
"74132",4375,875,3500
"74133",4500,900,3600
"74134",4915,983,3932
"74135",3950,790,3160
"74136",4175,835,3340
"74137",4555,911,3644
"74138",4425,885,3540
"74139",3480,696,2784
"74140",4965,993,3972
"74141",4385,877,3508
"74142",4055,811,3244
"74143",4630,926,3704
"74144",2975,595,2380
"74145",4570,914,3656
"74146",4245,849,3396
"74147",5225,1045,4180
"74148",5475,1095,4380
"74149",5115,1023,4092
"74150",5965,1193,4772
"74151",3945,789,3156
"74152",4950,990,3960
"74153",3965,793,3172
"74154",4580,916,3664
"74155",4205,841,3364
"74156",5635,1127,4508
"74157",3880,776,3104
"74158",4435,887,3548
"74159",4500,900,3600
"74160",4890,978,3912
"74161",5500,1100,4400
"74162",4890,978,3912
"74163",5640,1128,4512
"74164",6200,1240,4960
"74165",6365,1273,5092
"74166",4150,830,3320
"74167",5210,1042,4168
"74168",5600,1120,4480
"74169",3495,699,2796
"74170",4180,836,3344
"74171",5005,1001,4004
"74172",5200,1040,4160
"74173",3940,788,3152
"74174",4375,875,3500
"74175",5265,1053,4212
"74176",3700,740,2960
"74177",4985,997,3988
"74178",3950,790,3160
"74179",4090,818,3272
"74180",4920,984,3936
"74181",4005,801,3204
"74182",3895,779,3116
"74183",4160,832,3328
"74184",4060,812,3248
"74185",5505,1101,4404
"74186",4590,918,3672
"74187",4330,866,3464
"74188",4240,848,3392
"74189",5870,1174,4696
"74190",4625,925,3700
"74191",3555,711,2844
"74192",4960,992,3968
"74193",4900,980,3920
"74194",4440,888,3552
"74195",4070,814,3256
"74196",4570,914,3656
"74197",4050,810,3240
"74198",4750,950,3800
"74199",5335,1067,4268
"74200",4595,919,3676
"74201",4580,916,3664
"74202",4585,917,3668
"74203",4735,947,3788
"74204",4580,916,3664
"74205",3930,786,3144
"74206",4645,929,3716
"74207",3780,756,3024
"74208",3265,653,2612
"74209",4965,993,3972
"74210",4245,849,3396
"74211",3990,798,3192
"74212",4775,955,3820
"74213",4550,910,3640
"74214",6310,1262,5048
"74215",4395,879,3516
"74216",4030,806,3224
"74217",4040,808,3232
"74218",5585,1117,4468
"74219",4510,902,3608
"74220",4305,861,3444
"74221",5015,1003,4012
"74222",6960,1392,5568
"74223",4505,901,3604
"74224",3945,789,3156
"74225",5540,1108,4432
"74226",4595,919,3676
"74227",4625,925,3700
"74228",6265,1253,5012
"74229",5060,1012,4048
"74230",3945,789,3156
"74231",4800,960,3840
"74232",6265,1253,5012
"74233",5855,1171,4684
"74234",4280,856,3424
"74235",5070,1014,4056
"74236",4505,901,3604
"74237",3565,713,2852
"74238",5280,1056,4224
"74239",6080,1216,4864
"74240",3850,770,3080
"74241",4500,900,3600
"74242",5040,1008,4032
"74243",4070,814,3256
"74244",4810,962,3848
"74245",5025,1005,4020
"74246",4845,969,3876
"74247",5240,1048,4192
"74248",4290,858,3432
"74249",4595,919,3676
"74250",4865,973,3892
"74251",4620,924,3696
"74252",4050,810,3240
"74253",5975,1195,4780
"74254",6195,1239,4956
"74255",4095,819,3276
"74256",5175,1035,4140
"74257",4275,855,3420
"74258",3800,760,3040
"74259",4795,959,3836
"74260",5540,1108,4432
"74261",5560,1112,4448
"74262",3540,708,2832
"74263",4130,826,3304
"74264",4435,887,3548
"74265",3985,797,3188
"74266",3710,742,2968
"74267",3985,797,3188
"74268",5340,1068,4272
"74269",3960,792,3168
"74270",5475,1095,4380
"74271",6520,1304,5216
"74272",6515,1303,5212
"74273",4145,829,3316
"74274",3730,746,2984
"74275",5755,1151,4604
"74276",4480,896,3584
"74277",3750,750,3000
"74278",4905,981,3924
"74279",4575,915,3660
"74280",4175,835,3340
"74281",5775,1155,4620
"74282",5090,1018,4072
"74283",4670,934,3736
"74284",3495,699,2796
"74285",4425,885,3540
"74286",4695,939,3756
"74287",4725,945,3780
"74288",4125,825,3300
"74289",3915,783,3132
"74290",5375,1075,4300
"74291",5340,1068,4272
"74292",4275,855,3420
"74293",6025,1205,4820
"74294",4285,857,3428
"74295",4115,823,3292
"74296",7810,1562,6248
"74297",4525,905,3620
"74298",4845,969,3876
"74299",4130,826,3304
"74300",4770,954,3816
"74301",4165,833,3332
"74302",6395,1279,5116
"74303",3725,745,2980
"74304",3850,770,3080
"74305",3840,768,3072
"74306",4140,828,3312
"74307",4280,856,3424
"74308",4100,820,3280
"74309",4380,876,3504
"74310",5800,1160,4640
"74311",4265,853,3412
"74312",4755,951,3804
"74313",3895,779,3116
"74314",3785,757,3028
"74315",3430,686,2744
"74316",5170,1034,4136
"74317",3765,753,3012
"74318",3565,713,2852
"74319",4095,819,3276
"74320",3725,745,2980
"74321",4480,896,3584
"74322",4625,925,3700
"74323",6925,1385,5540
"74324",4070,814,3256
"74325",4980,996,3984
"74326",3920,784,3136
"74327",4545,909,3636
"74328",3750,750,3000
"74329",4355,871,3484
"74330",4990,998,3992
"74331",4910,982,3928
"74332",4695,939,3756
"74333",4975,995,3980
"74334",4130,826,3304
"74335",4935,987,3948
"74336",6500,1300,5200
"74337",4495,899,3596
"74338",4010,802,3208
"74339",3960,792,3168
"74340",4935,987,3948
"74341",4520,904,3616
"74342",4620,924,3696
"74343",4745,949,3796
"74344",4945,989,3956
"74345",4200,840,3360
"74346",5320,1064,4256
"74347",3680,736,2944
"74348",4015,803,3212
"74349",4495,899,3596
"74350",4550,910,3640
"74351",3890,778,3112
"74352",5510,1102,4408
"74353",4920,984,3936
"74354",3975,795,3180
"74355",4155,831,3324
"74356",6030,1206,4824
"74357",3970,794,3176
"74358",5535,1107,4428
"74359",5130,1026,4104
"74360",4475,895,3580
"74361",5180,1036,4144
"74362",4470,894,3576
"74363",4940,988,3952
"74364",4295,859,3436
"74365",5100,1020,4080
"74366",4570,914,3656
"74367",3865,773,3092
"74368",5085,1017,4068
"74369",4395,879,3516
"74370",3820,764,3056
"74371",5725,1145,4580
"74372",3610,722,2888
"74373",4640,928,3712
"74374",4185,837,3348
"74375",3440,688,2752
"74376",3850,770,3080
"74377",3800,760,3040
"74378",4155,831,3324
"74379",3675,735,2940
"74380",5255,1051,4204
"74381",4340,868,3472
"74382",4170,834,3336
"74383",4045,809,3236
"74384",5590,1118,4472
"74385",4450,890,3560
"74386",6390,1278,5112
"74387",4790,958,3832
"74388",5135,1027,4108
"74389",4760,952,3808
"74390",3940,788,3152
"74391",6560,1312,5248
"74392",4235,847,3388
"74393",4385,877,3508
"74394",4835,967,3868
"74395",4535,907,3628
"74396",4230,846,3384
"74397",4900,980,3920
"74398",5360,1072,4288
"74399",4245,849,3396
"74400",4570,914,3656
"74401",4295,859,3436
"74402",3400,680,2720
"74403",4160,832,3328
"74404",4060,812,3248
"74405",5185,1037,4148
"74406",3915,783,3132
"74407",4370,874,3496
"74408",7320,1464,5856
"74409",5380,1076,4304
"74410",4915,983,3932
"74411",4030,806,3224
"74412",4125,825,3300
"74413",6115,1223,4892
"74414",6405,1281,5124
"74415",4670,934,3736
"74416",3930,786,3144
"74417",4150,830,3320
"74418",3900,780,3120
"74419",4245,849,3396
"74420",5425,1085,4340
"74421",4425,885,3540
"74422",4710,942,3768
"74423",4205,841,3364
"74424",4030,806,3224
"74425",4820,964,3856
"74426",4685,937,3748
"74427",5030,1006,4024
"74428",5555,1111,4444
"74429",4735,947,3788
"74430",4295,859,3436
"74431",5480,1096,4384
"74432",5185,1037,4148
"74433",5975,1195,4780
"74434",6095,1219,4876
"74435",5710,1142,4568
"74436",4405,881,3524
"74437",3955,791,3164
"74438",5400,1080,4320
"74439",4475,895,3580
"74440",4010,802,3208
"74441",3860,772,3088
"74442",3305,661,2644
"74443",4015,803,3212
"74444",5145,1029,4116
"74445",4120,824,3296
"74446",4355,871,3484
"74447",6105,1221,4884
"74448",5625,1125,4500
"74449",3930,786,3144
"74450",3920,784,3136
"74451",3750,750,3000
"74452",5035,1007,4028
"74453",5115,1023,4092
"74454",4365,873,3492
"74455",3715,743,2972
"74456",4365,873,3492
"74457",4820,964,3856
"74458",5425,1085,4340
"74459",3830,766,3064
"74460",4505,901,3604
"74461",3600,720,2880
"74462",5165,1033,4132
"74463",4635,927,3708
"74464",4335,867,3468
"74465",5690,1138,4552
"74466",3695,739,2956
"74467",4285,857,3428
"74468",6740,1348,5392
"74469",5040,1008,4032
"74470",4625,925,3700
"74471",4820,964,3856
"74472",4860,972,3888
"74473",5385,1077,4308
"74474",3895,779,3116
"74475",3560,712,2848
"74476",4755,951,3804
"74477",3470,694,2776
"74478",4740,948,3792
"74479",3880,776,3104
"74480",4525,905,3620
"74481",3690,738,2952
"74482",5015,1003,4012
"74483",5110,1022,4088
"74484",3955,791,3164
"74485",5380,1076,4304
"74486",4475,895,3580
"74487",5545,1109,4436
"74488",4825,965,3860
"74489",3510,702,2808
"74490",3475,695,2780
"74491",4555,911,3644
"74492",4400,880,3520
"74493",5465,1093,4372
"74494",5035,1007,4028
"74495",4830,966,3864
"74496",4425,885,3540
"74497",4980,996,3984
"74498",3880,776,3104
"74499",6720,1344,5376
"74500",5660,1132,4528
"74501",5185,1037,4148
"74502",7520,1504,6016
"74503",4590,918,3672
"74504",3990,798,3192
"74505",4795,959,3836
"74506",4705,941,3764
"74507",5310,1062,4248
"74508",4885,977,3908
"74509",5660,1132,4528
"74510",4440,888,3552
"74511",3205,641,2564
"74512",3830,766,3064
"74513",4060,812,3248
"74514",6100,1220,4880
"74515",5730,1146,4584
"74516",8280,1656,6624
"74517",4070,814,3256
"74518",3510,702,2808
"74519",4735,947,3788
"74520",4350,870,3480
"74521",6600,1320,5280
"74522",4270,854,3416
"74523",4970,994,3976
"74524",5740,1148,4592
"74525",5455,1091,4364
"74526",6400,1280,5120
"74527",3565,713,2852
"74528",6120,1224,4896
"74529",3990,798,3192
"74530",3965,793,3172
"74531",4795,959,3836
"74532",5350,1070,4280
"74533",4405,881,3524
"74534",4325,865,3460
"74535",4775,955,3820
"74536",4065,813,3252
"74537",5995,1199,4796
"74538",4030,806,3224
"74539",5605,1121,4484
"74540",5385,1077,4308
"74541",3855,771,3084
"74542",4505,901,3604
"74543",6650,1330,5320
"74544",4405,881,3524
"74545",4395,879,3516
"74546",3710,742,2968
"74547",4200,840,3360
"74548",5515,1103,4412
"74549",5160,1032,4128
"74550",4405,881,3524
"74551",3750,750,3000
"74552",4305,861,3444
"74553",5375,1075,4300
"74554",3555,711,2844
"74555",4470,894,3576
"74556",6930,1386,5544
"74557",5000,1000,4000
"74558",4110,822,3288
"74559",5185,1037,4148
"74560",4410,882,3528
"74561",4115,823,3292
"74562",5155,1031,4124
"74563",4895,979,3916
"74564",4885,977,3908
"74565",4655,931,3724
"74566",4645,929,3716
"74567",4470,894,3576
"74568",3450,690,2760
"74569",4025,805,3220
"74570",5450,1090,4360
"74571",5320,1064,4256
"74572",4940,988,3952
"74573",4135,827,3308
"74574",3785,757,3028
"74575",5895,1179,4716
"74576",3460,692,2768
"74577",5155,1031,4124
"74578",5135,1027,4108
"74579",4620,924,3696
"74580",4910,982,3928
"74581",4325,865,3460
"74582",3860,772,3088
"74583",4900,980,3920
"74584",3050,610,2440
"74585",4375,875,3500
"74586",3800,760,3040
"74587",4900,980,3920
"74588",4870,974,3896
"74589",5170,1034,4136
"74590",4885,977,3908
"74591",4545,909,3636
"74592",5895,1179,4716
"74593",4060,812,3248
"74594",4165,833,3332
"74595",5495,1099,4396
"74596",3770,754,3016
"74597",5155,1031,4124
"74598",6225,1245,4980
"74599",5305,1061,4244
"74600",4985,997,3988
"74601",3885,777,3108
"74602",5370,1074,4296
"74603",4040,808,3232
"74604",5085,1017,4068
"74605",4680,936,3744
"74606",6215,1243,4972
"74607",4650,930,3720
"74608",4185,837,3348
"74609",3875,775,3100
"74610",4330,866,3464
"74611",4295,859,3436
"74612",4610,922,3688
"74613",4015,803,3212
"74614",4585,917,3668
"74615",3715,743,2972
"74616",5860,1172,4688
"74617",4305,861,3444
"74618",3595,719,2876
"74619",3490,698,2792
"74620",3715,743,2972
"74621",5370,1074,4296
"74622",4910,982,3928
"74623",4245,849,3396
"74624",6650,1330,5320
"74625",4355,871,3484
"74626",5295,1059,4236
"74627",5285,1057,4228
"74628",4325,865,3460
"74629",4685,937,3748
"74630",4185,837,3348
"74631",5185,1037,4148
"74632",4355,871,3484
"74633",6410,1282,5128
"74634",4035,807,3228
"74635",3415,683,2732
"74636",4070,814,3256
"74637",4905,981,3924
"74638",3975,795,3180
"74639",4375,875,3500
"74640",5035,1007,4028
"74641",4755,951,3804
"74642",4680,936,3744
"74643",4250,850,3400
"74644",4425,885,3540
"74645",5150,1030,4120
"74646",4445,889,3556
"74647",4950,990,3960
"74648",4515,903,3612
"74649",3615,723,2892
"74650",4100,820,3280
"74651",4720,944,3776
"74652",6700,1340,5360
"74653",4440,888,3552
"74654",4585,917,3668
"74655",5100,1020,4080
"74656",5085,1017,4068
"74657",4480,896,3584
"74658",4940,988,3952
"74659",5015,1003,4012
"74660",4230,846,3384
"74661",4800,960,3840
"74662",4440,888,3552
"74663",4520,904,3616
"74664",4715,943,3772
"74665",4695,939,3756
"74666",5440,1088,4352
"74667",4605,921,3684
"74668",4580,916,3664
"74669",4315,863,3452
"74670",4105,821,3284
"74671",5820,1164,4656
"74672",4420,884,3536
"74673",5750,1150,4600
"74674",4330,866,3464
"74675",5505,1101,4404
"74676",4415,883,3532
"74677",4805,961,3844
"74678",4570,914,3656
"74679",4685,937,3748
"74680",5050,1010,4040
"74681",4265,853,3412
"74682",5240,1048,4192
"74683",5435,1087,4348
"74684",4530,906,3624
"74685",5230,1046,4184
"74686",5605,1121,4484
"74687",5180,1036,4144
"74688",5145,1029,4116
"74689",4250,850,3400
"74690",4060,812,3248
"74691",3985,797,3188
"74692",5035,1007,4028
"74693",6700,1340,5360
"74694",4610,922,3688
"74695",6060,1212,4848
"74696",4175,835,3340
"74697",5880,1176,4704
"74698",4085,817,3268
"74699",5955,1191,4764
"74700",4290,858,3432
"74701",3940,788,3152
"74702",5635,1127,4508
"74703",5475,1095,4380
"74704",5210,1042,4168
"74705",4970,994,3976
"74706",6095,1219,4876
"74707",6745,1349,5396
"74708",4890,978,3912
"74709",4960,992,3968
"74710",4105,821,3284
"74711",4460,892,3568
"74712",8035,1607,6428
"74713",4915,983,3932
"74714",5035,1007,4028
"74715",4235,847,3388
"74716",4220,844,3376
"74717",5080,1016,4064
"74718",4585,917,3668
"74719",3825,765,3060
"74720",5090,1018,4072
"74721",4935,987,3948
"74722",4970,994,3976
"74723",4405,881,3524
"74724",4440,888,3552
"74725",4100,820,3280
"74726",5445,1089,4356
"74727",5820,1164,4656
"74728",3645,729,2916
"74729",5310,1062,4248
"74730",3940,788,3152
"74731",3695,739,2956
"74732",3970,794,3176
"74733",4145,829,3316
"74734",4425,885,3540
"74735",3850,770,3080
"74736",4500,900,3600
"74737",3985,797,3188
"74738",4725,945,3780
"74739",5130,1026,4104
"74740",3360,672,2688
"74741",6065,1213,4852
"74742",6375,1275,5100
"74743",4300,860,3440
"74744",4225,845,3380
"74745",4255,851,3404
"74746",4645,929,3716
"74747",4190,838,3352
"74748",5915,1183,4732
"74749",4120,824,3296
"74750",4540,908,3632
"74751",3685,737,2948
"74752",4775,955,3820
"74753",4770,954,3816
"74754",4370,874,3496
"74755",6570,1314,5256
"74756",4560,912,3648
"74757",3640,728,2912
"74758",4545,909,3636
"74759",4475,895,3580
"74760",5070,1014,4056
"74761",4235,847,3388
"74762",4260,852,3408
"74763",3480,696,2784
"74764",3890,778,3112
"74765",4190,838,3352
"74766",4855,971,3884
"74767",4615,923,3692
"74768",5205,1041,4164
"74769",4905,981,3924
"74770",4480,896,3584
"74771",5555,1111,4444
"74772",5305,1061,4244
"74773",3285,657,2628
"74774",4835,967,3868
"74775",3555,711,2844
"74776",4725,945,3780
"74777",3465,693,2772
"74778",5835,1167,4668
"74779",4475,895,3580
"74780",3485,697,2788
"74781",4490,898,3592
"74782",5390,1078,4312
"74783",6905,1381,5524
"74784",3540,708,2832
"74785",3780,756,3024
"74786",4105,821,3284
"74787",4000,800,3200
"74788",4505,901,3604
"74789",4125,825,3300
"74790",3935,787,3148
"74791",3480,696,2784
"74792",5690,1138,4552
"74793",3550,710,2840
"74794",4345,869,3476
"74795",4120,824,3296
"74796",5640,1128,4512
"74797",4530,906,3624
"74798",3515,703,2812
"74799",4450,890,3560
"74800",5160,1032,4128
"74801",5005,1001,4004
"74802",7035,1407,5628
"74803",5935,1187,4748
"74804",4615,923,3692
"74805",3860,772,3088
"74806",4825,965,3860
"74807",4490,898,3592
"74808",6170,1234,4936
"74809",3500,700,2800
"74810",4850,970,3880
"74811",3950,790,3160
"74812",7405,1481,5924
"74813",4200,840,3360
"74814",4325,865,3460
"74815",4255,851,3404
"74816",5945,1189,4756
"74817",6095,1219,4876
"74818",5635,1127,4508
"74819",4840,968,3872
"74820",5280,1056,4224
"74821",3250,650,2600
"74822",3355,671,2684
"74823",3880,776,3104
"74824",3790,758,3032
"74825",3940,788,3152
"74826",4625,925,3700
"74827",4885,977,3908
"74828",5520,1104,4416
"74829",4735,947,3788
"74830",4250,850,3400
"74831",3415,683,2732
"74832",4190,838,3352
"74833",3840,768,3072
"74834",4320,864,3456
"74835",4255,851,3404
"74836",5380,1076,4304
"74837",3705,741,2964
"74838",3645,729,2916
"74839",4055,811,3244
"74840",5470,1094,4376
"74841",4350,870,3480
"74842",5450,1090,4360
"74843",4930,986,3944
"74844",4160,832,3328
"74845",4700,940,3760
"74846",4130,826,3304
"74847",5215,1043,4172
"74848",4390,878,3512
"74849",4065,813,3252
"74850",5495,1099,4396
"74851",5045,1009,4036
"74852",4455,891,3564
"74853",4705,941,3764
"74854",4715,943,3772
"74855",4230,846,3384
"74856",4145,829,3316
"74857",5180,1036,4144
"74858",3780,756,3024
"74859",3730,746,2984
"74860",4650,930,3720
"74861",4885,977,3908
"74862",5160,1032,4128
"74863",5520,1104,4416
"74864",4020,804,3216
"74865",4485,897,3588
"74866",4605,921,3684
"74867",4920,984,3936
"74868",4325,865,3460
"74869",4010,802,3208
"74870",6045,1209,4836
"74871",6200,1240,4960
"74872",4445,889,3556
"74873",5130,1026,4104
"74874",3500,700,2800
"74875",4575,915,3660
"74876",4590,918,3672
"74877",7860,1572,6288
"74878",4365,873,3492
"74879",3885,777,3108
"74880",4780,956,3824
"74881",4555,911,3644
"74882",6095,1219,4876
"74883",4495,899,3596
"74884",4105,821,3284
"74885",3920,784,3136
"74886",5300,1060,4240
"74887",4480,896,3584
"74888",5795,1159,4636
"74889",4505,901,3604
"74890",4805,961,3844
"74891",4920,984,3936
"74892",3915,783,3132
"74893",4170,834,3336
"74894",3905,781,3124
"74895",5905,1181,4724
"74896",4490,898,3592
"74897",5085,1017,4068
"74898",4645,929,3716
"74899",3915,783,3132
"74900",4250,850,3400
"74901",5260,1052,4208
"74902",3710,742,2968
"74903",5225,1045,4180
"74904",4885,977,3908
"74905",4065,813,3252
"74906",4060,812,3248
"74907",4790,958,3832
"74908",4500,900,3600
"74909",4995,999,3996
"74910",5465,1093,4372
"74911",5015,1003,4012
"74912",4375,875,3500
"74913",5775,1155,4620
"74914",5200,1040,4160
"74915",4015,803,3212
"74916",4700,940,3760
"74917",6795,1359,5436
"74918",4540,908,3632
"74919",5525,1105,4420
"74920",6040,1208,4832
"74921",3775,755,3020
"74922",5215,1043,4172
"74923",4250,850,3400
"74924",4855,971,3884
"74925",5815,1163,4652
"74926",4225,845,3380
"74927",5045,1009,4036
"74928",4590,918,3672
"74929",4225,845,3380
"74930",4085,817,3268
"74931",4495,899,3596
"74932",4420,884,3536
"74933",4900,980,3920
"74934",5375,1075,4300
"74935",4650,930,3720
"74936",3995,799,3196
"74937",4160,832,3328
"74938",5800,1160,4640
"74939",4445,889,3556
"74940",4710,942,3768
"74941",4440,888,3552
"74942",3965,793,3172
"74943",4190,838,3352
"74944",3395,679,2716
"74945",4755,951,3804
"74946",4115,823,3292
"74947",4320,864,3456
"74948",4675,935,3740
"74949",6925,1385,5540
"74950",4700,940,3760
"74951",4755,951,3804
"74952",4220,844,3376
"74953",5020,1004,4016
"74954",5265,1053,4212
"74955",3570,714,2856
"74956",6075,1215,4860
"74957",4905,981,3924
"74958",4230,846,3384
"74959",4155,831,3324
"74960",4435,887,3548
"74961",5010,1002,4008
"74962",3985,797,3188
"74963",3665,733,2932
"74964",4425,885,3540
"74965",5605,1121,4484
"74966",4275,855,3420
"74967",5545,1109,4436
"74968",8900,1780,7120
"74969",5035,1007,4028
"74970",6310,1262,5048
"74971",3990,798,3192
"74972",5465,1093,4372
"74973",3975,795,3180
"74974",4070,814,3256
"74975",5590,1118,4472
"74976",4155,831,3324
"74977",3760,752,3008
"74978",5230,1046,4184
"74979",5665,1133,4532
"74980",4570,914,3656
"74981",4885,977,3908
"74982",4680,936,3744
"74983",4795,959,3836
"74984",5560,1112,4448
"74985",4255,851,3404
"74986",4225,845,3380
"74987",5735,1147,4588
"74988",4475,895,3580
"74989",3600,720,2880
"74990",3310,662,2648
"74991",5970,1194,4776
"74992",3770,754,3016
"74993",6870,1374,5496
"74994",3965,793,3172
"74995",4250,850,3400
"74996",4385,877,3508
"74997",3505,701,2804
"74998",4355,871,3484
"74999",4575,915,3660
"75000",4400,880,3520
"75001",4565,913,3652
"75002",3920,784,3136
"75003",3930,786,3144
"75004",5365,1073,4292
"75005",5705,1141,4564
"75006",5205,1041,4164
"75007",4145,829,3316
"75008",3750,750,3000
"75009",4310,862,3448
"75010",5190,1038,4152
"75011",5605,1121,4484
"75012",3345,669,2676
"75013",3780,756,3024
"75014",3670,734,2936
"75015",5240,1048,4192
"75016",4470,894,3576
"75017",5410,1082,4328
"75018",4435,887,3548
"75019",4655,931,3724
"75020",4075,815,3260
"75021",4185,837,3348
"75022",3785,757,3028
"75023",6615,1323,5292
"75024",5295,1059,4236
"75025",4500,900,3600
"75026",4855,971,3884
"75027",4320,864,3456
"75028",6525,1305,5220
"75029",4220,844,3376
"75030",6105,1221,4884
"75031",3740,748,2992
"75032",5095,1019,4076
"75033",4140,828,3312
"75034",5490,1098,4392
"75035",4275,855,3420
"75036",4575,915,3660
"75037",4535,907,3628
"75038",3750,750,3000
"75039",3685,737,2948
"75040",6275,1255,5020
"75041",4535,907,3628
"75042",3775,755,3020
"75043",4545,909,3636
"75044",4490,898,3592
"75045",4995,999,3996
"75046",4815,963,3852
"75047",3515,703,2812
"75048",3420,684,2736
"75049",4590,918,3672
"75050",4130,826,3304
"75051",5500,1100,4400
"75052",7090,1418,5672
"75053",5205,1041,4164
"75054",5140,1028,4112
"75055",4965,993,3972
"75056",4920,984,3936
"75057",4375,875,3500
"75058",4435,887,3548
"75059",4925,985,3940
"75060",5185,1037,4148
"75061",4660,932,3728
"75062",4650,930,3720
"75063",3360,672,2688
"75064",4220,844,3376
"75065",3770,754,3016
"75066",3715,743,2972
"75067",3990,798,3192
"75068",4455,891,3564
"75069",5600,1120,4480
"75070",5000,1000,4000
"75071",4540,908,3632
"75072",4790,958,3832
"75073",4365,873,3492
"75074",6650,1330,5320
"75075",5310,1062,4248
"75076",4925,985,3940
"75077",4675,935,3740
"75078",6610,1322,5288
"75079",3820,764,3056
"75080",4625,925,3700
"75081",3530,706,2824
"75082",4965,993,3972
"75083",4220,844,3376
"75084",4625,925,3700
"75085",4665,933,3732
"75086",5125,1025,4100
"75087",7055,1411,5644
"75088",4330,866,3464
"75089",4570,914,3656
"75090",5825,1165,4660
"75091",4475,895,3580
"75092",4415,883,3532
"75093",3840,768,3072
"75094",5870,1174,4696
"75095",3960,792,3168
"75096",4730,946,3784
"75097",5615,1123,4492
"75098",4560,912,3648
"75099",4605,921,3684
"75100",5295,1059,4236
"75101",4710,942,3768
"75102",4520,904,3616
"75103",4510,902,3608
"75104",6525,1305,5220
"75105",5525,1105,4420
"75106",4915,983,3932
"75107",4505,901,3604
"75108",4300,860,3440
"75109",3935,787,3148
"75110",5255,1051,4204
"75111",3715,743,2972
"75112",7195,1439,5756
"75113",5160,1032,4128
"75114",4820,964,3856
"75115",3960,792,3168
"75116",5065,1013,4052
"75117",4770,954,3816
"75118",5120,1024,4096
"75119",3685,737,2948
"75120",3990,798,3192
"75121",4825,965,3860
"75122",4130,826,3304
"75123",4265,853,3412
"75124",4630,926,3704
"75125",4465,893,3572
"75126",3725,745,2980
"75127",4545,909,3636
"75128",5385,1077,4308
"75129",5615,1123,4492
"75130",4090,818,3272
"75131",3910,782,3128
"75132",4290,858,3432
"75133",6645,1329,5316
"75134",4390,878,3512
"75135",4610,922,3688
"75136",4750,950,3800
"75137",4935,987,3948
"75138",3760,752,3008
"75139",4020,804,3216
"75140",6340,1268,5072
"75141",4505,901,3604
"75142",3765,753,3012
"75143",4390,878,3512
"75144",4390,878,3512
"75145",4415,883,3532
"75146",5515,1103,4412
"75147",4465,893,3572
"75148",6205,1241,4964
"75149",4460,892,3568
"75150",5380,1076,4304
"75151",4130,826,3304
"75152",3855,771,3084
"75153",4135,827,3308
"75154",4320,864,3456
"75155",3685,737,2948
"75156",4635,927,3708
"75157",4085,817,3268
"75158",5040,1008,4032
"75159",4505,901,3604
"75160",4490,898,3592
"75161",5430,1086,4344
"75162",4800,960,3840
"75163",4775,955,3820
"75164",3945,789,3156
"75165",3495,699,2796
"75166",5845,1169,4676
"75167",4640,928,3712
"75168",5810,1162,4648
"75169",4955,991,3964
"75170",4355,871,3484
"75171",4560,912,3648
"75172",4355,871,3484
"75173",4180,836,3344
"75174",4045,809,3236
"75175",5045,1009,4036
"75176",5245,1049,4196
"75177",5325,1065,4260
"75178",4710,942,3768
"75179",4340,868,3472
"75180",4850,970,3880
"75181",4245,849,3396
"75182",4150,830,3320
"75183",4595,919,3676
"75184",3825,765,3060
"75185",3380,676,2704
"75186",5545,1109,4436
"75187",5110,1022,4088
"75188",4095,819,3276
"75189",4665,933,3732
"75190",4145,829,3316
"75191",4965,993,3972
"75192",6050,1210,4840
"75193",4285,857,3428
"75194",5180,1036,4144
"75195",4325,865,3460
"75196",5585,1117,4468
"75197",5350,1070,4280
"75198",3420,684,2736
"75199",4765,953,3812
"75200",3950,790,3160
"75201",5360,1072,4288
"75202",3400,680,2720
"75203",5010,1002,4008
"75204",3390,678,2712
"75205",4105,821,3284
"75206",5140,1028,4112
"75207",4025,805,3220
"75208",4070,814,3256
"75209",5570,1114,4456
"75210",5250,1050,4200
"75211",5365,1073,4292
"75212",5440,1088,4352
"75213",5195,1039,4156
"75214",4425,885,3540
"75215",4470,894,3576
"75216",4445,889,3556
"75217",4365,873,3492
"75218",5445,1089,4356
"75219",4850,970,3880
"75220",4775,955,3820
"75221",5110,1022,4088
"75222",4985,997,3988
"75223",4015,803,3212
"75224",5065,1013,4052
"75225",4170,834,3336
"75226",4100,820,3280
"75227",5280,1056,4224
"75228",4640,928,3712
"75229",3680,736,2944
"75230",5255,1051,4204
"75231",5430,1086,4344
"75232",4225,845,3380
"75233",4815,963,3852
"75234",4185,837,3348
"75235",4695,939,3756
"75236",4950,990,3960
"75237",5140,1028,4112
"75238",3815,763,3052
"75239",5805,1161,4644
"75240",4730,946,3784
"75241",4030,806,3224
"75242",5345,1069,4276
"75243",5835,1167,4668
"75244",5385,1077,4308
"75245",3795,759,3036
"75246",4895,979,3916
"75247",5900,1180,4720
"75248",6230,1246,4984
"75249",5545,1109,4436
"75250",5040,1008,4032
"75251",6330,1266,5064
"75252",4495,899,3596
"75253",5905,1181,4724
"75254",3910,782,3128
"75255",4130,826,3304
"75256",4905,981,3924
"75257",4845,969,3876
"75258",4415,883,3532
"75259",5610,1122,4488
"75260",3815,763,3052
"75261",3930,786,3144
"75262",4475,895,3580
"75263",5040,1008,4032
"75264",4120,824,3296
"75265",4265,853,3412
"75266",4930,986,3944
"75267",3680,736,2944
"75268",4660,932,3728
"75269",4455,891,3564
"75270",4385,877,3508
"75271",4850,970,3880
"75272",5430,1086,4344
"75273",4785,957,3828
"75274",3875,775,3100
"75275",5095,1019,4076
"75276",4500,900,3600
"75277",5890,1178,4712
"75278",4520,904,3616
"75279",3900,780,3120
"75280",4845,969,3876
"75281",4455,891,3564
"75282",3810,762,3048
"75283",4645,929,3716
"75284",3920,784,3136
"75285",4115,823,3292
"75286",4125,825,3300
"75287",5690,1138,4552
"75288",6150,1230,4920
"75289",6045,1209,4836
"75290",4590,918,3672
"75291",4195,839,3356
"75292",4365,873,3492
"75293",4525,905,3620
"75294",3775,755,3020
"75295",5195,1039,4156
"75296",6420,1284,5136
"75297",5290,1058,4232
"75298",6810,1362,5448
"75299",4055,811,3244
"75300",5170,1034,4136
"75301",4530,906,3624
"75302",4920,984,3936
"75303",4090,818,3272
"75304",3785,757,3028
"75305",4500,900,3600
"75306",4895,979,3916
"75307",4865,973,3892
"75308",5145,1029,4116
"75309",5070,1014,4056
"75310",5480,1096,4384
"75311",5940,1188,4752
"75312",7600,1520,6080
"75313",3840,768,3072
"75314",4235,847,3388
"75315",4545,909,3636
"75316",4165,833,3332
"75317",5140,1028,4112
"75318",4285,857,3428
"75319",3975,795,3180
"75320",6190,1238,4952
"75321",4365,873,3492
"75322",4230,846,3384
"75323",4720,944,3776
"75324",5610,1122,4488
"75325",4595,919,3676
"75326",5245,1049,4196
"75327",4650,930,3720
"75328",4040,808,3232
"75329",4280,856,3424
"75330",7690,1538,6152
"75331",5500,1100,4400
"75332",4075,815,3260
"75333",5505,1101,4404
"75334",5295,1059,4236
"75335",4840,968,3872
"75336",4375,875,3500
"75337",5015,1003,4012
"75338",4355,871,3484
"75339",5665,1133,4532
"75340",4100,820,3280
"75341",3770,754,3016
"75342",5130,1026,4104
"75343",4780,956,3824
"75344",4015,803,3212
"75345",3510,702,2808
"75346",4415,883,3532
"75347",5300,1060,4240
"75348",4450,890,3560
"75349",5560,1112,4448
"75350",3630,726,2904
"75351",4620,924,3696
"75352",4105,821,3284
"75353",4645,929,3716
"75354",4590,918,3672
"75355",4195,839,3356
"75356",4950,990,3960
"75357",3385,677,2708
"75358",4620,924,3696
"75359",5295,1059,4236
"75360",7200,1440,5760
"75361",6165,1233,4932
"75362",4365,873,3492
"75363",4395,879,3516
"75364",4545,909,3636
"75365",3755,751,3004
"75366",4700,940,3760
"75367",4805,961,3844
"75368",4555,911,3644
"75369",5395,1079,4316
"75370",3935,787,3148
"75371",5160,1032,4128
"75372",4460,892,3568
"75373",3840,768,3072
"75374",4880,976,3904
"75375",3930,786,3144
"75376",4390,878,3512
"75377",4110,822,3288
"75378",5555,1111,4444
"75379",5615,1123,4492
"75380",5850,1170,4680
"75381",4555,911,3644
"75382",4585,917,3668
"75383",5595,1119,4476
"75384",3755,751,3004
"75385",4980,996,3984
"75386",6040,1208,4832
"75387",4170,834,3336
"75388",4055,811,3244
"75389",4565,913,3652
"75390",4270,854,3416
"75391",4500,900,3600
"75392",5305,1061,4244
"75393",4280,856,3424
"75394",4045,809,3236
"75395",5305,1061,4244
"75396",4120,824,3296
"75397",3790,758,3032
"75398",4455,891,3564
"75399",3790,758,3032
"75400",5355,1071,4284
"75401",4730,946,3784
"75402",4145,829,3316
"75403",5300,1060,4240
"75404",5700,1140,4560
"75405",5570,1114,4456
"75406",5135,1027,4108
"75407",4675,935,3740
"75408",5600,1120,4480
"75409",4640,928,3712
"75410",5215,1043,4172
"75411",7985,1597,6388
"75412",3575,715,2860
"75413",3770,754,3016
"75414",5120,1024,4096
"75415",4550,910,3640
"75416",4145,829,3316
"75417",5275,1055,4220
"75418",5560,1112,4448
"75419",4680,936,3744
"75420",4010,802,3208
"75421",3765,753,3012
"75422",4050,810,3240
"75423",4335,867,3468
"75424",4790,958,3832
"75425",4665,933,3732
"75426",4190,838,3352
"75427",4930,986,3944
"75428",4820,964,3856
"75429",6180,1236,4944
"75430",3995,799,3196
"75431",4255,851,3404
"75432",4120,824,3296
"75433",4780,956,3824
"75434",4095,819,3276
"75435",4040,808,3232
"75436",5185,1037,4148
"75437",5065,1013,4052
"75438",4435,887,3548
"75439",4065,813,3252
"75440",5220,1044,4176
"75441",4390,878,3512
"75442",5945,1189,4756
"75443",5665,1133,4532
"75444",4000,800,3200
"75445",4275,855,3420
"75446",3595,719,2876
"75447",3850,770,3080
"75448",4475,895,3580
"75449",6450,1290,5160
"75450",3935,787,3148
"75451",6370,1274,5096
"75452",4565,913,3652
"75453",4165,833,3332
"75454",5720,1144,4576
"75455",6170,1234,4936
"75456",4450,890,3560
"75457",5970,1194,4776
"75458",5945,1189,4756
"75459",4380,876,3504
"75460",4400,880,3520
"75461",3935,787,3148
"75462",4780,956,3824
"75463",4130,826,3304
"75464",4020,804,3216
"75465",6640,1328,5312
"75466",5340,1068,4272
"75467",7790,1558,6232
"75468",4060,812,3248
"75469",4905,981,3924
"75470",4385,877,3508
"75471",3560,712,2848
"75472",4055,811,3244
"75473",4335,867,3468
"75474",5415,1083,4332
"75475",4955,991,3964
"75476",4175,835,3340
"75477",5295,1059,4236
"75478",4175,835,3340
"75479",6030,1206,4824
"75480",6085,1217,4868
"75481",5165,1033,4132
"75482",4055,811,3244
"75483",3530,706,2824
"75484",4495,899,3596
"75485",4890,978,3912
"75486",6555,1311,5244
"75487",3825,765,3060
"75488",4365,873,3492
"75489",4600,920,3680
"75490",4975,995,3980
"75491",4270,854,3416
"75492",4415,883,3532
"75493",3545,709,2836
"75494",3395,679,2716
"75495",3510,702,2808
"75496",4970,994,3976
"75497",4530,906,3624
"75498",4605,921,3684
"75499",4115,823,3292
"75500",3840,768,3072
"75501",4110,822,3288
"75502",4910,982,3928
"75503",4745,949,3796
"75504",4055,811,3244
"75505",4195,839,3356
"75506",6880,1376,5504
"75507",5390,1078,4312
"75508",4390,878,3512
"75509",4200,840,3360
"75510",4455,891,3564
"75511",3785,757,3028
"75512",4630,926,3704
"75513",7535,1507,6028
"75514",4240,848,3392
"75515",4240,848,3392
"75516",6480,1296,5184
"75517",3945,789,3156
"75518",4145,829,3316
"75519",3965,793,3172
"75520",3710,742,2968
"75521",4595,919,3676
"75522",4285,857,3428
"75523",4460,892,3568
"75524",5170,1034,4136
"75525",6530,1306,5224
"75526",5380,1076,4304
"75527",4315,863,3452
"75528",4235,847,3388
"75529",5420,1084,4336
"75530",4485,897,3588
"75531",4125,825,3300
"75532",3615,723,2892
"75533",4615,923,3692
"75534",4030,806,3224
"75535",3675,735,2940
"75536",4110,822,3288
"75537",4300,860,3440
"75538",4120,824,3296
"75539",4535,907,3628
"75540",4675,935,3740
"75541",3760,752,3008
"75542",5165,1033,4132
"75543",5075,1015,4060
"75544",4635,927,3708
"75545",4940,988,3952
"75546",5760,1152,4608
"75547",4200,840,3360
"75548",6640,1328,5312
"75549",4760,952,3808
"75550",5155,1031,4124
"75551",4940,988,3952
"75552",4300,860,3440
"75553",4920,984,3936
"75554",5170,1034,4136
"75555",4140,828,3312
"75556",5165,1033,4132
"75557",4795,959,3836
"75558",4700,940,3760
"75559",5530,1106,4424
"75560",4650,930,3720
"75561",4280,856,3424
"75562",4395,879,3516
"75563",4130,826,3304
"75564",4415,883,3532
"75565",7160,1432,5728
"75566",4050,810,3240
"75567",4755,951,3804
"75568",4550,910,3640
"75569",3770,754,3016
"75570",4450,890,3560
"75571",4020,804,3216
"75572",4680,936,3744
"75573",4350,870,3480
"75574",3940,788,3152
"75575",4415,883,3532
"75576",4940,988,3952
"75577",4275,855,3420
"75578",4440,888,3552
"75579",5495,1099,4396
"75580",5325,1065,4260
"75581",4540,908,3632
"75582",5395,1079,4316
"75583",4695,939,3756
"75584",3495,699,2796
"75585",4565,913,3652
"75586",5500,1100,4400
"75587",4755,951,3804
"75588",6675,1335,5340
"75589",6155,1231,4924
"75590",4815,963,3852
"75591",5055,1011,4044
"75592",4460,892,3568
"75593",4665,933,3732
"75594",5160,1032,4128
"75595",3995,799,3196
"75596",4700,940,3760
"75597",5620,1124,4496
"75598",4465,893,3572
"75599",3670,734,2936
"75600",5665,1133,4532
"75601",5500,1100,4400
"75602",4565,913,3652
"75603",4205,841,3364
"75604",5290,1058,4232
"75605",4160,832,3328
"75606",4155,831,3324
"75607",3525,705,2820
"75608",5420,1084,4336
"75609",4840,968,3872
"75610",3710,742,2968
"75611",4895,979,3916
"75612",4090,818,3272
"75613",4625,925,3700
"75614",4475,895,3580
"75615",4190,838,3352
"75616",5075,1015,4060
"75617",5260,1052,4208
"75618",3925,785,3140
"75619",3265,653,2612
"75620",4660,932,3728
"75621",3530,706,2824
"75622",4875,975,3900
"75623",3905,781,3124
"75624",7415,1483,5932
"75625",4980,996,3984
"75626",4095,819,3276
"75627",4440,888,3552
"75628",5890,1178,4712
"75629",6510,1302,5208
"75630",6030,1206,4824
"75631",3820,764,3056
"75632",4625,925,3700
"75633",3680,736,2944
"75634",3435,687,2748
"75635",5840,1168,4672
"75636",4985,997,3988
"75637",4865,973,3892
"75638",4755,951,3804
"75639",3560,712,2848
"75640",4575,915,3660
"75641",6080,1216,4864
"75642",3925,785,3140
"75643",7775,1555,6220
"75644",4555,911,3644
"75645",5015,1003,4012
"75646",4130,826,3304
"75647",3560,712,2848
"75648",4990,998,3992
"75649",3830,766,3064
"75650",5530,1106,4424
"75651",3560,712,2848
"75652",4600,920,3680
"75653",4035,807,3228
"75654",4520,904,3616
"75655",3850,770,3080
"75656",5375,1075,4300
"75657",3475,695,2780
"75658",4105,821,3284
"75659",4995,999,3996
"75660",5100,1020,4080
"75661",4945,989,3956
"75662",5100,1020,4080
"75663",3995,799,3196
"75664",4675,935,3740
"75665",3905,781,3124
"75666",4905,981,3924
"75667",5090,1018,4072
"75668",6015,1203,4812
"75669",4225,845,3380
"75670",4430,886,3544
"75671",5265,1053,4212
"75672",4405,881,3524
"75673",4150,830,3320
"75674",4605,921,3684
"75675",4755,951,3804
"75676",4535,907,3628
"75677",4905,981,3924
"75678",4460,892,3568
"75679",5830,1166,4664
"75680",3965,793,3172
"75681",4610,922,3688
"75682",4710,942,3768
"75683",4260,852,3408
"75684",4010,802,3208
"75685",4255,851,3404
"75686",6615,1323,5292
"75687",4865,973,3892
"75688",4110,822,3288
"75689",4480,896,3584
"75690",4280,856,3424
"75691",4510,902,3608
"75692",4855,971,3884
"75693",4680,936,3744
"75694",3875,775,3100
"75695",7765,1553,6212
"75696",5255,1051,4204
"75697",4800,960,3840
"75698",5720,1144,4576
"75699",5160,1032,4128
"75700",6395,1279,5116
"75701",5395,1079,4316
"75702",4665,933,3732
"75703",4540,908,3632
"75704",4700,940,3760
"75705",4560,912,3648
"75706",4685,937,3748
"75707",4960,992,3968
"75708",4100,820,3280
"75709",3890,778,3112
"75710",4240,848,3392
"75711",5860,1172,4688
"75712",4350,870,3480
"75713",3870,774,3096
"75714",6070,1214,4856
"75715",4115,823,3292
"75716",4470,894,3576
"75717",4230,846,3384
"75718",3165,633,2532
"75719",4330,866,3464
"75720",5320,1064,4256
"75721",4555,911,3644
"75722",3435,687,2748
"75723",4650,930,3720
"75724",3560,712,2848
"75725",3800,760,3040
"75726",4310,862,3448
"75727",5140,1028,4112
"75728",5915,1183,4732
"75729",3790,758,3032
"75730",3880,776,3104
"75731",4980,996,3984
"75732",4315,863,3452
"75733",4675,935,3740
"75734",3740,748,2992
"75735",3995,799,3196
"75736",4920,984,3936
"75737",4860,972,3888
"75738",3920,784,3136
"75739",4190,838,3352
"75740",5475,1095,4380
"75741",6095,1219,4876
"75742",6490,1298,5192
"75743",5000,1000,4000
"75744",5505,1101,4404
"75745",3435,687,2748
"75746",6555,1311,5244
"75747",4770,954,3816
"75748",4265,853,3412
"75749",4015,803,3212
"75750",4415,883,3532
"75751",4230,846,3384
"75752",4365,873,3492
"75753",5215,1043,4172
"75754",4240,848,3392
"75755",6105,1221,4884
"75756",4460,892,3568
"75757",4220,844,3376
"75758",3955,791,3164
"75759",5000,1000,4000
"75760",4445,889,3556
"75761",4470,894,3576
"75762",3885,777,3108
"75763",3830,766,3064
"75764",7955,1591,6364
"75765",5325,1065,4260
"75766",5460,1092,4368
"75767",4220,844,3376
"75768",4505,901,3604
"75769",5710,1142,4568
"75770",4800,960,3840
"75771",4485,897,3588
"75772",3710,742,2968
"75773",3615,723,2892
"75774",3960,792,3168
"75775",4025,805,3220
"75776",5955,1191,4764
"75777",4885,977,3908
"75778",3675,735,2940
"75779",4775,955,3820
"75780",4140,828,3312
"75781",4635,927,3708
"75782",4350,870,3480
"75783",5060,1012,4048
"75784",4215,843,3372
"75785",4385,877,3508
"75786",3895,779,3116
"75787",4140,828,3312
"75788",4905,981,3924
"75789",3840,768,3072
"75790",5715,1143,4572
"75791",3570,714,2856
"75792",4365,873,3492
"75793",5010,1002,4008
"75794",5500,1100,4400
"75795",4530,906,3624
"75796",4280,856,3424
"75797",3885,777,3108
"75798",5310,1062,4248
"75799",4990,998,3992
"75800",4465,893,3572
"75801",5095,1019,4076
"75802",3730,746,2984
"75803",5100,1020,4080
"75804",4715,943,3772
"75805",4745,949,3796
"75806",6185,1237,4948
"75807",5280,1056,4224
"75808",4090,818,3272
"75809",4535,907,3628
"75810",4890,978,3912
"75811",7185,1437,5748
"75812",5045,1009,4036
"75813",3710,742,2968
"75814",4130,826,3304
"75815",5860,1172,4688
"75816",4590,918,3672
"75817",3735,747,2988
"75818",5060,1012,4048
"75819",5195,1039,4156
"75820",4870,974,3896
"75821",4450,890,3560
"75822",4930,986,3944
"75823",3545,709,2836
"75824",5645,1129,4516
"75825",5735,1147,4588
"75826",4405,881,3524
"75827",6775,1355,5420
"75828",6260,1252,5008
"75829",4215,843,3372
"75830",4340,868,3472
"75831",4590,918,3672
"75832",3020,604,2416
"75833",5130,1026,4104
"75834",4905,981,3924
"75835",3470,694,2776
"75836",7050,1410,5640
"75837",3470,694,2776
"75838",5430,1086,4344
"75839",3640,728,2912
"75840",4240,848,3392
"75841",3530,706,2824
"75842",3540,708,2832
"75843",4815,963,3852
"75844",4050,810,3240
"75845",4270,854,3416
"75846",6860,1372,5488
"75847",4860,972,3888
"75848",5280,1056,4224
"75849",4455,891,3564
"75850",4240,848,3392
"75851",4510,902,3608
"75852",4120,824,3296
"75853",6285,1257,5028
"75854",4450,890,3560
"75855",5030,1006,4024
"75856",5675,1135,4540
"75857",5690,1138,4552
"75858",4025,805,3220
"75859",3155,631,2524
"75860",4905,981,3924
"75861",5650,1130,4520
"75862",5700,1140,4560
"75863",5490,1098,4392
"75864",5365,1073,4292
"75865",5550,1110,4440
"75866",7160,1432,5728
"75867",4340,868,3472
"75868",5100,1020,4080
"75869",5445,1089,4356
"75870",4575,915,3660
"75871",4155,831,3324
"75872",5640,1128,4512
"75873",3915,783,3132
"75874",7195,1439,5756
"75875",5855,1171,4684
"75876",6010,1202,4808
"75877",3850,770,3080
"75878",3780,756,3024
"75879",4495,899,3596
"75880",4215,843,3372
"75881",4810,962,3848
"75882",5425,1085,4340
"75883",4570,914,3656
"75884",4370,874,3496
"75885",5685,1137,4548
"75886",5025,1005,4020
"75887",3805,761,3044
"75888",5480,1096,4384
"75889",4330,866,3464
"75890",4595,919,3676
"75891",4820,964,3856
"75892",4695,939,3756
"75893",4395,879,3516
"75894",4685,937,3748
"75895",4440,888,3552
"75896",4945,989,3956
"75897",4635,927,3708
"75898",4565,913,3652
"75899",6080,1216,4864
"75900",4335,867,3468
"75901",7560,1512,6048
"75902",3825,765,3060
"75903",5185,1037,4148
"75904",4565,913,3652
"75905",4010,802,3208
"75906",4245,849,3396
"75907",4505,901,3604
"75908",3675,735,2940
"75909",5660,1132,4528
"75910",5275,1055,4220
"75911",4460,892,3568
"75912",3995,799,3196
"75913",4480,896,3584
"75914",3995,799,3196
"75915",3875,775,3100
"75916",4490,898,3592
"75917",3995,799,3196
"75918",3705,741,2964
"75919",3540,708,2832
"75920",4295,859,3436
"75921",4690,938,3752
"75922",4275,855,3420
"75923",4420,884,3536
"75924",7465,1493,5972
"75925",6280,1256,5024
"75926",7180,1436,5744
"75927",4440,888,3552
"75928",4200,840,3360
"75929",3805,761,3044
"75930",4070,814,3256
"75931",5685,1137,4548
"75932",5830,1166,4664
"75933",6370,1274,5096
"75934",4990,998,3992
"75935",3235,647,2588
"75936",4470,894,3576
"75937",4040,808,3232
"75938",4430,886,3544
"75939",3715,743,2972
"75940",4615,923,3692
"75941",4340,868,3472
"75942",5490,1098,4392
"75943",4515,903,3612
"75944",7455,1491,5964
"75945",4405,881,3524
"75946",4945,989,3956
"75947",4535,907,3628
"75948",5085,1017,4068
"75949",4870,974,3896
"75950",4755,951,3804
"75951",4325,865,3460
"75952",5890,1178,4712
"75953",6105,1221,4884
"75954",5690,1138,4552
"75955",5875,1175,4700
"75956",4545,909,3636
"75957",4865,973,3892
"75958",3895,779,3116
"75959",4000,800,3200
"75960",6140,1228,4912
"75961",4685,937,3748
"75962",4640,928,3712
"75963",5815,1163,4652
"75964",5790,1158,4632
"75965",4015,803,3212
"75966",4730,946,3784
"75967",3365,673,2692
"75968",6130,1226,4904
"75969",6075,1215,4860
"75970",3320,664,2656
"75971",4095,819,3276
"75972",8080,1616,6464
"75973",4645,929,3716
"75974",4485,897,3588
"75975",6335,1267,5068
"75976",4810,962,3848
"75977",4880,976,3904
"75978",5005,1001,4004
"75979",3670,734,2936
"75980",3990,798,3192
"75981",3945,789,3156
"75982",4085,817,3268
"75983",4550,910,3640
"75984",5485,1097,4388
"75985",4760,952,3808
"75986",4030,806,3224
"75987",3955,791,3164
"75988",4790,958,3832
"75989",4240,848,3392
"75990",4405,881,3524
"75991",4195,839,3356
"75992",3995,799,3196
"75993",5320,1064,4256
"75994",4225,845,3380
"75995",4980,996,3984
"75996",3495,699,2796
"75997",6455,1291,5164
"75998",5275,1055,4220
"75999",4710,942,3768
"76000",5395,1079,4316
"76001",5275,1055,4220
"76002",3945,789,3156
"76003",4995,999,3996
"76004",4770,954,3816
"76005",4430,886,3544
"76006",3905,781,3124
"76007",5575,1115,4460
"76008",3855,771,3084
"76009",3620,724,2896
"76010",3875,775,3100
"76011",5760,1152,4608
"76012",7095,1419,5676
"76013",4220,844,3376
"76014",4190,838,3352
"76015",6265,1253,5012
"76016",3845,769,3076
"76017",3615,723,2892
"76018",5255,1051,4204
"76019",4595,919,3676
"76020",4500,900,3600
"76021",4725,945,3780
"76022",4030,806,3224
"76023",6265,1253,5012
"76024",4270,854,3416
"76025",5260,1052,4208
"76026",5050,1010,4040
"76027",4345,869,3476
"76028",5840,1168,4672
"76029",5670,1134,4536
"76030",3875,775,3100
"76031",4680,936,3744
"76032",3675,735,2940
"76033",3830,766,3064
"76034",4215,843,3372
"76035",5370,1074,4296
"76036",4605,921,3684
"76037",4380,876,3504
"76038",4915,983,3932
"76039",7715,1543,6172
"76040",5635,1127,4508
"76041",3850,770,3080
"76042",4585,917,3668
"76043",5245,1049,4196
"76044",5365,1073,4292
"76045",6835,1367,5468
"76046",5180,1036,4144
"76047",5560,1112,4448
"76048",4090,818,3272
"76049",4665,933,3732
"76050",4110,822,3288
"76051",4460,892,3568
"76052",6600,1320,5280
"76053",5515,1103,4412
"76054",4535,907,3628
"76055",4780,956,3824
"76056",4775,955,3820
"76057",4425,885,3540
"76058",5600,1120,4480
"76059",4480,896,3584
"76060",4435,887,3548
"76061",7690,1538,6152
"76062",4210,842,3368
"76063",5140,1028,4112
"76064",4335,867,3468
"76065",5190,1038,4152
"76066",4800,960,3840
"76067",3735,747,2988
"76068",4130,826,3304
"76069",3985,797,3188
"76070",3750,750,3000
"76071",5065,1013,4052
"76072",5120,1024,4096
"76073",4965,993,3972
"76074",3675,735,2940
"76075",4810,962,3848
"76076",3705,741,2964
"76077",5535,1107,4428
"76078",7030,1406,5624
"76079",4270,854,3416
"76080",5905,1181,4724
"76081",6725,1345,5380
"76082",5355,1071,4284
"76083",4195,839,3356
"76084",4390,878,3512
"76085",4780,956,3824
"76086",4715,943,3772
"76087",5800,1160,4640
"76088",4610,922,3688
"76089",4835,967,3868
"76090",4965,993,3972
"76091",4110,822,3288
"76092",5120,1024,4096
"76093",3945,789,3156
"76094",5885,1177,4708
"76095",5370,1074,4296
"76096",6120,1224,4896
"76097",4435,887,3548
"76098",4235,847,3388
"76099",6415,1283,5132
"76100",4790,958,3832
"76101",3690,738,2952
"76102",4140,828,3312
"76103",5590,1118,4472
"76104",4800,960,3840
"76105",5215,1043,4172
"76106",5160,1032,4128
"76107",3995,799,3196
"76108",3575,715,2860
"76109",3360,672,2688
"76110",6010,1202,4808
"76111",4810,962,3848
"76112",3685,737,2948
"76113",4570,914,3656
"76114",6885,1377,5508
"76115",4575,915,3660
"76116",6005,1201,4804
"76117",3425,685,2740
"76118",5285,1057,4228
"76119",4430,886,3544
"76120",4330,866,3464
"76121",4735,947,3788
"76122",5995,1199,4796
"76123",5645,1129,4516
"76124",5990,1198,4792
"76125",5270,1054,4216
"76126",4595,919,3676
"76127",4860,972,3888
"76128",4340,868,3472
"76129",4760,952,3808
"76130",5325,1065,4260
"76131",4490,898,3592
"76132",5310,1062,4248
"76133",4835,967,3868
"76134",6745,1349,5396
"76135",4320,864,3456
"76136",3950,790,3160
"76137",5140,1028,4112
"76138",6000,1200,4800
"76139",3795,759,3036
"76140",6980,1396,5584
"76141",5080,1016,4064
"76142",4045,809,3236
"76143",3880,776,3104
"76144",4045,809,3236
"76145",4480,896,3584
"76146",4250,850,3400
"76147",4285,857,3428
"76148",3520,704,2816
"76149",4050,810,3240
"76150",4070,814,3256
"76151",4555,911,3644
"76152",5220,1044,4176
"76153",3675,735,2940
"76154",4925,985,3940
"76155",5300,1060,4240
"76156",4490,898,3592
"76157",4695,939,3756
"76158",4080,816,3264
"76159",3790,758,3032
"76160",3890,778,3112
"76161",5210,1042,4168
"76162",3635,727,2908
"76163",4300,860,3440
"76164",4515,903,3612
"76165",4430,886,3544
"76166",5295,1059,4236
"76167",4835,967,3868
"76168",5165,1033,4132
"76169",4840,968,3872
"76170",4855,971,3884
"76171",4305,861,3444
"76172",8580,1716,6864
"76173",4140,828,3312
"76174",5365,1073,4292
"76175",4105,821,3284
"76176",5535,1107,4428
"76177",4075,815,3260
"76178",4480,896,3584
"76179",4510,902,3608
"76180",3695,739,2956
"76181",4345,869,3476
"76182",5385,1077,4308
"76183",5385,1077,4308
"76184",4435,887,3548
"76185",5115,1023,4092
"76186",4580,916,3664
"76187",3645,729,2916
"76188",3585,717,2868
"76189",5210,1042,4168
"76190",4410,882,3528
"76191",5440,1088,4352
"76192",3890,778,3112
"76193",4465,893,3572
"76194",6010,1202,4808
"76195",7065,1413,5652
"76196",5955,1191,4764
"76197",5070,1014,4056
"76198",4040,808,3232
"76199",4650,930,3720
"76200",3870,774,3096
"76201",4045,809,3236
"76202",3820,764,3056
"76203",5725,1145,4580
"76204",3475,695,2780
"76205",4335,867,3468
"76206",5435,1087,4348
"76207",3940,788,3152
"76208",4780,956,3824
"76209",3985,797,3188
"76210",4535,907,3628
"76211",4260,852,3408
"76212",3805,761,3044
"76213",5045,1009,4036
"76214",3745,749,2996
"76215",4400,880,3520
"76216",5125,1025,4100
"76217",4240,848,3392
"76218",4590,918,3672
"76219",3390,678,2712
"76220",4795,959,3836
"76221",5075,1015,4060
"76222",4365,873,3492
"76223",4105,821,3284
"76224",4555,911,3644
"76225",4425,885,3540
"76226",6185,1237,4948
"76227",4650,930,3720
"76228",4550,910,3640
"76229",4575,915,3660
"76230",4280,856,3424
"76231",5290,1058,4232
"76232",3815,763,3052
"76233",5480,1096,4384
"76234",4940,988,3952
"76235",5015,1003,4012
"76236",5020,1004,4016
"76237",4760,952,3808
"76238",4495,899,3596
"76239",3775,755,3020
"76240",4290,858,3432
"76241",4635,927,3708
"76242",4850,970,3880
"76243",5735,1147,4588
"76244",4860,972,3888
"76245",4090,818,3272
"76246",5365,1073,4292
"76247",4580,916,3664
"76248",3980,796,3184
"76249",4630,926,3704
"76250",4475,895,3580
"76251",4275,855,3420
"76252",3915,783,3132
"76253",4625,925,3700
"76254",3720,744,2976
"76255",4005,801,3204
"76256",7005,1401,5604
"76257",5095,1019,4076
"76258",4530,906,3624
"76259",4575,915,3660
"76260",4770,954,3816
"76261",4525,905,3620
"76262",4565,913,3652
"76263",4010,802,3208
"76264",5090,1018,4072
"76265",3925,785,3140
"76266",6260,1252,5008
"76267",5460,1092,4368
"76268",5790,1158,4632
"76269",3930,786,3144
"76270",5345,1069,4276
"76271",4690,938,3752
"76272",4730,946,3784
"76273",5235,1047,4188
"76274",4380,876,3504
"76275",4975,995,3980
"76276",6125,1225,4900
"76277",4590,918,3672
"76278",4110,822,3288
"76279",4745,949,3796
"76280",4290,858,3432
"76281",4265,853,3412
"76282",4145,829,3316
"76283",5745,1149,4596
"76284",4600,920,3680
"76285",5815,1163,4652
"76286",5910,1182,4728
"76287",4040,808,3232
"76288",5470,1094,4376
"76289",4570,914,3656
"76290",4055,811,3244
"76291",5610,1122,4488
"76292",4800,960,3840
"76293",5050,1010,4040
"76294",4225,845,3380
"76295",6055,1211,4844
"76296",4165,833,3332
"76297",4130,826,3304
"76298",4190,838,3352
"76299",6400,1280,5120
"76300",3865,773,3092
"76301",5875,1175,4700
"76302",4930,986,3944
"76303",4905,981,3924
"76304",4870,974,3896
"76305",6220,1244,4976
"76306",6480,1296,5184
"76307",6165,1233,4932
"76308",7245,1449,5796
"76309",3885,777,3108
"76310",6075,1215,4860
"76311",4405,881,3524
"76312",5615,1123,4492
"76313",4010,802,3208
"76314",5135,1027,4108
"76315",3900,780,3120
"76316",3925,785,3140
"76317",4450,890,3560
"76318",4025,805,3220
"76319",3495,699,2796
"76320",4920,984,3936
"76321",3520,704,2816
"76322",6740,1348,5392
"76323",7390,1478,5912
"76324",5330,1066,4264
"76325",4725,945,3780
"76326",4975,995,3980
"76327",4585,917,3668
"76328",5615,1123,4492
"76329",5255,1051,4204
"76330",4010,802,3208
"76331",4915,983,3932
"76332",6575,1315,5260
"76333",4075,815,3260
"76334",4930,986,3944
"76335",4470,894,3576
"76336",3805,761,3044
"76337",3790,758,3032
"76338",5030,1006,4024
"76339",4360,872,3488
"76340",3585,717,2868
"76341",5295,1059,4236
"76342",5120,1024,4096
"76343",4570,914,3656
"76344",4800,960,3840
"76345",4725,945,3780
"76346",4955,991,3964
"76347",5075,1015,4060
"76348",5070,1014,4056
"76349",4470,894,3576
"76350",3885,777,3108
"76351",4930,986,3944
"76352",4115,823,3292
"76353",4650,930,3720
"76354",4605,921,3684
"76355",3800,760,3040
"76356",5285,1057,4228
"76357",4610,922,3688
"76358",5925,1185,4740
"76359",5845,1169,4676
"76360",3360,672,2688
"76361",4560,912,3648
"76362",4400,880,3520
"76363",4435,887,3548
"76364",3965,793,3172
"76365",3265,653,2612
"76366",4670,934,3736
"76367",4725,945,3780
"76368",4700,940,3760
"76369",4325,865,3460
"76370",6255,1251,5004
"76371",4205,841,3364
"76372",4335,867,3468
"76373",4850,970,3880
"76374",4570,914,3656
"76375",5355,1071,4284
"76376",5480,1096,4384
"76377",4190,838,3352
"76378",5485,1097,4388
"76379",4455,891,3564
"76380",4440,888,3552
"76381",4650,930,3720
"76382",5320,1064,4256
"76383",4870,974,3896
"76384",5610,1122,4488
"76385",5780,1156,4624
"76386",3640,728,2912
"76387",3565,713,2852
"76388",4935,987,3948
"76389",4835,967,3868
"76390",4870,974,3896
"76391",4835,967,3868
"76392",4135,827,3308
"76393",3940,788,3152
"76394",3660,732,2928
"76395",3950,790,3160
"76396",5005,1001,4004
"76397",4445,889,3556
"76398",3395,679,2716
"76399",3810,762,3048
"76400",4940,988,3952
"76401",3945,789,3156
"76402",4295,859,3436
"76403",3930,786,3144
"76404",4640,928,3712
"76405",5855,1171,4684
"76406",3675,735,2940
"76407",6865,1373,5492
"76408",5600,1120,4480
"76409",4055,811,3244
"76410",4060,812,3248
"76411",3765,753,3012
"76412",4655,931,3724
"76413",4950,990,3960
"76414",4430,886,3544
"76415",5625,1125,4500
"76416",5230,1046,4184
"76417",6880,1376,5504
"76418",4645,929,3716
"76419",4695,939,3756
"76420",4640,928,3712
"76421",5355,1071,4284
"76422",4185,837,3348
"76423",4535,907,3628
"76424",3660,732,2928
"76425",4210,842,3368
"76426",5765,1153,4612
"76427",6255,1251,5004
"76428",3855,771,3084
"76429",3725,745,2980
"76430",5210,1042,4168
"76431",4060,812,3248
"76432",4435,887,3548
"76433",3680,736,2944
"76434",4065,813,3252
"76435",5380,1076,4304
"76436",6040,1208,4832
"76437",5630,1126,4504
"76438",3900,780,3120
"76439",5300,1060,4240
"76440",4465,893,3572
"76441",3630,726,2904
"76442",3430,686,2744
"76443",6800,1360,5440
"76444",3725,745,2980
"76445",4845,969,3876
"76446",4615,923,3692
"76447",4820,964,3856
"76448",4395,879,3516
"76449",4540,908,3632
"76450",3440,688,2752
"76451",6380,1276,5104
"76452",4540,908,3632
"76453",4300,860,3440
"76454",5035,1007,4028
"76455",3600,720,2880
"76456",4405,881,3524
"76457",4870,974,3896
"76458",4860,972,3888
"76459",4525,905,3620
"76460",3805,761,3044
"76461",3840,768,3072
"76462",3795,759,3036
"76463",4720,944,3776
"76464",4665,933,3732
"76465",6300,1260,5040
"76466",4330,866,3464
"76467",5170,1034,4136
"76468",4975,995,3980
"76469",6750,1350,5400
"76470",4795,959,3836
"76471",4755,951,3804
"76472",4100,820,3280
"76473",3570,714,2856
"76474",5185,1037,4148
"76475",5190,1038,4152
"76476",3875,775,3100
"76477",5400,1080,4320
"76478",4055,811,3244
"76479",6690,1338,5352
"76480",4335,867,3468
"76481",5595,1119,4476
"76482",3920,784,3136
"76483",5140,1028,4112
"76484",3835,767,3068
"76485",4675,935,3740
"76486",4725,945,3780
"76487",4080,816,3264
"76488",5160,1032,4128
"76489",4695,939,3756
"76490",5790,1158,4632
"76491",4045,809,3236
"76492",4400,880,3520
"76493",5470,1094,4376
"76494",3630,726,2904
"76495",3915,783,3132
"76496",3610,722,2888
"76497",4135,827,3308
"76498",4710,942,3768
"76499",4545,909,3636
"76500",4545,909,3636
"76501",3795,759,3036
"76502",3775,755,3020
"76503",3970,794,3176
"76504",4455,891,3564
"76505",4805,961,3844
"76506",4555,911,3644
"76507",3830,766,3064
"76508",4045,809,3236
"76509",6185,1237,4948
"76510",3800,760,3040
"76511",4105,821,3284
"76512",5280,1056,4224
"76513",5480,1096,4384
"76514",4300,860,3440
"76515",5310,1062,4248
"76516",7935,1587,6348
"76517",5670,1134,4536
"76518",7750,1550,6200
"76519",3640,728,2912
"76520",3960,792,3168
"76521",3925,785,3140
"76522",4560,912,3648
"76523",5585,1117,4468
"76524",4000,800,3200
"76525",3655,731,2924
"76526",5465,1093,4372
"76527",4655,931,3724
"76528",3370,674,2696
"76529",5140,1028,4112
"76530",4370,874,3496
"76531",4270,854,3416
"76532",3960,792,3168
"76533",5575,1115,4460
"76534",4665,933,3732
"76535",5890,1178,4712
"76536",4660,932,3728
"76537",4410,882,3528
"76538",3575,715,2860
"76539",5260,1052,4208
"76540",4040,808,3232
"76541",7100,1420,5680
"76542",5445,1089,4356
"76543",4445,889,3556
"76544",4700,940,3760
"76545",5155,1031,4124
"76546",4030,806,3224
"76547",3680,736,2944
"76548",5455,1091,4364
"76549",3825,765,3060
"76550",4470,894,3576
"76551",4770,954,3816
"76552",6245,1249,4996
"76553",5270,1054,4216
"76554",4525,905,3620
"76555",4415,883,3532
"76556",5265,1053,4212
"76557",4855,971,3884
"76558",4465,893,3572
"76559",4575,915,3660
"76560",3720,744,2976
"76561",4065,813,3252
"76562",4920,984,3936
"76563",4130,826,3304
"76564",4945,989,3956
"76565",3760,752,3008
"76566",5295,1059,4236
"76567",3930,786,3144
"76568",4240,848,3392
"76569",3980,796,3184
"76570",6185,1237,4948
"76571",5020,1004,4016
"76572",4440,888,3552
"76573",6110,1222,4888
"76574",4020,804,3216
"76575",5245,1049,4196
"76576",7980,1596,6384
"76577",4635,927,3708
"76578",5175,1035,4140
"76579",4035,807,3228
"76580",4700,940,3760
"76581",4005,801,3204
"76582",3850,770,3080
"76583",4690,938,3752
"76584",4090,818,3272
"76585",4505,901,3604
"76586",6215,1243,4972
"76587",7255,1451,5804
"76588",4720,944,3776
"76589",6020,1204,4816
"76590",7015,1403,5612
"76591",5180,1036,4144
"76592",4895,979,3916
"76593",3855,771,3084
"76594",6050,1210,4840
"76595",4015,803,3212
"76596",4585,917,3668
"76597",4285,857,3428
"76598",5105,1021,4084
"76599",4575,915,3660
"76600",5680,1136,4544
"76601",5405,1081,4324
"76602",4635,927,3708
"76603",5045,1009,4036
"76604",4865,973,3892
"76605",4660,932,3728
"76606",4130,826,3304
"76607",3565,713,2852
"76608",3950,790,3160
"76609",7055,1411,5644
"76610",4270,854,3416
"76611",4845,969,3876
"76612",4810,962,3848
"76613",3410,682,2728
"76614",4445,889,3556
"76615",4475,895,3580
"76616",4040,808,3232
"76617",3700,740,2960
"76618",4305,861,3444
"76619",3435,687,2748
"76620",3535,707,2828
"76621",6090,1218,4872
"76622",4980,996,3984
"76623",4365,873,3492
"76624",4260,852,3408
"76625",4060,812,3248
"76626",6645,1329,5316
"76627",5395,1079,4316
"76628",4110,822,3288
"76629",4865,973,3892
"76630",4260,852,3408
"76631",4665,933,3732
"76632",4920,984,3936
"76633",4940,988,3952
"76634",3755,751,3004
"76635",4095,819,3276
"76636",4935,987,3948
"76637",4325,865,3460
"76638",6825,1365,5460
"76639",9345,1869,7476
"76640",4250,850,3400
"76641",4370,874,3496
"76642",4320,864,3456
"76643",6080,1216,4864
"76644",3605,721,2884
"76645",4825,965,3860
"76646",5635,1127,4508
"76647",4920,984,3936
"76648",3955,791,3164
"76649",3810,762,3048
"76650",3665,733,2932
"76651",6105,1221,4884
"76652",4785,957,3828
"76653",4785,957,3828
"76654",3780,756,3024
"76655",5395,1079,4316
"76656",5890,1178,4712
"76657",4365,873,3492
"76658",4940,988,3952
"76659",6675,1335,5340
"76660",4560,912,3648
"76661",4845,969,3876
"76662",5290,1058,4232
"76663",4075,815,3260
"76664",3675,735,2940
"76665",4100,820,3280
"76666",4195,839,3356
"76667",4660,932,3728
"76668",4940,988,3952
"76669",4935,987,3948
"76670",3445,689,2756
"76671",4040,808,3232
"76672",4780,956,3824
"76673",4255,851,3404
"76674",5925,1185,4740
"76675",3960,792,3168
"76676",3820,764,3056
"76677",5535,1107,4428
"76678",4320,864,3456
"76679",5065,1013,4052
"76680",4395,879,3516
"76681",4305,861,3444
"76682",4705,941,3764
"76683",3975,795,3180
"76684",4260,852,3408
"76685",3920,784,3136
"76686",4735,947,3788
"76687",4005,801,3204
"76688",5145,1029,4116
"76689",4925,985,3940
"76690",4430,886,3544
"76691",3890,778,3112
"76692",4845,969,3876
"76693",4950,990,3960
"76694",5100,1020,4080
"76695",4595,919,3676
"76696",4665,933,3732
"76697",3835,767,3068
"76698",5360,1072,4288
"76699",4675,935,3740
"76700",4305,861,3444
"76701",5305,1061,4244
"76702",5160,1032,4128
"76703",4115,823,3292
"76704",4800,960,3840
"76705",5555,1111,4444
"76706",5215,1043,4172
"76707",5345,1069,4276
"76708",4040,808,3232
"76709",5200,1040,4160
"76710",6390,1278,5112
"76711",4490,898,3592
"76712",4485,897,3588
"76713",5385,1077,4308
"76714",4065,813,3252
"76715",4370,874,3496
"76716",5635,1127,4508
"76717",4785,957,3828
"76718",4850,970,3880
"76719",5315,1063,4252
"76720",5310,1062,4248
"76721",5595,1119,4476
"76722",4505,901,3604
"76723",3765,753,3012
"76724",5825,1165,4660
"76725",6055,1211,4844
"76726",4190,838,3352
"76727",5050,1010,4040
"76728",4335,867,3468
"76729",4400,880,3520
"76730",3685,737,2948
"76731",3690,738,2952
"76732",4715,943,3772
"76733",4495,899,3596
"76734",4160,832,3328
"76735",3620,724,2896
"76736",4400,880,3520
"76737",4320,864,3456
"76738",5305,1061,4244
"76739",4595,919,3676
"76740",3800,760,3040
"76741",4825,965,3860
"76742",3945,789,3156
"76743",4370,874,3496
"76744",4540,908,3632
"76745",4360,872,3488
"76746",4105,821,3284
"76747",4895,979,3916
"76748",4585,917,3668
"76749",3955,791,3164
"76750",4005,801,3204
"76751",4210,842,3368
"76752",3640,728,2912
"76753",5590,1118,4472
"76754",4565,913,3652
"76755",3925,785,3140
"76756",4325,865,3460
"76757",3220,644,2576
"76758",4370,874,3496
"76759",4925,985,3940
"76760",4270,854,3416
"76761",5095,1019,4076
"76762",5480,1096,4384
"76763",5980,1196,4784
"76764",4200,840,3360
"76765",4495,899,3596
"76766",4260,852,3408
"76767",4270,854,3416
"76768",5265,1053,4212
"76769",6060,1212,4848
"76770",7505,1501,6004
"76771",11550,2310,9240
"76772",7440,1488,5952
"76773",3990,798,3192
"76774",5615,1123,4492
"76775",3865,773,3092
"76776",5705,1141,4564
"76777",4000,800,3200
"76778",4920,984,3936
"76779",6545,1309,5236
"76780",4230,846,3384
"76781",4570,914,3656
"76782",5950,1190,4760
"76783",4310,862,3448
"76784",4035,807,3228
"76785",6185,1237,4948
"76786",4060,812,3248
"76787",4470,894,3576
"76788",5060,1012,4048
"76789",4340,868,3472
"76790",4420,884,3536
"76791",5290,1058,4232
"76792",4095,819,3276
"76793",7760,1552,6208
"76794",3595,719,2876
"76795",4195,839,3356
"76796",4535,907,3628
"76797",5500,1100,4400
"76798",4760,952,3808
"76799",4555,911,3644
"76800",4040,808,3232
"76801",4090,818,3272
"76802",5510,1102,4408
"76803",4550,910,3640
"76804",3995,799,3196
"76805",4410,882,3528
"76806",5050,1010,4040
"76807",4575,915,3660
"76808",4170,834,3336
"76809",3790,758,3032
"76810",4350,870,3480
"76811",4975,995,3980
"76812",3915,783,3132
"76813",5120,1024,4096
"76814",4020,804,3216
"76815",3290,658,2632
"76816",4635,927,3708
"76817",3995,799,3196
"76818",3805,761,3044
"76819",4765,953,3812
"76820",8240,1648,6592
"76821",4560,912,3648
"76822",6020,1204,4816
"76823",4675,935,3740
"76824",5450,1090,4360
"76825",4040,808,3232
"76826",4680,936,3744
"76827",4490,898,3592
"76828",5625,1125,4500
"76829",3500,700,2800
"76830",5765,1153,4612
"76831",3390,678,2712
"76832",4615,923,3692
"76833",4910,982,3928
"76834",4070,814,3256
"76835",4800,960,3840
"76836",5355,1071,4284
"76837",5330,1066,4264
"76838",5085,1017,4068
"76839",4900,980,3920
"76840",3605,721,2884
"76841",4160,832,3328
"76842",6760,1352,5408
"76843",4890,978,3912
"76844",3855,771,3084
"76845",3725,745,2980
"76846",7215,1443,5772
"76847",5885,1177,4708
"76848",5045,1009,4036
"76849",4710,942,3768
"76850",4770,954,3816
"76851",4695,939,3756
"76852",5475,1095,4380
"76853",3585,717,2868
"76854",5055,1011,4044
"76855",4570,914,3656
"76856",4060,812,3248
"76857",4780,956,3824
"76858",5830,1166,4664
"76859",4170,834,3336
"76860",3770,754,3016
"76861",5965,1193,4772
"76862",4675,935,3740
"76863",4620,924,3696
"76864",3675,735,2940
"76865",4200,840,3360
"76866",5970,1194,4776
"76867",4895,979,3916
"76868",4150,830,3320
"76869",4260,852,3408
"76870",4250,850,3400
"76871",5495,1099,4396
"76872",5020,1004,4016
"76873",3970,794,3176
"76874",6195,1239,4956
"76875",4290,858,3432
"76876",5695,1139,4556
"76877",3880,776,3104
"76878",5205,1041,4164
"76879",3800,760,3040
"76880",3520,704,2816
"76881",7065,1413,5652
"76882",5370,1074,4296
"76883",3920,784,3136
"76884",4300,860,3440
"76885",4650,930,3720
"76886",5660,1132,4528
"76887",4530,906,3624
"76888",4255,851,3404
"76889",4185,837,3348
"76890",5485,1097,4388
"76891",4920,984,3936
"76892",4215,843,3372
"76893",4575,915,3660
"76894",3810,762,3048
"76895",3765,753,3012
"76896",4445,889,3556
"76897",5940,1188,4752
"76898",3845,769,3076
"76899",6340,1268,5072
"76900",5955,1191,4764
"76901",3500,700,2800
"76902",4120,824,3296
"76903",5605,1121,4484
"76904",6085,1217,4868
"76905",4910,982,3928
"76906",5525,1105,4420
"76907",3910,782,3128
"76908",3615,723,2892
"76909",4580,916,3664
"76910",4935,987,3948
"76911",4000,800,3200
"76912",4815,963,3852
"76913",3720,744,2976
"76914",3735,747,2988
"76915",5330,1066,4264
"76916",5640,1128,4512
"76917",4935,987,3948
"76918",5015,1003,4012
"76919",4395,879,3516
"76920",4875,975,3900
"76921",5100,1020,4080
"76922",4120,824,3296
"76923",3995,799,3196
"76924",4325,865,3460
"76925",3840,768,3072
"76926",4360,872,3488
"76927",3800,760,3040
"76928",5350,1070,4280
"76929",3725,745,2980
"76930",4350,870,3480
"76931",5220,1044,4176
"76932",4850,970,3880
"76933",4305,861,3444
"76934",3655,731,2924
"76935",5125,1025,4100
"76936",4520,904,3616
"76937",8255,1651,6604
"76938",4000,800,3200
"76939",4730,946,3784
"76940",5150,1030,4120
"76941",3685,737,2948
"76942",5430,1086,4344
"76943",3580,716,2864
"76944",5585,1117,4468
"76945",5190,1038,4152
"76946",4295,859,3436
"76947",4305,861,3444
"76948",5100,1020,4080
"76949",4180,836,3344
"76950",5420,1084,4336
"76951",5660,1132,4528
"76952",4575,915,3660
"76953",4915,983,3932
"76954",5880,1176,4704
"76955",4660,932,3728
"76956",5050,1010,4040
"76957",5040,1008,4032
"76958",5005,1001,4004
"76959",4990,998,3992
"76960",4645,929,3716
"76961",4515,903,3612
"76962",4100,820,3280
"76963",5480,1096,4384
"76964",4235,847,3388
"76965",5835,1167,4668
"76966",7340,1468,5872
"76967",11960,2392,9568
"76968",3800,760,3040
"76969",4410,882,3528
"76970",5890,1178,4712
"76971",4205,841,3364
"76972",6145,1229,4916
"76973",3975,795,3180
"76974",8700,1740,6960
"76975",5500,1100,4400
"76976",5850,1170,4680
"76977",5445,1089,4356
"76978",5670,1134,4536
"76979",3880,776,3104
"76980",4455,891,3564
"76981",4195,839,3356
"76982",3615,723,2892
"76983",4230,846,3384
"76984",3765,753,3012
"76985",6035,1207,4828
"76986",4100,820,3280
"76987",4585,917,3668
"76988",4125,825,3300
"76989",4290,858,3432
"76990",4525,905,3620
"76991",5920,1184,4736
"76992",3615,723,2892
"76993",6190,1238,4952
"76994",5135,1027,4108
"76995",4265,853,3412
"76996",5695,1139,4556
"76997",4165,833,3332
"76998",4605,921,3684
"76999",4330,866,3464
"77000",4195,839,3356
"77001",4655,931,3724
"77002",3980,796,3184
"77003",3405,681,2724
"77004",4820,964,3856
"77005",3890,778,3112
"77006",4975,995,3980
"77007",3840,768,3072
"77008",4575,915,3660
"77009",3580,716,2864
"77010",4785,957,3828
"77011",5410,1082,4328
"77012",4600,920,3680
"77013",4365,873,3492
"77014",5275,1055,4220
"77015",4440,888,3552
"77016",3845,769,3076
"77017",5595,1119,4476
"77018",5385,1077,4308
"77019",4075,815,3260
"77020",4420,884,3536
"77021",5000,1000,4000
"77022",5105,1021,4084
"77023",4800,960,3840
"77024",4020,804,3216
"77025",5150,1030,4120
"77026",4660,932,3728
"77027",4530,906,3624
"77028",3885,777,3108
"77029",6625,1325,5300
"77030",4490,898,3592
"77031",3915,783,3132
"77032",4785,957,3828
"77033",5040,1008,4032
"77034",3765,753,3012
"77035",4295,859,3436
"77036",3480,696,2784
"77037",4705,941,3764
"77038",7685,1537,6148
"77039",5635,1127,4508
"77040",4465,893,3572
"77041",4685,937,3748
"77042",4115,823,3292
"77043",4810,962,3848
"77044",6195,1239,4956
"77045",5040,1008,4032
"77046",4805,961,3844
"77047",4275,855,3420
"77048",3415,683,2732
"77049",4115,823,3292
"77050",4155,831,3324
"77051",4295,859,3436
"77052",3835,767,3068
"77053",4700,940,3760
"77054",4390,878,3512
"77055",5415,1083,4332
"77056",3165,633,2532
"77057",3880,776,3104
"77058",7810,1562,6248
"77059",4700,940,3760
"77060",5005,1001,4004
"77061",4115,823,3292
"77062",3385,677,2708
"77063",3650,730,2920
"77064",3570,714,2856
"77065",4390,878,3512
"77066",4355,871,3484
"77067",4675,935,3740
"77068",4665,933,3732
"77069",5965,1193,4772
"77070",4390,878,3512
"77071",3370,674,2696
"77072",5270,1054,4216
"77073",3805,761,3044
"77074",5120,1024,4096
"77075",4780,956,3824
"77076",4600,920,3680
"77077",4205,841,3364
"77078",4790,958,3832
"77079",4620,924,3696
"77080",4700,940,3760
"77081",3995,799,3196
"77082",4460,892,3568
"77083",4820,964,3856
"77084",4970,994,3976
"77085",5605,1121,4484
"77086",4150,830,3320
"77087",4840,968,3872
"77088",3395,679,2716
"77089",5305,1061,4244
"77090",4980,996,3984
"77091",4665,933,3732
"77092",4400,880,3520
"77093",6590,1318,5272
"77094",3835,767,3068
"77095",4500,900,3600
"77096",7920,1584,6336
"77097",4225,845,3380
"77098",4415,883,3532
"77099",3815,763,3052
"77100",5580,1116,4464
"77101",4090,818,3272
"77102",5150,1030,4120
"77103",4025,805,3220
"77104",5315,1063,4252
"77105",4270,854,3416
"77106",5670,1134,4536
"77107",4405,881,3524
"77108",4485,897,3588
"77109",4850,970,3880
"77110",4700,940,3760
"77111",4505,901,3604
"77112",4320,864,3456
"77113",4110,822,3288
"77114",5865,1173,4692
"77115",4445,889,3556
"77116",6265,1253,5012
"77117",4210,842,3368
"77118",4280,856,3424
"77119",5855,1171,4684
"77120",5525,1105,4420
"77121",3910,782,3128
"77122",3930,786,3144
"77123",6340,1268,5072
"77124",3275,655,2620
"77125",5455,1091,4364
"77126",5945,1189,4756
"77127",4025,805,3220
"77128",4540,908,3632
"77129",4570,914,3656
"77130",4425,885,3540
"77131",4990,998,3992
"77132",5165,1033,4132
"77133",4270,854,3416
"77134",3970,794,3176
"77135",4060,812,3248
"77136",5180,1036,4144
"77137",5500,1100,4400
"77138",4015,803,3212
"77139",4435,887,3548
"77140",4860,972,3888
"77141",6480,1296,5184
"77142",4060,812,3248
"77143",3850,770,3080
"77144",3645,729,2916
"77145",4430,886,3544
"77146",4855,971,3884
"77147",4475,895,3580
"77148",4665,933,3732
"77149",5505,1101,4404
"77150",5800,1160,4640
"77151",4080,816,3264
"77152",4635,927,3708
"77153",4635,927,3708
"77154",5470,1094,4376
"77155",4625,925,3700
"77156",4290,858,3432
"77157",5800,1160,4640
"77158",5545,1109,4436
"77159",4350,870,3480
"77160",4380,876,3504
"77161",4700,940,3760
"77162",3480,696,2784
"77163",5170,1034,4136
"77164",5060,1012,4048
"77165",4700,940,3760
"77166",4730,946,3784
"77167",4260,852,3408
"77168",6815,1363,5452
"77169",3950,790,3160
"77170",3840,768,3072
"77171",4570,914,3656
"77172",4640,928,3712
"77173",3915,783,3132
"77174",3695,739,2956
"77175",5635,1127,4508
"77176",4355,871,3484
"77177",4555,911,3644
"77178",4985,997,3988
"77179",3945,789,3156
"77180",4435,887,3548
"77181",4460,892,3568
"77182",4110,822,3288
"77183",4345,869,3476
"77184",5420,1084,4336
"77185",3925,785,3140
"77186",4750,950,3800
"77187",4890,978,3912
"77188",5030,1006,4024
"77189",3700,740,2960
"77190",4675,935,3740
"77191",3625,725,2900
"77192",3090,618,2472
"77193",5040,1008,4032
"77194",4620,924,3696
"77195",4585,917,3668
"77196",4465,893,3572
"77197",4815,963,3852
"77198",4400,880,3520
"77199",5135,1027,4108
"77200",5165,1033,4132
"77201",5080,1016,4064
"77202",5890,1178,4712
"77203",7120,1424,5696
"77204",4305,861,3444
"77205",3430,686,2744
"77206",5905,1181,4724
"77207",3340,668,2672
"77208",3850,770,3080
"77209",3420,684,2736
"77210",5595,1119,4476
"77211",3445,689,2756
"77212",7270,1454,5816
"77213",4980,996,3984
"77214",6730,1346,5384
"77215",5270,1054,4216
"77216",4535,907,3628
"77217",4575,915,3660
"77218",5310,1062,4248
"77219",4870,974,3896
"77220",4215,843,3372
"77221",4190,838,3352
"77222",4680,936,3744
"77223",4670,934,3736
"77224",4960,992,3968
"77225",5115,1023,4092
"77226",4170,834,3336
"77227",4100,820,3280
"77228",5875,1175,4700
"77229",6040,1208,4832
"77230",4800,960,3840
"77231",4390,878,3512
"77232",4565,913,3652
"77233",3900,780,3120
"77234",4045,809,3236
"77235",5630,1126,4504
"77236",5635,1127,4508
"77237",4735,947,3788
"77238",4955,991,3964
"77239",4490,898,3592
"77240",4710,942,3768
"77241",3650,730,2920
"77242",5415,1083,4332
"77243",5100,1020,4080
"77244",4885,977,3908
"77245",4185,837,3348
"77246",4915,983,3932
"77247",5860,1172,4688
"77248",5050,1010,4040
"77249",4530,906,3624
"77250",4925,985,3940
"77251",5620,1124,4496
"77252",4855,971,3884
"77253",5075,1015,4060
"77254",5485,1097,4388
"77255",5200,1040,4160
"77256",4505,901,3604
"77257",4215,843,3372
"77258",4515,903,3612
"77259",4005,801,3204
"77260",3670,734,2936
"77261",6030,1206,4824
"77262",5785,1157,4628
"77263",4945,989,3956
"77264",3455,691,2764
"77265",4340,868,3472
"77266",4345,869,3476
"77267",5270,1054,4216
"77268",4920,984,3936
"77269",4565,913,3652
"77270",5050,1010,4040
"77271",4515,903,3612
"77272",6880,1376,5504
"77273",5625,1125,4500
"77274",5590,1118,4472
"77275",5330,1066,4264
"77276",4270,854,3416
"77277",4235,847,3388
"77278",6025,1205,4820
"77279",6290,1258,5032
"77280",6220,1244,4976
"77281",4215,843,3372
"77282",4150,830,3320
"77283",4315,863,3452
"77284",4515,903,3612
"77285",4710,942,3768
"77286",6650,1330,5320
"77287",3950,790,3160
"77288",3930,786,3144
"77289",4795,959,3836
"77290",5350,1070,4280
"77291",4930,986,3944
"77292",4790,958,3832
"77293",4780,956,3824
"77294",5135,1027,4108
"77295",5225,1045,4180
"77296",4365,873,3492
"77297",4505,901,3604
"77298",5770,1154,4616
"77299",5430,1086,4344
"77300",3790,758,3032
"77301",4740,948,3792
"77302",4900,980,3920
"77303",4610,922,3688
"77304",4875,975,3900
"77305",3535,707,2828
"77306",3980,796,3184
"77307",4425,885,3540
"77308",4590,918,3672
"77309",4080,816,3264
"77310",4475,895,3580
"77311",5020,1004,4016
"77312",3410,682,2728
"77313",4055,811,3244
"77314",5900,1180,4720
"77315",4145,829,3316
"77316",4410,882,3528
"77317",4640,928,3712
"77318",5450,1090,4360
"77319",3840,768,3072
"77320",4050,810,3240
"77321",4410,882,3528
"77322",4775,955,3820
"77323",6435,1287,5148
"77324",4595,919,3676
"77325",5810,1162,4648
"77326",4300,860,3440
"77327",5015,1003,4012
"77328",3790,758,3032
"77329",4185,837,3348
"77330",4155,831,3324
"77331",4330,866,3464
"77332",3975,795,3180
"77333",5635,1127,4508
"77334",4520,904,3616
"77335",5155,1031,4124
"77336",4035,807,3228
"77337",4205,841,3364
"77338",7440,1488,5952
"77339",5555,1111,4444
"77340",4530,906,3624
"77341",4545,909,3636
"77342",5350,1070,4280
"77343",4545,909,3636
"77344",4860,972,3888
"77345",6040,1208,4832
"77346",4530,906,3624
"77347",4365,873,3492
"77348",4275,855,3420
"77349",3745,749,2996
"77350",4850,970,3880
"77351",4495,899,3596
"77352",6055,1211,4844
"77353",4715,943,3772
"77354",4815,963,3852
"77355",4845,969,3876
"77356",4290,858,3432
"77357",4950,990,3960
"77358",5355,1071,4284
"77359",4840,968,3872
"77360",4155,831,3324
"77361",4440,888,3552
"77362",4555,911,3644
"77363",6625,1325,5300
"77364",3195,639,2556
"77365",4100,820,3280
"77366",5740,1148,4592
"77367",4670,934,3736
"77368",4525,905,3620
"77369",5390,1078,4312
"77370",4965,993,3972
"77371",6290,1258,5032
"77372",4025,805,3220
"77373",4140,828,3312
"77374",4925,985,3940
"77375",4975,995,3980
"77376",3920,784,3136
"77377",3925,785,3140
"77378",5640,1128,4512
"77379",4370,874,3496
"77380",3700,740,2960
"77381",3495,699,2796
"77382",4280,856,3424
"77383",4065,813,3252
"77384",4035,807,3228
"77385",5540,1108,4432
"77386",5880,1176,4704
"77387",3575,715,2860
"77388",5440,1088,4352
"77389",4565,913,3652
"77390",4525,905,3620
"77391",4325,865,3460
"77392",4815,963,3852
"77393",3820,764,3056
"77394",5030,1006,4024
"77395",4120,824,3296
"77396",3765,753,3012
"77397",4145,829,3316
"77398",4335,867,3468
"77399",4820,964,3856
"77400",3840,768,3072
"77401",5025,1005,4020
"77402",5185,1037,4148
"77403",4100,820,3280
"77404",6695,1339,5356
"77405",5225,1045,4180
"77406",4905,981,3924
"77407",6580,1316,5264
"77408",4485,897,3588
"77409",4245,849,3396
"77410",4110,822,3288
"77411",4645,929,3716
"77412",6460,1292,5168
"77413",6075,1215,4860
"77414",3810,762,3048
"77415",4575,915,3660
"77416",5395,1079,4316
"77417",3880,776,3104
"77418",4635,927,3708
"77419",5075,1015,4060
"77420",3860,772,3088
"77421",4930,986,3944
"77422",3200,640,2560
"77423",5155,1031,4124
"77424",3575,715,2860
"77425",5275,1055,4220
"77426",3655,731,2924
"77427",5225,1045,4180
"77428",5060,1012,4048
"77429",5185,1037,4148
"77430",3600,720,2880
"77431",5010,1002,4008
"77432",4405,881,3524
"77433",4660,932,3728
"77434",8140,1628,6512
"77435",5770,1154,4616
"77436",4475,895,3580
"77437",3560,712,2848
"77438",3550,710,2840
"77439",7155,1431,5724
"77440",3390,678,2712
"77441",5655,1131,4524
"77442",5560,1112,4448
"77443",4960,992,3968
"77444",5310,1062,4248
"77445",5050,1010,4040
"77446",4345,869,3476
"77447",4525,905,3620
"77448",4295,859,3436
"77449",5265,1053,4212
"77450",3915,783,3132
"77451",4740,948,3792
"77452",4305,861,3444
"77453",5190,1038,4152
"77454",4440,888,3552
"77455",4895,979,3916
"77456",4350,870,3480
"77457",4935,987,3948
"77458",4400,880,3520
"77459",4830,966,3864
"77460",6030,1206,4824
"77461",4485,897,3588
"77462",3810,762,3048
"77463",6030,1206,4824
"77464",4830,966,3864
"77465",4600,920,3680
"77466",4250,850,3400
"77467",3475,695,2780
"77468",5270,1054,4216
"77469",4755,951,3804
"77470",4205,841,3364
"77471",5845,1169,4676
"77472",6350,1270,5080
"77473",5690,1138,4552
"77474",5255,1051,4204
"77475",4360,872,3488
"77476",5295,1059,4236
"77477",5200,1040,4160
"77478",4770,954,3816
"77479",6100,1220,4880
"77480",6725,1345,5380
"77481",5780,1156,4624
"77482",5250,1050,4200
"77483",4550,910,3640
"77484",5730,1146,4584
"77485",4470,894,3576
"77486",4490,898,3592
"77487",4785,957,3828
"77488",4065,813,3252
"77489",4390,878,3512
"77490",6025,1205,4820
"77491",5190,1038,4152
"77492",5115,1023,4092
"77493",3950,790,3160
"77494",4625,925,3700
"77495",4210,842,3368
"77496",3620,724,2896
"77497",4600,920,3680
"77498",5205,1041,4164
"77499",4610,922,3688
"77500",3950,790,3160
"77501",4990,998,3992
"77502",3930,786,3144
"77503",5125,1025,4100
"77504",4940,988,3952
"77505",5195,1039,4156
"77506",6420,1284,5136
"77507",5255,1051,4204
"77508",5580,1116,4464
"77509",4715,943,3772
"77510",3890,778,3112
"77511",4595,919,3676
"77512",4490,898,3592
"77513",5425,1085,4340
"77514",4150,830,3320
"77515",5855,1171,4684
"77516",4210,842,3368
"77517",4780,956,3824
"77518",4255,851,3404
"77519",3865,773,3092
"77520",6600,1320,5280
"77521",5715,1143,4572
"77522",5140,1028,4112
"77523",6020,1204,4816
"77524",4410,882,3528
"77525",5585,1117,4468
"77526",5435,1087,4348
"77527",5140,1028,4112
"77528",4340,868,3472
"77529",4295,859,3436
"77530",4185,837,3348
"77531",3625,725,2900
"77532",6470,1294,5176
"77533",5475,1095,4380
"77534",3635,727,2908
"77535",3755,751,3004
"77536",4290,858,3432
"77537",3815,763,3052
"77538",5190,1038,4152
"77539",4525,905,3620
"77540",4850,970,3880
"77541",4915,983,3932
"77542",5720,1144,4576
"77543",4310,862,3448
"77544",4750,950,3800
"77545",4790,958,3832
"77546",5335,1067,4268
"77547",4810,962,3848
"77548",4220,844,3376
"77549",4105,821,3284
"77550",4215,843,3372
"77551",4715,943,3772
"77552",4065,813,3252
"77553",5340,1068,4272
"77554",5185,1037,4148
"77555",7270,1454,5816
"77556",4505,901,3604
"77557",5140,1028,4112
"77558",4810,962,3848
"77559",4555,911,3644
"77560",4500,900,3600
"77561",6325,1265,5060
"77562",4190,838,3352
"77563",5625,1125,4500
"77564",3965,793,3172
"77565",3485,697,2788
"77566",5695,1139,4556
"77567",5180,1036,4144
"77568",4220,844,3376
"77569",4420,884,3536
"77570",6260,1252,5008
"77571",5285,1057,4228
"77572",4585,917,3668
"77573",5300,1060,4240
"77574",4175,835,3340
"77575",4775,955,3820
"77576",3920,784,3136
"77577",4715,943,3772
"77578",3950,790,3160
"77579",4875,975,3900
"77580",4265,853,3412
"77581",4365,873,3492
"77582",4150,830,3320
"77583",4795,959,3836
"77584",3975,795,3180
"77585",4805,961,3844
"77586",6465,1293,5172
"77587",4325,865,3460
"77588",5125,1025,4100
"77589",3585,717,2868
"77590",6425,1285,5140
"77591",3470,694,2776
"77592",4290,858,3432
"77593",4170,834,3336
"77594",4740,948,3792
"77595",6935,1387,5548
"77596",4830,966,3864
"77597",4230,846,3384
"77598",4865,973,3892
"77599",6060,1212,4848
"77600",6540,1308,5232
"77601",4140,828,3312
"77602",5110,1022,4088
"77603",4265,853,3412
"77604",4070,814,3256
"77605",4515,903,3612
"77606",4225,845,3380
"77607",6505,1301,5204
"77608",4570,914,3656
"77609",4105,821,3284
"77610",7260,1452,5808
"77611",5150,1030,4120
"77612",5155,1031,4124
"77613",5420,1084,4336
"77614",4790,958,3832
"77615",6045,1209,4836
"77616",6100,1220,4880
"77617",3805,761,3044
"77618",4115,823,3292
"77619",4690,938,3752
"77620",4350,870,3480
"77621",6920,1384,5536
"77622",4895,979,3916
"77623",4375,875,3500
"77624",4005,801,3204
"77625",4635,927,3708
"77626",5385,1077,4308
"77627",3940,788,3152
"77628",4005,801,3204
"77629",4485,897,3588
"77630",5040,1008,4032
"77631",4425,885,3540
"77632",4765,953,3812
"77633",3925,785,3140
"77634",4115,823,3292
"77635",5385,1077,4308
"77636",4645,929,3716
"77637",4150,830,3320
"77638",5685,1137,4548
"77639",4660,932,3728
"77640",4995,999,3996
"77641",4725,945,3780
"77642",5120,1024,4096
"77643",4195,839,3356
"77644",4965,993,3972
"77645",3890,778,3112
"77646",3965,793,3172
"77647",4560,912,3648
"77648",5185,1037,4148
"77649",4130,826,3304
"77650",4960,992,3968
"77651",3860,772,3088
"77652",4605,921,3684
"77653",5220,1044,4176
"77654",5035,1007,4028
"77655",4635,927,3708
"77656",3330,666,2664
"77657",4885,977,3908
"77658",5210,1042,4168
"77659",7910,1582,6328
"77660",4930,986,3944
"77661",6790,1358,5432
"77662",5245,1049,4196
"77663",4820,964,3856
"77664",4230,846,3384
"77665",5485,1097,4388
"77666",3855,771,3084
"77667",6730,1346,5384
"77668",4325,865,3460
"77669",4665,933,3732
"77670",6030,1206,4824
"77671",5445,1089,4356
"77672",4270,854,3416
"77673",5000,1000,4000
"77674",4530,906,3624
"77675",4025,805,3220
"77676",4415,883,3532
"77677",4625,925,3700
"77678",3165,633,2532
"77679",5485,1097,4388
"77680",5495,1099,4396
"77681",4920,984,3936
"77682",5605,1121,4484
"77683",4685,937,3748
"77684",4060,812,3248
"77685",5305,1061,4244
"77686",5730,1146,4584
"77687",4480,896,3584
"77688",4190,838,3352
"77689",4930,986,3944
"77690",3750,750,3000
"77691",3460,692,2768
"77692",4505,901,3604
"77693",5185,1037,4148
"77694",4475,895,3580
"77695",6670,1334,5336
"77696",5505,1101,4404
"77697",5110,1022,4088
"77698",4600,920,3680
"77699",5575,1115,4460
"77700",5130,1026,4104
"77701",4770,954,3816
"77702",4755,951,3804
"77703",4320,864,3456
"77704",5935,1187,4748
"77705",4975,995,3980
"77706",4270,854,3416
"77707",4265,853,3412
"77708",6300,1260,5040
"77709",4460,892,3568
"77710",4215,843,3372
"77711",5255,1051,4204
"77712",5055,1011,4044
"77713",4595,919,3676
"77714",4275,855,3420
"77715",5015,1003,4012
"77716",4430,886,3544
"77717",3825,765,3060
"77718",4560,912,3648
"77719",5100,1020,4080
"77720",5985,1197,4788
"77721",4360,872,3488
"77722",4985,997,3988
"77723",6310,1262,5048
"77724",3990,798,3192
"77725",4570,914,3656
"77726",4610,922,3688
"77727",3190,638,2552
"77728",7810,1562,6248
"77729",6020,1204,4816
"77730",4350,870,3480
"77731",5215,1043,4172
"77732",4025,805,3220
"77733",4235,847,3388
"77734",4705,941,3764
"77735",5380,1076,4304
"77736",5080,1016,4064
"77737",4625,925,3700
"77738",4040,808,3232
"77739",4665,933,3732
"77740",4245,849,3396
"77741",4035,807,3228
"77742",5045,1009,4036
"77743",4570,914,3656
"77744",5115,1023,4092
"77745",3930,786,3144
"77746",4585,917,3668
"77747",5215,1043,4172
"77748",4985,997,3988
"77749",3560,712,2848
"77750",5140,1028,4112
"77751",5975,1195,4780
"77752",3880,776,3104
"77753",4275,855,3420
"77754",5365,1073,4292
"77755",4045,809,3236
"77756",3715,743,2972
"77757",4780,956,3824
"77758",4770,954,3816
"77759",5290,1058,4232
"77760",5015,1003,4012
"77761",3875,775,3100
"77762",4670,934,3736
"77763",4465,893,3572
"77764",4925,985,3940
"77765",4540,908,3632
"77766",3500,700,2800
"77767",4005,801,3204
"77768",5215,1043,4172
"77769",4915,983,3932
"77770",4430,886,3544
"77771",5880,1176,4704
"77772",4415,883,3532
"77773",5330,1066,4264
"77774",5915,1183,4732
"77775",4520,904,3616
"77776",4460,892,3568
"77777",4295,859,3436
"77778",4325,865,3460
"77779",4190,838,3352
"77780",4490,898,3592
"77781",4425,885,3540
"77782",4565,913,3652
"77783",3895,779,3116
"77784",5470,1094,4376
"77785",3755,751,3004
"77786",3590,718,2872
"77787",4200,840,3360
"77788",3265,653,2612
"77789",8320,1664,6656
"77790",4645,929,3716
"77791",5230,1046,4184
"77792",4395,879,3516
"77793",4400,880,3520
"77794",5145,1029,4116
"77795",5945,1189,4756
"77796",6255,1251,5004
"77797",5935,1187,4748
"77798",5550,1110,4440
"77799",3955,791,3164
"77800",6010,1202,4808
"77801",3940,788,3152
"77802",4555,911,3644
"77803",4805,961,3844
"77804",5845,1169,4676
"77805",5290,1058,4232
"77806",4520,904,3616
"77807",4205,841,3364
"77808",4195,839,3356
"77809",4335,867,3468
"77810",5325,1065,4260
"77811",4665,933,3732
"77812",5130,1026,4104
"77813",3575,715,2860
"77814",4415,883,3532
"77815",4485,897,3588
"77816",4235,847,3388
"77817",4895,979,3916
"77818",4565,913,3652
"77819",4590,918,3672
"77820",5005,1001,4004
"77821",4600,920,3680
"77822",4135,827,3308
"77823",3655,731,2924
"77824",4725,945,3780
"77825",4945,989,3956
"77826",8775,1755,7020
"77827",4525,905,3620
"77828",4285,857,3428
"77829",3725,745,2980
"77830",4660,932,3728
"77831",5020,1004,4016
"77832",4165,833,3332
"77833",4550,910,3640
"77834",6785,1357,5428
"77835",7600,1520,6080
"77836",6170,1234,4936
"77837",4050,810,3240
"77838",4690,938,3752
"77839",4115,823,3292
"77840",4395,879,3516
"77841",4210,842,3368
"77842",4255,851,3404
"77843",4295,859,3436
"77844",5975,1195,4780
"77845",4885,977,3908
"77846",4575,915,3660
"77847",5940,1188,4752
"77848",4915,983,3932
"77849",6165,1233,4932
"77850",4645,929,3716
"77851",4135,827,3308
"77852",4660,932,3728
"77853",3630,726,2904
"77854",5220,1044,4176
"77855",4370,874,3496
"77856",4830,966,3864
"77857",5190,1038,4152
"77858",4790,958,3832
"77859",4415,883,3532
"77860",5980,1196,4784
"77861",4585,917,3668
"77862",4480,896,3584
"77863",4320,864,3456
"77864",5185,1037,4148
"77865",5295,1059,4236
"77866",4245,849,3396
"77867",3850,770,3080
"77868",5130,1026,4104
"77869",4380,876,3504
"77870",4630,926,3704
"77871",4280,856,3424
"77872",4220,844,3376
"77873",5020,1004,4016
"77874",4680,936,3744
"77875",4415,883,3532
"77876",4885,977,3908
"77877",3470,694,2776
"77878",5165,1033,4132
"77879",5930,1186,4744
"77880",7715,1543,6172
"77881",4565,913,3652
"77882",4300,860,3440
"77883",4635,927,3708
"77884",4165,833,3332
"77885",7475,1495,5980
"77886",6345,1269,5076
"77887",4140,828,3312
"77888",4390,878,3512
"77889",5980,1196,4784
"77890",5095,1019,4076
"77891",4430,886,3544
"77892",5895,1179,4716
"77893",4585,917,3668
"77894",5280,1056,4224
"77895",5075,1015,4060
"77896",5245,1049,4196
"77897",4085,817,3268
"77898",5210,1042,4168
"77899",4215,843,3372
"77900",4710,942,3768
"77901",6760,1352,5408
"77902",3785,757,3028
"77903",4050,810,3240
"77904",5130,1026,4104
"77905",5920,1184,4736
"77906",4395,879,3516
"77907",4570,914,3656
"77908",4045,809,3236
"77909",4690,938,3752
"77910",5570,1114,4456
"77911",4765,953,3812
"77912",4425,885,3540
"77913",3440,688,2752
"77914",5315,1063,4252
"77915",3895,779,3116
"77916",5440,1088,4352
"77917",4530,906,3624
"77918",4090,818,3272
"77919",3650,730,2920
"77920",6135,1227,4908
"77921",4975,995,3980
"77922",4025,805,3220
"77923",4600,920,3680
"77924",4600,920,3680
"77925",3450,690,2760
"77926",4230,846,3384
"77927",6245,1249,4996
"77928",5735,1147,4588
"77929",4310,862,3448
"77930",4230,846,3384
"77931",4605,921,3684
"77932",3950,790,3160
"77933",6260,1252,5008
"77934",3985,797,3188
"77935",4535,907,3628
"77936",5325,1065,4260
"77937",4180,836,3344
"77938",4610,922,3688
"77939",4495,899,3596
"77940",4975,995,3980
"77941",3800,760,3040
"77942",5925,1185,4740
"77943",4415,883,3532
"77944",5250,1050,4200
"77945",3690,738,2952
"77946",5685,1137,4548
"77947",4505,901,3604
"77948",3855,771,3084
"77949",3765,753,3012
"77950",5795,1159,4636
"77951",4260,852,3408
"77952",3780,756,3024
"77953",4650,930,3720
"77954",5615,1123,4492
"77955",6105,1221,4884
"77956",4610,922,3688
"77957",4795,959,3836
"77958",4195,839,3356
"77959",4845,969,3876
"77960",6345,1269,5076
"77961",3960,792,3168
"77962",3645,729,2916
"77963",4970,994,3976
"77964",4595,919,3676
"77965",3955,791,3164
"77966",4820,964,3856
"77967",4305,861,3444
"77968",5140,1028,4112
"77969",4195,839,3356
"77970",5710,1142,4568
"77971",4010,802,3208
"77972",4530,906,3624
"77973",4890,978,3912
"77974",4525,905,3620
"77975",5150,1030,4120
"77976",5675,1135,4540
"77977",4570,914,3656
"77978",3895,779,3116
"77979",4295,859,3436
"77980",4955,991,3964
"77981",3625,725,2900
"77982",5625,1125,4500
"77983",6235,1247,4988
"77984",3305,661,2644
"77985",4545,909,3636
"77986",5315,1063,4252
"77987",5740,1148,4592
"77988",4295,859,3436
"77989",5745,1149,4596
"77990",5600,1120,4480
"77991",4920,984,3936
"77992",5415,1083,4332
"77993",4470,894,3576
"77994",5105,1021,4084
"77995",4915,983,3932
"77996",4210,842,3368
"77997",4790,958,3832
"77998",5235,1047,4188
"77999",4230,846,3384
"78000",4505,901,3604
"78001",4150,830,3320
"78002",5680,1136,4544
"78003",3860,772,3088
"78004",3755,751,3004
"78005",3080,616,2464
"78006",6055,1211,4844
"78007",5145,1029,4116
"78008",4335,867,3468
"78009",4695,939,3756
"78010",4780,956,3824
"78011",5120,1024,4096
"78012",4035,807,3228
"78013",5515,1103,4412
"78014",5535,1107,4428
"78015",3955,791,3164
"78016",4220,844,3376
"78017",7870,1574,6296
"78018",5045,1009,4036
"78019",5380,1076,4304
"78020",4270,854,3416
"78021",4580,916,3664
"78022",4165,833,3332
"78023",3655,731,2924
"78024",5565,1113,4452
"78025",5125,1025,4100
"78026",4435,887,3548
"78027",5245,1049,4196
"78028",4025,805,3220
"78029",5430,1086,4344
"78030",4280,856,3424
"78031",4215,843,3372
"78032",5605,1121,4484
"78033",5245,1049,4196
"78034",4800,960,3840
"78035",3465,693,2772
"78036",4260,852,3408
"78037",5205,1041,4164
"78038",4350,870,3480
"78039",4585,917,3668
"78040",4585,917,3668
"78041",4615,923,3692
"78042",4780,956,3824
"78043",4575,915,3660
"78044",4485,897,3588
"78045",4605,921,3684
"78046",5105,1021,4084
"78047",5015,1003,4012
"78048",5385,1077,4308
"78049",4570,914,3656
"78050",3820,764,3056
"78051",4530,906,3624
"78052",5185,1037,4148
"78053",4480,896,3584
"78054",4635,927,3708
"78055",3700,740,2960
"78056",5755,1151,4604
"78057",5850,1170,4680
"78058",3295,659,2636
"78059",5490,1098,4392
"78060",5380,1076,4304
"78061",5125,1025,4100
"78062",5370,1074,4296
"78063",4900,980,3920
"78064",6340,1268,5072
"78065",5940,1188,4752
"78066",4915,983,3932
"78067",4230,846,3384
"78068",4915,983,3932
"78069",4380,876,3504
"78070",4505,901,3604
"78071",4565,913,3652
"78072",5530,1106,4424
"78073",3900,780,3120
"78074",4275,855,3420
"78075",4255,851,3404
"78076",5095,1019,4076
"78077",5580,1116,4464
"78078",4440,888,3552
"78079",3960,792,3168
"78080",5125,1025,4100
"78081",3695,739,2956
"78082",4205,841,3364
"78083",4820,964,3856
"78084",5695,1139,4556
"78085",6455,1291,5164
"78086",4050,810,3240
"78087",4685,937,3748
"78088",7360,1472,5888
"78089",4210,842,3368
"78090",4760,952,3808
"78091",4085,817,3268
"78092",4365,873,3492
"78093",4140,828,3312
"78094",3525,705,2820
"78095",3910,782,3128
"78096",3555,711,2844
"78097",4010,802,3208
"78098",5220,1044,4176
"78099",5030,1006,4024
"78100",4815,963,3852
"78101",4910,982,3928
"78102",4670,934,3736
"78103",4180,836,3344
"78104",3380,676,2704
"78105",4900,980,3920
"78106",4275,855,3420
"78107",4850,970,3880
"78108",5460,1092,4368
"78109",4785,957,3828
"78110",5100,1020,4080
"78111",4980,996,3984
"78112",4060,812,3248
"78113",5480,1096,4384
"78114",3800,760,3040
"78115",5360,1072,4288
"78116",4560,912,3648
"78117",6280,1256,5024
"78118",4105,821,3284
"78119",4715,943,3772
"78120",3205,641,2564
"78121",5750,1150,4600
"78122",5470,1094,4376
"78123",5700,1140,4560
"78124",4405,881,3524
"78125",4195,839,3356
"78126",5360,1072,4288
"78127",4745,949,3796
"78128",4495,899,3596
"78129",4425,885,3540
"78130",4070,814,3256
"78131",4825,965,3860
"78132",7245,1449,5796
"78133",3840,768,3072
"78134",4585,917,3668
"78135",3995,799,3196
"78136",4800,960,3840
"78137",5265,1053,4212
"78138",4030,806,3224
"78139",4185,837,3348
"78140",6270,1254,5016
"78141",3630,726,2904
"78142",5325,1065,4260
"78143",3645,729,2916
"78144",7060,1412,5648
"78145",5225,1045,4180
"78146",4055,811,3244
"78147",5840,1168,4672
"78148",5635,1127,4508
"78149",4735,947,3788
"78150",4450,890,3560
"78151",5330,1066,4264
"78152",4590,918,3672
"78153",3730,746,2984
"78154",5630,1126,4504
"78155",4640,928,3712
"78156",6420,1284,5136
"78157",6445,1289,5156
"78158",4845,969,3876
"78159",5330,1066,4264
"78160",4835,967,3868
"78161",4080,816,3264
"78162",6065,1213,4852
"78163",4215,843,3372
"78164",4395,879,3516
"78165",5735,1147,4588
"78166",4515,903,3612
"78167",7980,1596,6384
"78168",4700,940,3760
"78169",5075,1015,4060
"78170",4600,920,3680
"78171",4505,901,3604
"78172",4490,898,3592
"78173",3995,799,3196
"78174",4155,831,3324
"78175",7180,1436,5744
"78176",4200,840,3360
"78177",5410,1082,4328
"78178",5030,1006,4024
"78179",3860,772,3088
"78180",4530,906,3624
"78181",4145,829,3316
"78182",5810,1162,4648
"78183",4575,915,3660
"78184",6065,1213,4852
"78185",4140,828,3312
"78186",4595,919,3676
"78187",4870,974,3896
"78188",4020,804,3216
"78189",3505,701,2804
"78190",4390,878,3512
"78191",3925,785,3140
"78192",5000,1000,4000
"78193",5260,1052,4208
"78194",4660,932,3728
"78195",7075,1415,5660
"78196",6120,1224,4896
"78197",5535,1107,4428
"78198",4940,988,3952
"78199",4335,867,3468
"78200",4700,940,3760
"78201",3495,699,2796
"78202",3795,759,3036
"78203",4050,810,3240
"78204",4340,868,3472
"78205",5055,1011,4044
"78206",4840,968,3872
"78207",4220,844,3376
"78208",4735,947,3788
"78209",4070,814,3256
"78210",4410,882,3528
"78211",4095,819,3276
"78212",4175,835,3340
"78213",4370,874,3496
"78214",5500,1100,4400
"78215",4140,828,3312
"78216",5570,1114,4456
"78217",5160,1032,4128
"78218",4090,818,3272
"78219",4110,822,3288
"78220",4620,924,3696
"78221",4090,818,3272
"78222",8125,1625,6500
"78223",3775,755,3020
"78224",4125,825,3300
"78225",4125,825,3300
"78226",4200,840,3360
"78227",4365,873,3492
"78228",3725,745,2980
"78229",4785,957,3828
"78230",5480,1096,4384
"78231",6080,1216,4864
"78232",4715,943,3772
"78233",3740,748,2992
"78234",3965,793,3172
"78235",5120,1024,4096
"78236",3665,733,2932
"78237",4310,862,3448
"78238",4455,891,3564
"78239",4650,930,3720
"78240",5025,1005,4020
"78241",3745,749,2996
"78242",4460,892,3568
"78243",6425,1285,5140
"78244",5830,1166,4664
"78245",4950,990,3960
"78246",4400,880,3520
"78247",4955,991,3964
"78248",6185,1237,4948
"78249",5805,1161,4644
"78250",4020,804,3216
"78251",3860,772,3088
"78252",4565,913,3652
"78253",5700,1140,4560
"78254",5435,1087,4348
"78255",4080,816,3264
"78256",4560,912,3648
"78257",3855,771,3084
"78258",4745,949,3796
"78259",4070,814,3256
"78260",3305,661,2644
"78261",6135,1227,4908
"78262",4445,889,3556
"78263",4625,925,3700
"78264",4205,841,3364
"78265",5255,1051,4204
"78266",5590,1118,4472
"78267",5635,1127,4508
"78268",4445,889,3556
"78269",3960,792,3168
"78270",4210,842,3368
"78271",4570,914,3656
"78272",4970,994,3976
"78273",5550,1110,4440
"78274",5725,1145,4580
"78275",4645,929,3716
"78276",3555,711,2844
"78277",4655,931,3724
"78278",3975,795,3180
"78279",4775,955,3820
"78280",5535,1107,4428
"78281",4565,913,3652
"78282",3730,746,2984
"78283",4510,902,3608
"78284",4690,938,3752
"78285",6690,1338,5352
"78286",5280,1056,4224
"78287",5180,1036,4144
"78288",5650,1130,4520
"78289",3710,742,2968
"78290",4775,955,3820
"78291",3960,792,3168
"78292",4510,902,3608
"78293",4060,812,3248
"78294",4920,984,3936
"78295",3715,743,2972
"78296",5955,1191,4764
"78297",4805,961,3844
"78298",4845,969,3876
"78299",3880,776,3104
"78300",6305,1261,5044
"78301",4700,940,3760
"78302",3495,699,2796
"78303",4620,924,3696
"78304",3895,779,3116
"78305",6250,1250,5000
"78306",3585,717,2868
"78307",5515,1103,4412
"78308",4770,954,3816
"78309",4610,922,3688
"78310",4340,868,3472
"78311",5820,1164,4656
"78312",4095,819,3276
"78313",5635,1127,4508
"78314",4805,961,3844
"78315",4670,934,3736
"78316",3885,777,3108
"78317",4320,864,3456
"78318",6240,1248,4992
"78319",3600,720,2880
"78320",3905,781,3124
"78321",4815,963,3852
"78322",4310,862,3448
"78323",5210,1042,4168
"78324",4145,829,3316
"78325",7025,1405,5620
"78326",4575,915,3660
"78327",5985,1197,4788
"78328",3825,765,3060
"78329",4320,864,3456
"78330",5525,1105,4420
"78331",3755,751,3004
"78332",5970,1194,4776
"78333",7945,1589,6356
"78334",4685,937,3748
"78335",5430,1086,4344
"78336",3225,645,2580
"78337",7530,1506,6024
"78338",6750,1350,5400
"78339",4390,878,3512
"78340",4570,914,3656
"78341",4915,983,3932
"78342",4135,827,3308
"78343",4390,878,3512
"78344",6150,1230,4920
"78345",4590,918,3672
"78346",4500,900,3600
"78347",5295,1059,4236
"78348",4940,988,3952
"78349",4065,813,3252
"78350",4680,936,3744
"78351",5330,1066,4264
"78352",3755,751,3004
"78353",4155,831,3324
"78354",3795,759,3036
"78355",4960,992,3968
"78356",3995,799,3196
"78357",5900,1180,4720
"78358",4035,807,3228
"78359",5045,1009,4036
"78360",4925,985,3940
"78361",5730,1146,4584
"78362",4040,808,3232
"78363",4130,826,3304
"78364",4260,852,3408
"78365",5485,1097,4388
"78366",4215,843,3372
"78367",5765,1153,4612
"78368",5590,1118,4472
"78369",4395,879,3516
"78370",4370,874,3496
"78371",5030,1006,4024
"78372",4820,964,3856
"78373",3750,750,3000
"78374",4080,816,3264
"78375",5855,1171,4684
"78376",4250,850,3400
"78377",4610,922,3688
"78378",4070,814,3256
"78379",6855,1371,5484
"78380",3850,770,3080
"78381",4155,831,3324
"78382",3630,726,2904
"78383",5355,1071,4284
"78384",4705,941,3764
"78385",3785,757,3028
"78386",4765,953,3812
"78387",5220,1044,4176
"78388",4250,850,3400
"78389",4035,807,3228
"78390",4915,983,3932
"78391",5730,1146,4584
"78392",3335,667,2668
"78393",4775,955,3820
"78394",4240,848,3392
"78395",4500,900,3600
"78396",4690,938,3752
"78397",4960,992,3968
"78398",7025,1405,5620
"78399",5715,1143,4572
"78400",4950,990,3960
"78401",8950,1790,7160
"78402",4105,821,3284
"78403",6040,1208,4832
"78404",4840,968,3872
"78405",4105,821,3284
"78406",6295,1259,5036
"78407",6015,1203,4812
"78408",4265,853,3412
"78409",4395,879,3516
"78410",6295,1259,5036
"78411",5370,1074,4296
"78412",3990,798,3192
"78413",4735,947,3788
"78414",4930,986,3944
"78415",5015,1003,4012
"78416",4340,868,3472
"78417",4895,979,3916
"78418",4725,945,3780
"78419",4200,840,3360
"78420",4260,852,3408
"78421",4225,845,3380
"78422",4405,881,3524
"78423",5175,1035,4140
"78424",4670,934,3736
"78425",4870,974,3896
"78426",4450,890,3560
"78427",4090,818,3272
"78428",5635,1127,4508
"78429",4225,845,3380
"78430",3870,774,3096
"78431",4635,927,3708
"78432",4415,883,3532
"78433",3945,789,3156
"78434",3980,796,3184
"78435",3930,786,3144
"78436",4485,897,3588
"78437",3950,790,3160
"78438",6670,1334,5336
"78439",5015,1003,4012
"78440",4820,964,3856
"78441",4355,871,3484
"78442",4060,812,3248
"78443",5175,1035,4140
"78444",4425,885,3540
"78445",3880,776,3104
"78446",3810,762,3048
"78447",3695,739,2956
"78448",4210,842,3368
"78449",4525,905,3620
"78450",5425,1085,4340
"78451",6325,1265,5060
"78452",4790,958,3832
"78453",5215,1043,4172
"78454",5150,1030,4120
"78455",4110,822,3288
"78456",4450,890,3560
"78457",3935,787,3148
"78458",4950,990,3960
"78459",4655,931,3724
"78460",4670,934,3736
"78461",4040,808,3232
"78462",5250,1050,4200
"78463",5000,1000,4000
"78464",4280,856,3424
"78465",3955,791,3164
"78466",4510,902,3608
"78467",5355,1071,4284
"78468",5025,1005,4020
"78469",5020,1004,4016
"78470",6060,1212,4848
"78471",6085,1217,4868
"78472",4890,978,3912
"78473",4375,875,3500
"78474",5310,1062,4248
"78475",4160,832,3328
"78476",4470,894,3576
"78477",4755,951,3804
"78478",4755,951,3804
"78479",5550,1110,4440
"78480",4405,881,3524
"78481",3045,609,2436
"78482",3785,757,3028
"78483",5155,1031,4124
"78484",4405,881,3524
"78485",4320,864,3456
"78486",7350,1470,5880
"78487",4775,955,3820
"78488",3510,702,2808
"78489",5200,1040,4160
"78490",4230,846,3384
"78491",4395,879,3516
"78492",5660,1132,4528
"78493",4650,930,3720
"78494",4845,969,3876
"78495",4210,842,3368
"78496",5305,1061,4244
"78497",4520,904,3616
"78498",5025,1005,4020
"78499",4210,842,3368
"78500",3890,778,3112
"78501",4715,943,3772
"78502",4075,815,3260
"78503",5915,1183,4732
"78504",3780,756,3024
"78505",4825,965,3860
"78506",5285,1057,4228
"78507",3780,756,3024
"78508",4560,912,3648
"78509",4395,879,3516
"78510",4365,873,3492
"78511",3800,760,3040
"78512",5475,1095,4380
"78513",4450,890,3560
"78514",3900,780,3120
"78515",4385,877,3508
"78516",4290,858,3432
"78517",4660,932,3728
"78518",4110,822,3288
"78519",5035,1007,4028
"78520",4935,987,3948
"78521",4235,847,3388
"78522",6160,1232,4928
"78523",6045,1209,4836
"78524",4710,942,3768
"78525",7285,1457,5828
"78526",4670,934,3736
"78527",5155,1031,4124
"78528",6730,1346,5384
"78529",5005,1001,4004
"78530",5460,1092,4368
"78531",4410,882,3528
"78532",4405,881,3524
"78533",6640,1328,5312
"78534",4270,854,3416
"78535",3905,781,3124
"78536",3760,752,3008
"78537",4730,946,3784
"78538",5020,1004,4016
"78539",3950,790,3160
"78540",4020,804,3216
"78541",3645,729,2916
"78542",4355,871,3484
"78543",4210,842,3368
"78544",4150,830,3320
"78545",4680,936,3744
"78546",3585,717,2868
"78547",4715,943,3772
"78548",4375,875,3500
"78549",4420,884,3536
"78550",4115,823,3292
"78551",3435,687,2748
"78552",4085,817,3268
"78553",5710,1142,4568
"78554",4910,982,3928
"78555",4790,958,3832
"78556",4395,879,3516
"78557",3610,722,2888
"78558",4335,867,3468
"78559",5435,1087,4348
"78560",6045,1209,4836
"78561",4730,946,3784
"78562",4185,837,3348
"78563",5170,1034,4136
"78564",4795,959,3836
"78565",5570,1114,4456
"78566",4380,876,3504
"78567",4335,867,3468
"78568",5845,1169,4676
"78569",8415,1683,6732
"78570",4010,802,3208
"78571",7395,1479,5916
"78572",5890,1178,4712
"78573",5200,1040,4160
"78574",4125,825,3300
"78575",4035,807,3228
"78576",5185,1037,4148
"78577",4840,968,3872
"78578",4775,955,3820
"78579",4375,875,3500
"78580",3930,786,3144
"78581",4555,911,3644
"78582",6235,1247,4988
"78583",4490,898,3592
"78584",7300,1460,5840
"78585",4730,946,3784
"78586",4540,908,3632
"78587",4030,806,3224
"78588",6175,1235,4940
"78589",6025,1205,4820
"78590",5880,1176,4704
"78591",4095,819,3276
"78592",4545,909,3636
"78593",4350,870,3480
"78594",4780,956,3824
"78595",3945,789,3156
"78596",5115,1023,4092
"78597",5635,1127,4508
"78598",6165,1233,4932
"78599",4395,879,3516
"78600",5885,1177,4708
"78601",4855,971,3884
"78602",4905,981,3924
"78603",5565,1113,4452
"78604",5305,1061,4244
"78605",4665,933,3732
"78606",4680,936,3744
"78607",4075,815,3260
"78608",5955,1191,4764
"78609",4710,942,3768
"78610",3530,706,2824
"78611",3740,748,2992
"78612",4380,876,3504
"78613",5265,1053,4212
"78614",4980,996,3984
"78615",4120,824,3296
"78616",6470,1294,5176
"78617",8205,1641,6564
"78618",3530,706,2824
"78619",4440,888,3552
"78620",5365,1073,4292
"78621",3810,762,3048
"78622",4460,892,3568
"78623",4355,871,3484
"78624",4680,936,3744
"78625",4540,908,3632
"78626",5805,1161,4644
"78627",4655,931,3724
"78628",6415,1283,5132
"78629",3305,661,2644
"78630",4585,917,3668
"78631",5830,1166,4664
"78632",4260,852,3408
"78633",5465,1093,4372
"78634",7740,1548,6192
"78635",5195,1039,4156
"78636",4525,905,3620
"78637",3715,743,2972
"78638",4865,973,3892
"78639",4570,914,3656
"78640",4770,954,3816
"78641",3950,790,3160
"78642",5415,1083,4332
"78643",4190,838,3352
"78644",4730,946,3784
"78645",4295,859,3436
"78646",6080,1216,4864
"78647",4255,851,3404
"78648",4370,874,3496
"78649",4155,831,3324
"78650",4765,953,3812
"78651",4605,921,3684
"78652",3740,748,2992
"78653",4655,931,3724
"78654",4415,883,3532
"78655",4845,969,3876
"78656",4800,960,3840
"78657",4435,887,3548
"78658",4045,809,3236
"78659",4650,930,3720
"78660",5215,1043,4172
"78661",5125,1025,4100
"78662",3785,757,3028
"78663",5705,1141,4564
"78664",4185,837,3348
"78665",3190,638,2552
"78666",4640,928,3712
"78667",4180,836,3344
"78668",4715,943,3772
"78669",6770,1354,5416
"78670",4175,835,3340
"78671",4815,963,3852
"78672",3545,709,2836
"78673",4570,914,3656
"78674",5030,1006,4024
"78675",5045,1009,4036
"78676",4210,842,3368
"78677",4175,835,3340
"78678",6260,1252,5008
"78679",5325,1065,4260
"78680",7225,1445,5780
"78681",4435,887,3548
"78682",6305,1261,5044
"78683",3470,694,2776
"78684",5005,1001,4004
"78685",4270,854,3416
"78686",5150,1030,4120
"78687",5640,1128,4512
"78688",6185,1237,4948
"78689",4350,870,3480
"78690",4560,912,3648
"78691",4280,856,3424
"78692",4265,853,3412
"78693",4485,897,3588
"78694",3920,784,3136
"78695",3595,719,2876
"78696",4100,820,3280
"78697",4925,985,3940
"78698",4215,843,3372
"78699",4535,907,3628
"78700",4840,968,3872
"78701",3320,664,2656
"78702",5330,1066,4264
"78703",3640,728,2912
"78704",4035,807,3228
"78705",4345,869,3476
"78706",5860,1172,4688
"78707",5170,1034,4136
"78708",4070,814,3256
"78709",4240,848,3392
"78710",4710,942,3768
"78711",4470,894,3576
"78712",3805,761,3044
"78713",4525,905,3620
"78714",3935,787,3148
"78715",4590,918,3672
"78716",3585,717,2868
"78717",4360,872,3488
"78718",3860,772,3088
"78719",3950,790,3160
"78720",5705,1141,4564
"78721",4590,918,3672
"78722",4120,824,3296
"78723",6035,1207,4828
"78724",4020,804,3216
"78725",3430,686,2744
"78726",5925,1185,4740
"78727",4995,999,3996
"78728",5220,1044,4176
"78729",4460,892,3568
"78730",4190,838,3352
"78731",5155,1031,4124
"78732",4800,960,3840
"78733",4545,909,3636
"78734",4290,858,3432
"78735",4790,958,3832
"78736",5665,1133,4532
"78737",4560,912,3648
"78738",5775,1155,4620
"78739",4520,904,3616
"78740",6665,1333,5332
"78741",4275,855,3420
"78742",3655,731,2924
"78743",5775,1155,4620
"78744",4780,956,3824
"78745",4530,906,3624
"78746",7095,1419,5676
"78747",3865,773,3092
"78748",5750,1150,4600
"78749",4525,905,3620
"78750",4440,888,3552
"78751",5050,1010,4040
"78752",5005,1001,4004
"78753",5065,1013,4052
"78754",3815,763,3052
"78755",4050,810,3240
"78756",4105,821,3284
"78757",4720,944,3776
"78758",4040,808,3232
"78759",5995,1199,4796
"78760",4850,970,3880
"78761",5160,1032,4128
"78762",4295,859,3436
"78763",5310,1062,4248
"78764",5115,1023,4092
"78765",4425,885,3540
"78766",4635,927,3708
"78767",4170,834,3336
"78768",5275,1055,4220
"78769",4110,822,3288
"78770",4050,810,3240
"78771",3280,656,2624
"78772",4130,826,3304
"78773",4550,910,3640
"78774",4220,844,3376
"78775",4490,898,3592
"78776",5625,1125,4500
"78777",3415,683,2732
"78778",4305,861,3444
"78779",5380,1076,4304
"78780",5180,1036,4144
"78781",4880,976,3904
"78782",4915,983,3932
"78783",5475,1095,4380
"78784",5045,1009,4036
"78785",4560,912,3648
"78786",5080,1016,4064
"78787",4555,911,3644
"78788",4075,815,3260
"78789",3810,762,3048
"78790",4135,827,3308
"78791",3540,708,2832
"78792",4330,866,3464
"78793",4710,942,3768
"78794",3695,739,2956
"78795",6150,1230,4920
"78796",5065,1013,4052
"78797",4900,980,3920
"78798",4800,960,3840
"78799",3135,627,2508
"78800",6150,1230,4920
"78801",3715,743,2972
"78802",4660,932,3728
"78803",6015,1203,4812
"78804",6725,1345,5380
"78805",5340,1068,4272
"78806",4720,944,3776
"78807",4905,981,3924
"78808",4130,826,3304
"78809",6695,1339,5356
"78810",5095,1019,4076
"78811",4580,916,3664
"78812",4005,801,3204
"78813",5355,1071,4284
"78814",5225,1045,4180
"78815",4990,998,3992
"78816",6520,1304,5216
"78817",4965,993,3972
"78818",4165,833,3332
"78819",5845,1169,4676
"78820",4850,970,3880
"78821",5175,1035,4140
"78822",3325,665,2660
"78823",2965,593,2372
"78824",4485,897,3588
"78825",5350,1070,4280
"78826",3720,744,2976
"78827",4380,876,3504
"78828",4195,839,3356
"78829",3940,788,3152
"78830",6400,1280,5120
"78831",4360,872,3488
"78832",5535,1107,4428
"78833",4515,903,3612
"78834",4510,902,3608
"78835",4760,952,3808
"78836",3960,792,3168
"78837",4445,889,3556
"78838",4300,860,3440
"78839",5230,1046,4184
"78840",4360,872,3488
"78841",6335,1267,5068
"78842",4090,818,3272
"78843",5525,1105,4420
"78844",5735,1147,4588
"78845",3415,683,2732
"78846",5070,1014,4056
"78847",4075,815,3260
"78848",4755,951,3804
"78849",4490,898,3592
"78850",5130,1026,4104
"78851",4130,826,3304
"78852",4050,810,3240
"78853",5065,1013,4052
"78854",7190,1438,5752
"78855",6945,1389,5556
"78856",4335,867,3468
"78857",5255,1051,4204
"78858",4065,813,3252
"78859",5145,1029,4116
"78860",4400,880,3520
"78861",4795,959,3836
"78862",5210,1042,4168
"78863",3795,759,3036
"78864",3770,754,3016
"78865",5155,1031,4124
"78866",4510,902,3608
"78867",3530,706,2824
"78868",4460,892,3568
"78869",4395,879,3516
"78870",5115,1023,4092
"78871",4960,992,3968
"78872",6365,1273,5092
"78873",4710,942,3768
"78874",4775,955,3820
"78875",4545,909,3636
"78876",6795,1359,5436
"78877",4440,888,3552
"78878",4145,829,3316
"78879",5290,1058,4232
"78880",4335,867,3468
"78881",3710,742,2968
"78882",6195,1239,4956
"78883",3905,781,3124
"78884",4465,893,3572
"78885",4965,993,3972
"78886",6020,1204,4816
"78887",4580,916,3664
"78888",4515,903,3612
"78889",4080,816,3264
"78890",4070,814,3256
"78891",4400,880,3520
"78892",4960,992,3968
"78893",4400,880,3520
"78894",5205,1041,4164
"78895",4745,949,3796
"78896",4945,989,3956
"78897",5485,1097,4388
"78898",5155,1031,4124
"78899",4975,995,3980
"78900",5465,1093,4372
"78901",4080,816,3264
"78902",4730,946,3784
"78903",3535,707,2828
"78904",4605,921,3684
"78905",5840,1168,4672
"78906",5360,1072,4288
"78907",4540,908,3632
"78908",4785,957,3828
"78909",3695,739,2956
"78910",4475,895,3580
"78911",5505,1101,4404
"78912",3635,727,2908
"78913",4925,985,3940
"78914",4335,867,3468
"78915",5635,1127,4508
"78916",4925,985,3940
"78917",4130,826,3304
"78918",4150,830,3320
"78919",6985,1397,5588
"78920",4130,826,3304
"78921",5275,1055,4220
"78922",4365,873,3492
"78923",4715,943,3772
"78924",4940,988,3952
"78925",6330,1266,5064
"78926",4060,812,3248
"78927",5305,1061,4244
"78928",5675,1135,4540
"78929",6040,1208,4832
"78930",4390,878,3512
"78931",4375,875,3500
"78932",4595,919,3676
"78933",5285,1057,4228
"78934",3710,742,2968
"78935",3665,733,2932
"78936",4435,887,3548
"78937",4585,917,3668
"78938",8255,1651,6604
"78939",4095,819,3276
"78940",5690,1138,4552
"78941",3955,791,3164
"78942",5760,1152,4608
"78943",5115,1023,4092
"78944",5120,1024,4096
"78945",4060,812,3248
"78946",5330,1066,4264
"78947",5545,1109,4436
"78948",5630,1126,4504
"78949",4270,854,3416
"78950",4185,837,3348
"78951",4750,950,3800
"78952",5870,1174,4696
"78953",5085,1017,4068
"78954",4655,931,3724
"78955",4055,811,3244
"78956",5995,1199,4796
"78957",3585,717,2868
"78958",3515,703,2812
"78959",6030,1206,4824
"78960",5345,1069,4276
"78961",4585,917,3668
"78962",3770,754,3016
"78963",4225,845,3380
"78964",4665,933,3732
"78965",4950,990,3960
"78966",4390,878,3512
"78967",4725,945,3780
"78968",5505,1101,4404
"78969",5640,1128,4512
"78970",4505,901,3604
"78971",4750,950,3800
"78972",3445,689,2756
"78973",3515,703,2812
"78974",3815,763,3052
"78975",3710,742,2968
"78976",4000,800,3200
"78977",4300,860,3440
"78978",5195,1039,4156
"78979",3570,714,2856
"78980",4820,964,3856
"78981",4500,900,3600
"78982",4765,953,3812
"78983",4420,884,3536
"78984",4090,818,3272
"78985",3670,734,2936
"78986",3800,760,3040
"78987",4775,955,3820
"78988",4315,863,3452
"78989",4475,895,3580
"78990",5090,1018,4072
"78991",3810,762,3048
"78992",3245,649,2596
"78993",3625,725,2900
"78994",4970,994,3976
"78995",4905,981,3924
"78996",4455,891,3564
"78997",5390,1078,4312
"78998",4390,878,3512
"78999",5615,1123,4492
"79000",4800,960,3840
"79001",4925,985,3940
"79002",4305,861,3444
"79003",4590,918,3672
"79004",4560,912,3648
"79005",7045,1409,5636
"79006",7080,1416,5664
"79007",4000,800,3200
"79008",4100,820,3280
"79009",5115,1023,4092
"79010",5030,1006,4024
"79011",6485,1297,5188
"79012",4570,914,3656
"79013",3895,779,3116
"79014",5225,1045,4180
"79015",3665,733,2932
"79016",6725,1345,5380
"79017",5570,1114,4456
"79018",5720,1144,4576
"79019",4195,839,3356
"79020",4670,934,3736
"79021",5065,1013,4052
"79022",4920,984,3936
"79023",4885,977,3908
"79024",3850,770,3080
"79025",3455,691,2764
"79026",4230,846,3384
"79027",5120,1024,4096
"79028",3525,705,2820
"79029",3985,797,3188
"79030",4475,895,3580
"79031",4840,968,3872
"79032",4130,826,3304
"79033",3525,705,2820
"79034",3920,784,3136
"79035",6435,1287,5148
"79036",4465,893,3572
"79037",5520,1104,4416
"79038",4160,832,3328
"79039",5205,1041,4164
"79040",4940,988,3952
"79041",5285,1057,4228
"79042",4345,869,3476
"79043",4195,839,3356
"79044",4265,853,3412
"79045",3595,719,2876
"79046",3935,787,3148
"79047",5965,1193,4772
"79048",4695,939,3756
"79049",4655,931,3724
"79050",4220,844,3376
"79051",4355,871,3484
"79052",3840,768,3072
"79053",6175,1235,4940
"79054",4210,842,3368
"79055",4430,886,3544
"79056",4355,871,3484
"79057",4615,923,3692
"79058",4975,995,3980
"79059",5930,1186,4744
"79060",4240,848,3392
"79061",3975,795,3180
"79062",4305,861,3444
"79063",3880,776,3104
"79064",3975,795,3180
"79065",6685,1337,5348
"79066",4200,840,3360
"79067",4205,841,3364
"79068",4235,847,3388
"79069",4450,890,3560
"79070",4590,918,3672
"79071",4960,992,3968
"79072",3385,677,2708
"79073",4565,913,3652
"79074",4415,883,3532
"79075",4355,871,3484
"79076",4925,985,3940
"79077",5200,1040,4160
"79078",5240,1048,4192
"79079",4635,927,3708
"79080",4550,910,3640
"79081",4625,925,3700
"79082",4745,949,3796
"79083",3370,674,2696
"79084",4690,938,3752
"79085",4200,840,3360
"79086",4020,804,3216
"79087",5445,1089,4356
"79088",4335,867,3468
"79089",3765,753,3012
"79090",4730,946,3784
"79091",4355,871,3484
"79092",4365,873,3492
"79093",5620,1124,4496
"79094",3715,743,2972
"79095",3940,788,3152
"79096",4185,837,3348
"79097",4585,917,3668
"79098",5560,1112,4448
"79099",4250,850,3400
"79100",4170,834,3336
"79101",4775,955,3820
"79102",5395,1079,4316
"79103",4525,905,3620
"79104",4595,919,3676
"79105",4065,813,3252
"79106",5550,1110,4440
"79107",4305,861,3444
"79108",3840,768,3072
"79109",3960,792,3168
"79110",4155,831,3324
"79111",4120,824,3296
"79112",4775,955,3820
"79113",4960,992,3968
"79114",4840,968,3872
"79115",4095,819,3276
"79116",5695,1139,4556
"79117",5445,1089,4356
"79118",3600,720,2880
"79119",5035,1007,4028
"79120",6180,1236,4944
"79121",3470,694,2776
"79122",5635,1127,4508
"79123",4220,844,3376
"79124",4870,974,3896
"79125",5275,1055,4220
"79126",3845,769,3076
"79127",3830,766,3064
"79128",4055,811,3244
"79129",3395,679,2716
"79130",7075,1415,5660
"79131",3540,708,2832
"79132",3940,788,3152
"79133",4575,915,3660
"79134",4600,920,3680
"79135",3580,716,2864
"79136",4140,828,3312
"79137",4190,838,3352
"79138",3895,779,3116
"79139",4945,989,3956
"79140",4250,850,3400
"79141",4675,935,3740
"79142",5055,1011,4044
"79143",4475,895,3580
"79144",5725,1145,4580
"79145",4275,855,3420
"79146",4260,852,3408
"79147",7125,1425,5700
"79148",4095,819,3276
"79149",4345,869,3476
"79150",4140,828,3312
"79151",6405,1281,5124
"79152",6085,1217,4868
"79153",4985,997,3988
"79154",3945,789,3156
"79155",5145,1029,4116
"79156",4645,929,3716
"79157",5125,1025,4100
"79158",4340,868,3472
"79159",5455,1091,4364
"79160",4140,828,3312
"79161",4325,865,3460
"79162",3705,741,2964
"79163",6255,1251,5004
"79164",4880,976,3904
"79165",4485,897,3588
"79166",4365,873,3492
"79167",4415,883,3532
"79168",4595,919,3676
"79169",4810,962,3848
"79170",4945,989,3956
"79171",4435,887,3548
"79172",4880,976,3904
"79173",5095,1019,4076
"79174",4260,852,3408
"79175",5115,1023,4092
"79176",4845,969,3876
"79177",4395,879,3516
"79178",4690,938,3752
"79179",4380,876,3504
"79180",3075,615,2460
"79181",5020,1004,4016
"79182",4170,834,3336
"79183",4955,991,3964
"79184",4250,850,3400
"79185",4325,865,3460
"79186",4665,933,3732
"79187",3680,736,2944
"79188",4385,877,3508
"79189",4170,834,3336
"79190",4730,946,3784
"79191",5470,1094,4376
"79192",6200,1240,4960
"79193",4460,892,3568
"79194",4735,947,3788
"79195",4535,907,3628
"79196",6270,1254,5016
"79197",6555,1311,5244
"79198",5915,1183,4732
"79199",4680,936,3744
"79200",8125,1625,6500
"79201",4585,917,3668
"79202",4485,897,3588
"79203",5920,1184,4736
"79204",4260,852,3408
"79205",4180,836,3344
"79206",5135,1027,4108
"79207",3880,776,3104
"79208",3575,715,2860
"79209",4765,953,3812
"79210",4750,950,3800
"79211",4195,839,3356
"79212",4125,825,3300
"79213",4725,945,3780
"79214",5185,1037,4148
"79215",3780,756,3024
"79216",4365,873,3492
"79217",4955,991,3964
"79218",4460,892,3568
"79219",5235,1047,4188
"79220",4435,887,3548
"79221",3900,780,3120
"79222",4580,916,3664
"79223",5565,1113,4452
"79224",3665,733,2932
"79225",5020,1004,4016
"79226",6045,1209,4836
"79227",5340,1068,4272
"79228",4190,838,3352
"79229",3700,740,2960
"79230",3855,771,3084
"79231",3940,788,3152
"79232",4460,892,3568
"79233",4310,862,3448
"79234",4315,863,3452
"79235",5165,1033,4132
"79236",5250,1050,4200
"79237",5070,1014,4056
"79238",3920,784,3136
"79239",4605,921,3684
"79240",4495,899,3596
"79241",5330,1066,4264
"79242",4435,887,3548
"79243",4840,968,3872
"79244",4170,834,3336
"79245",4700,940,3760
"79246",4160,832,3328
"79247",4250,850,3400
"79248",3625,725,2900
"79249",4590,918,3672
"79250",4400,880,3520
"79251",3880,776,3104
"79252",5325,1065,4260
"79253",3820,764,3056
"79254",4315,863,3452
"79255",3970,794,3176
"79256",3895,779,3116
"79257",4115,823,3292
"79258",9435,1887,7548
"79259",4645,929,3716
"79260",5205,1041,4164
"79261",8070,1614,6456
"79262",4120,824,3296
"79263",3620,724,2896
"79264",5830,1166,4664
"79265",3720,744,2976
"79266",4815,963,3852
"79267",3425,685,2740
"79268",4705,941,3764
"79269",5120,1024,4096
"79270",3540,708,2832
"79271",3685,737,2948
"79272",5890,1178,4712
"79273",3805,761,3044
"79274",4005,801,3204
"79275",5220,1044,4176
"79276",5370,1074,4296
"79277",4715,943,3772
"79278",4190,838,3352
"79279",4775,955,3820
"79280",5360,1072,4288
"79281",4335,867,3468
"79282",3820,764,3056
"79283",4125,825,3300
"79284",4700,940,3760
"79285",3925,785,3140
"79286",4895,979,3916
"79287",4750,950,3800
"79288",4775,955,3820
"79289",5145,1029,4116
"79290",6145,1229,4916
"79291",5160,1032,4128
"79292",4500,900,3600
"79293",7435,1487,5948
"79294",4745,949,3796
"79295",5870,1174,4696
"79296",8375,1675,6700
"79297",3750,750,3000
"79298",4910,982,3928
"79299",4215,843,3372
"79300",4660,932,3728
"79301",4310,862,3448
"79302",3655,731,2924
"79303",4945,989,3956
"79304",4085,817,3268
"79305",4235,847,3388
"79306",4555,911,3644
"79307",5105,1021,4084
"79308",4430,886,3544
"79309",3495,699,2796
"79310",4785,957,3828
"79311",5175,1035,4140
"79312",3950,790,3160
"79313",5455,1091,4364
"79314",3840,768,3072
"79315",4500,900,3600
"79316",5070,1014,4056
"79317",4145,829,3316
"79318",4750,950,3800
"79319",4560,912,3648
"79320",5450,1090,4360
"79321",3820,764,3056
"79322",4150,830,3320
"79323",4750,950,3800
"79324",5345,1069,4276
"79325",4745,949,3796
"79326",3925,785,3140
"79327",6580,1316,5264
"79328",4325,865,3460
"79329",5395,1079,4316
"79330",4715,943,3772
"79331",3725,745,2980
"79332",4170,834,3336
"79333",4060,812,3248
"79334",5180,1036,4144
"79335",3950,790,3160
"79336",3775,755,3020
"79337",4215,843,3372
"79338",4480,896,3584
"79339",4585,917,3668
"79340",4715,943,3772
"79341",4675,935,3740
"79342",5460,1092,4368
"79343",3655,731,2924
"79344",6005,1201,4804
"79345",4820,964,3856
"79346",3625,725,2900
"79347",5430,1086,4344
"79348",4745,949,3796
"79349",4140,828,3312
"79350",6395,1279,5116
"79351",4705,941,3764
"79352",4910,982,3928
"79353",3550,710,2840
"79354",4945,989,3956
"79355",4425,885,3540
"79356",4900,980,3920
"79357",4800,960,3840
"79358",4415,883,3532
"79359",4765,953,3812
"79360",4455,891,3564
"79361",4995,999,3996
"79362",4735,947,3788
"79363",4425,885,3540
"79364",4660,932,3728
"79365",3870,774,3096
"79366",4580,916,3664
"79367",4900,980,3920
"79368",4650,930,3720
"79369",4875,975,3900
"79370",6085,1217,4868
"79371",5530,1106,4424
"79372",3640,728,2912
"79373",6130,1226,4904
"79374",4655,931,3724
"79375",5115,1023,4092
"79376",4465,893,3572
"79377",4725,945,3780
"79378",5560,1112,4448
"79379",3825,765,3060
"79380",4045,809,3236
"79381",4155,831,3324
"79382",6080,1216,4864
"79383",5775,1155,4620
"79384",4130,826,3304
"79385",5305,1061,4244
"79386",4745,949,3796
"79387",4830,966,3864
"79388",6965,1393,5572
"79389",4405,881,3524
"79390",3655,731,2924
"79391",5630,1126,4504
"79392",4700,940,3760
"79393",3875,775,3100
"79394",4175,835,3340
"79395",3625,725,2900
"79396",4865,973,3892
"79397",4195,839,3356
"79398",4330,866,3464
"79399",4715,943,3772
"79400",4830,966,3864
"79401",4625,925,3700
"79402",4195,839,3356
"79403",4445,889,3556
"79404",5660,1132,4528
"79405",4095,819,3276
"79406",5830,1166,4664
"79407",4620,924,3696
"79408",5145,1029,4116
"79409",7260,1452,5808
"79410",5260,1052,4208
"79411",5380,1076,4304
"79412",5040,1008,4032
"79413",4310,862,3448
"79414",3860,772,3088
"79415",4130,826,3304
"79416",5735,1147,4588
"79417",4960,992,3968
"79418",4880,976,3904
"79419",4365,873,3492
"79420",4335,867,3468
"79421",4055,811,3244
"79422",4055,811,3244
"79423",3955,791,3164
"79424",5715,1143,4572
"79425",6735,1347,5388
"79426",3630,726,2904
"79427",5350,1070,4280
"79428",4460,892,3568
"79429",5205,1041,4164
"79430",4840,968,3872
"79431",3850,770,3080
"79432",5095,1019,4076
"79433",7100,1420,5680
"79434",4375,875,3500
"79435",6640,1328,5312
"79436",4150,830,3320
"79437",4225,845,3380
"79438",3700,740,2960
"79439",3970,794,3176
"79440",4035,807,3228
"79441",4195,839,3356
"79442",4095,819,3276
"79443",5050,1010,4040
"79444",5140,1028,4112
"79445",4045,809,3236
"79446",3515,703,2812
"79447",4755,951,3804
"79448",5640,1128,4512
"79449",4015,803,3212
"79450",4680,936,3744
"79451",3875,775,3100
"79452",5015,1003,4012
"79453",4620,924,3696
"79454",4530,906,3624
"79455",4400,880,3520
"79456",4130,826,3304
"79457",5460,1092,4368
"79458",3925,785,3140
"79459",3800,760,3040
"79460",4220,844,3376
"79461",3360,672,2688
"79462",3845,769,3076
"79463",4125,825,3300
"79464",5070,1014,4056
"79465",4890,978,3912
"79466",5555,1111,4444
"79467",4820,964,3856
"79468",4110,822,3288
"79469",4500,900,3600
"79470",3815,763,3052
"79471",5550,1110,4440
"79472",4790,958,3832
"79473",5840,1168,4672
"79474",4215,843,3372
"79475",4900,980,3920
"79476",4195,839,3356
"79477",4345,869,3476
"79478",4900,980,3920
"79479",4200,840,3360
"79480",4885,977,3908
"79481",3365,673,2692
"79482",5615,1123,4492
"79483",6565,1313,5252
"79484",5270,1054,4216
"79485",4275,855,3420
"79486",4580,916,3664
"79487",3670,734,2936
"79488",4995,999,3996
"79489",6525,1305,5220
"79490",3625,725,2900
"79491",4470,894,3576
"79492",5730,1146,4584
"79493",4140,828,3312
"79494",3590,718,2872
"79495",4325,865,3460
"79496",3875,775,3100
"79497",4475,895,3580
"79498",6360,1272,5088
"79499",3935,787,3148
"79500",3670,734,2936
"79501",4340,868,3472
"79502",4100,820,3280
"79503",4095,819,3276
"79504",5830,1166,4664
"79505",5190,1038,4152
"79506",4510,902,3608
"79507",3870,774,3096
"79508",4245,849,3396
"79509",4560,912,3648
"79510",4310,862,3448
"79511",5445,1089,4356
"79512",3915,783,3132
"79513",4615,923,3692
"79514",3940,788,3152
"79515",6580,1316,5264
"79516",4285,857,3428
"79517",4705,941,3764
"79518",5025,1005,4020
"79519",4765,953,3812
"79520",4255,851,3404
"79521",4935,987,3948
"79522",6240,1248,4992
"79523",4040,808,3232
"79524",4305,861,3444
"79525",5345,1069,4276
"79526",4770,954,3816
"79527",6280,1256,5024
"79528",5050,1010,4040
"79529",3330,666,2664
"79530",4250,850,3400
"79531",4430,886,3544
"79532",4120,824,3296
"79533",4890,978,3912
"79534",4600,920,3680
"79535",3475,695,2780
"79536",6370,1274,5096
"79537",3870,774,3096
"79538",6490,1298,5192
"79539",6695,1339,5356
"79540",3665,733,2932
"79541",5220,1044,4176
"79542",6115,1223,4892
"79543",5480,1096,4384
"79544",5725,1145,4580
"79545",4610,922,3688
"79546",3975,795,3180
"79547",4995,999,3996
"79548",4275,855,3420
"79549",3565,713,2852
"79550",5255,1051,4204
"79551",4675,935,3740
"79552",3965,793,3172
"79553",4410,882,3528
"79554",4645,929,3716
"79555",3990,798,3192
"79556",5780,1156,4624
"79557",4925,985,3940
"79558",4360,872,3488
"79559",5045,1009,4036
"79560",5605,1121,4484
"79561",4055,811,3244
"79562",4510,902,3608
"79563",5270,1054,4216
"79564",3020,604,2416
"79565",5420,1084,4336
"79566",4815,963,3852
"79567",5160,1032,4128
"79568",4600,920,3680
"79569",5320,1064,4256
"79570",4230,846,3384
"79571",4265,853,3412
"79572",5660,1132,4528
"79573",4540,908,3632
"79574",4265,853,3412
"79575",5480,1096,4384
"79576",4775,955,3820
"79577",4385,877,3508
"79578",5505,1101,4404
"79579",4745,949,3796
"79580",4005,801,3204
"79581",4605,921,3684
"79582",4880,976,3904
"79583",4595,919,3676
"79584",4795,959,3836
"79585",4085,817,3268
"79586",4250,850,3400
"79587",5200,1040,4160
"79588",3725,745,2980
"79589",4155,831,3324
"79590",4020,804,3216
"79591",5230,1046,4184
"79592",4865,973,3892
"79593",4435,887,3548
"79594",4795,959,3836
"79595",5575,1115,4460
"79596",4425,885,3540
"79597",4400,880,3520
"79598",4245,849,3396
"79599",5770,1154,4616
"79600",4230,846,3384
"79601",4220,844,3376
"79602",3405,681,2724
"79603",3490,698,2792
"79604",3630,726,2904
"79605",4140,828,3312
"79606",3855,771,3084
"79607",3565,713,2852
"79608",4160,832,3328
"79609",3925,785,3140
"79610",6390,1278,5112
"79611",4525,905,3620
"79612",3745,749,2996
"79613",5220,1044,4176
"79614",5260,1052,4208
"79615",3715,743,2972
"79616",3935,787,3148
"79617",4785,957,3828
"79618",6830,1366,5464
"79619",4945,989,3956
"79620",3780,756,3024
"79621",6165,1233,4932
"79622",5175,1035,4140
"79623",4800,960,3840
"79624",5365,1073,4292
"79625",6585,1317,5268
"79626",3230,646,2584
"79627",4280,856,3424
"79628",3565,713,2852
"79629",4120,824,3296
"79630",3730,746,2984
"79631",4170,834,3336
"79632",5720,1144,4576
"79633",4770,954,3816
"79634",4560,912,3648
"79635",5190,1038,4152
"79636",4470,894,3576
"79637",3860,772,3088
"79638",4110,822,3288
"79639",4060,812,3248
"79640",4630,926,3704
"79641",4370,874,3496
"79642",4165,833,3332
"79643",3235,647,2588
"79644",5070,1014,4056
"79645",3640,728,2912
"79646",4075,815,3260
"79647",4245,849,3396
"79648",3950,790,3160
"79649",5060,1012,4048
"79650",5720,1144,4576
"79651",3820,764,3056
"79652",3550,710,2840
"79653",5995,1199,4796
"79654",5355,1071,4284
"79655",4735,947,3788
"79656",5620,1124,4496
"79657",6055,1211,4844
"79658",3810,762,3048
"79659",3635,727,2908
"79660",5950,1190,4760
"79661",3975,795,3180
"79662",4595,919,3676
"79663",5075,1015,4060
"79664",4795,959,3836
"79665",5710,1142,4568
"79666",6285,1257,5028
"79667",5500,1100,4400
"79668",4485,897,3588
"79669",5780,1156,4624
"79670",4350,870,3480
"79671",4210,842,3368
"79672",3750,750,3000
"79673",5250,1050,4200
"79674",3970,794,3176
"79675",5585,1117,4468
"79676",4455,891,3564
"79677",3710,742,2968
"79678",3735,747,2988
"79679",4540,908,3632
"79680",4215,843,3372
"79681",4395,879,3516
"79682",4515,903,3612
"79683",6475,1295,5180
"79684",3350,670,2680
"79685",4600,920,3680
"79686",5155,1031,4124
"79687",4630,926,3704
"79688",5250,1050,4200
"79689",5215,1043,4172
"79690",4345,869,3476
"79691",4420,884,3536
"79692",4065,813,3252
"79693",4005,801,3204
"79694",6445,1289,5156
"79695",4050,810,3240
"79696",5140,1028,4112
"79697",4735,947,3788
"79698",5105,1021,4084
"79699",4640,928,3712
"79700",5970,1194,4776
"79701",4805,961,3844
"79702",4665,933,3732
"79703",5575,1115,4460
"79704",4725,945,3780
"79705",3850,770,3080
"79706",5215,1043,4172
"79707",5080,1016,4064
"79708",3685,737,2948
"79709",4335,867,3468
"79710",4305,861,3444
"79711",4265,853,3412
"79712",5510,1102,4408
"79713",4585,917,3668
"79714",5440,1088,4352
"79715",4290,858,3432
"79716",4125,825,3300
"79717",3415,683,2732
"79718",5765,1153,4612
"79719",3560,712,2848
"79720",4565,913,3652
"79721",3705,741,2964
"79722",3915,783,3132
"79723",4550,910,3640
"79724",3505,701,2804
"79725",5305,1061,4244
"79726",4170,834,3336
"79727",5005,1001,4004
"79728",7795,1559,6236
"79729",4715,943,3772
"79730",6105,1221,4884
"79731",4415,883,3532
"79732",4530,906,3624
"79733",5670,1134,4536
"79734",5205,1041,4164
"79735",4140,828,3312
"79736",3940,788,3152
"79737",4550,910,3640
"79738",5345,1069,4276
"79739",4850,970,3880
"79740",4320,864,3456
"79741",4305,861,3444
"79742",4655,931,3724
"79743",5800,1160,4640
"79744",3905,781,3124
"79745",5050,1010,4040
"79746",4365,873,3492
"79747",3905,781,3124
"79748",6170,1234,4936
"79749",4555,911,3644
"79750",5270,1054,4216
"79751",4565,913,3652
"79752",5505,1101,4404
"79753",4040,808,3232
"79754",4315,863,3452
"79755",4655,931,3724
"79756",6865,1373,5492
"79757",4785,957,3828
"79758",5755,1151,4604
"79759",6010,1202,4808
"79760",4535,907,3628
"79761",4140,828,3312
"79762",4335,867,3468
"79763",5305,1061,4244
"79764",4565,913,3652
"79765",3730,746,2984
"79766",4490,898,3592
"79767",4015,803,3212
"79768",4320,864,3456
"79769",4210,842,3368
"79770",3690,738,2952
"79771",5435,1087,4348
"79772",5750,1150,4600
"79773",4230,846,3384
"79774",5485,1097,4388
"79775",4880,976,3904
"79776",4510,902,3608
"79777",5205,1041,4164
"79778",3995,799,3196
"79779",5325,1065,4260
"79780",5350,1070,4280
"79781",4960,992,3968
"79782",3500,700,2800
"79783",4120,824,3296
"79784",4330,866,3464
"79785",5170,1034,4136
"79786",4760,952,3808
"79787",4725,945,3780
"79788",4290,858,3432
"79789",6505,1301,5204
"79790",4760,952,3808
"79791",3775,755,3020
"79792",5775,1155,4620
"79793",3940,788,3152
"79794",4630,926,3704
"79795",4300,860,3440
"79796",4405,881,3524
"79797",4655,931,3724
"79798",4275,855,3420
"79799",3905,781,3124
"79800",4840,968,3872
"79801",4290,858,3432
"79802",3870,774,3096
"79803",4070,814,3256
"79804",4390,878,3512
"79805",3905,781,3124
"79806",4175,835,3340
"79807",4445,889,3556
"79808",4260,852,3408
"79809",4585,917,3668
"79810",3360,672,2688
"79811",4075,815,3260
"79812",4495,899,3596
"79813",4670,934,3736
"79814",4840,968,3872
"79815",4165,833,3332
"79816",4480,896,3584
"79817",3730,746,2984
"79818",4555,911,3644
"79819",4450,890,3560
"79820",4410,882,3528
"79821",5225,1045,4180
"79822",4300,860,3440
"79823",4095,819,3276
"79824",4060,812,3248
"79825",4640,928,3712
"79826",4805,961,3844
"79827",3660,732,2928
"79828",5230,1046,4184
"79829",4260,852,3408
"79830",3970,794,3176
"79831",5060,1012,4048
"79832",5340,1068,4272
"79833",3705,741,2964
"79834",7105,1421,5684
"79835",4935,987,3948
"79836",5030,1006,4024
"79837",3510,702,2808
"79838",5190,1038,4152
"79839",4415,883,3532
"79840",3435,687,2748
"79841",5120,1024,4096
"79842",4735,947,3788
"79843",4165,833,3332
"79844",4885,977,3908
"79845",6325,1265,5060
"79846",4190,838,3352
"79847",4755,951,3804
"79848",6740,1348,5392
"79849",5170,1034,4136
"79850",5485,1097,4388
"79851",5275,1055,4220
"79852",3225,645,2580
"79853",4340,868,3472
"79854",7580,1516,6064
"79855",3380,676,2704
"79856",3950,790,3160
"79857",5105,1021,4084
"79858",5620,1124,4496
"79859",4825,965,3860
"79860",3350,670,2680
"79861",4525,905,3620
"79862",5180,1036,4144
"79863",4565,913,3652
"79864",5500,1100,4400
"79865",6905,1381,5524
"79866",4920,984,3936
"79867",5380,1076,4304
"79868",5235,1047,4188
"79869",4165,833,3332
"79870",4815,963,3852
"79871",3835,767,3068
"79872",4420,884,3536
"79873",4820,964,3856
"79874",4155,831,3324
"79875",4825,965,3860
"79876",5160,1032,4128
"79877",8135,1627,6508
"79878",3585,717,2868
"79879",4275,855,3420
"79880",3785,757,3028
"79881",4500,900,3600
"79882",4405,881,3524
"79883",3715,743,2972
"79884",4715,943,3772
"79885",3325,665,2660
"79886",4550,910,3640
"79887",7470,1494,5976
"79888",4075,815,3260
"79889",4550,910,3640
"79890",4680,936,3744
"79891",5240,1048,4192
"79892",4020,804,3216
"79893",6030,1206,4824
"79894",4450,890,3560
"79895",7095,1419,5676
"79896",5950,1190,4760
"79897",4230,846,3384
"79898",5585,1117,4468
"79899",5200,1040,4160
"79900",4320,864,3456
"79901",4495,899,3596
"79902",5910,1182,4728
"79903",5005,1001,4004
"79904",4785,957,3828
"79905",5965,1193,4772
"79906",5990,1198,4792
"79907",4680,936,3744
"79908",3650,730,2920
"79909",5720,1144,4576
"79910",4965,993,3972
"79911",5810,1162,4648
"79912",4035,807,3228
"79913",3990,798,3192
"79914",3995,799,3196
"79915",4975,995,3980
"79916",6020,1204,4816
"79917",6815,1363,5452
"79918",5735,1147,4588
"79919",4600,920,3680
"79920",4825,965,3860
"79921",5960,1192,4768
"79922",4285,857,3428
"79923",4225,845,3380
"79924",5065,1013,4052
"79925",6380,1276,5104
"79926",5370,1074,4296
"79927",6390,1278,5112
"79928",5045,1009,4036
"79929",5200,1040,4160
"79930",3765,753,3012
"79931",3640,728,2912
"79932",5345,1069,4276
"79933",5340,1068,4272
"79934",4115,823,3292
"79935",4800,960,3840
"79936",4125,825,3300
"79937",4890,978,3912
"79938",3745,749,2996
"79939",4295,859,3436
"79940",6605,1321,5284
"79941",5520,1104,4416
"79942",4815,963,3852
"79943",5270,1054,4216
"79944",4205,841,3364
"79945",4185,837,3348
"79946",4790,958,3832
"79947",4075,815,3260
"79948",4445,889,3556
"79949",4530,906,3624
"79950",3550,710,2840
"79951",5160,1032,4128
"79952",4890,978,3912
"79953",4090,818,3272
"79954",4585,917,3668
"79955",3860,772,3088
"79956",4965,993,3972
"79957",7075,1415,5660
"79958",4510,902,3608
"79959",4490,898,3592
"79960",4620,924,3696
"79961",6395,1279,5116
"79962",5065,1013,4052
"79963",4250,850,3400
"79964",5960,1192,4768
"79965",4695,939,3756
"79966",5280,1056,4224
"79967",6920,1384,5536
"79968",4300,860,3440
"79969",3655,731,2924
"79970",6670,1334,5336
"79971",4560,912,3648
"79972",4970,994,3976
"79973",4580,916,3664
"79974",4390,878,3512
"79975",4465,893,3572
"79976",5210,1042,4168
"79977",4480,896,3584
"79978",4385,877,3508
"79979",4680,936,3744
"79980",3950,790,3160
"79981",5315,1063,4252
"79982",5575,1115,4460
"79983",4455,891,3564
"79984",5090,1018,4072
"79985",5150,1030,4120
"79986",3855,771,3084
"79987",4415,883,3532
"79988",4260,852,3408
"79989",3780,756,3024
"79990",3145,629,2516
"79991",4790,958,3832
"79992",4235,847,3388
"79993",3700,740,2960
"79994",4725,945,3780
"79995",4045,809,3236
"79996",4905,981,3924
"79997",5325,1065,4260
"79998",5960,1192,4768
"79999",4660,932,3728
"80000",6705,1341,5364
"80001",4380,876,3504
"80002",4435,887,3548
"80003",4625,925,3700
"80004",5165,1033,4132
"80005",5650,1130,4520
"80006",4025,805,3220
"80007",4285,857,3428
"80008",3905,781,3124
"80009",4240,848,3392
"80010",6060,1212,4848
"80011",5250,1050,4200
"80012",4790,958,3832
"80013",4690,938,3752
"80014",5945,1189,4756
"80015",5510,1102,4408
"80016",4820,964,3856
"80017",5480,1096,4384
"80018",4665,933,3732
"80019",4600,920,3680
"80020",3895,779,3116
"80021",4050,810,3240
"80022",7250,1450,5800
"80023",3940,788,3152
"80024",3570,714,2856
"80025",3970,794,3176
"80026",3245,649,2596
"80027",5740,1148,4592
"80028",4010,802,3208
"80029",6155,1231,4924
"80030",4655,931,3724
"80031",4605,921,3684
"80032",3945,789,3156
"80033",5640,1128,4512
"80034",4165,833,3332
"80035",3935,787,3148
"80036",3920,784,3136
"80037",3765,753,3012
"80038",5680,1136,4544
"80039",4165,833,3332
"80040",9640,1928,7712
"80041",3580,716,2864
"80042",4300,860,3440
"80043",4555,911,3644
"80044",5045,1009,4036
"80045",5065,1013,4052
"80046",3770,754,3016
"80047",3810,762,3048
"80048",5315,1063,4252
"80049",3790,758,3032
"80050",4600,920,3680
"80051",4030,806,3224
"80052",4400,880,3520
"80053",6210,1242,4968
"80054",6210,1242,4968
"80055",4375,875,3500
"80056",4360,872,3488
"80057",4890,978,3912
"80058",5305,1061,4244
"80059",5665,1133,4532
"80060",4260,852,3408
"80061",6175,1235,4940
"80062",5370,1074,4296
"80063",4885,977,3908
"80064",4490,898,3592
"80065",3880,776,3104
"80066",4225,845,3380
"80067",5095,1019,4076
"80068",4060,812,3248
"80069",4935,987,3948
"80070",5120,1024,4096
"80071",4635,927,3708
"80072",4690,938,3752
"80073",3755,751,3004
"80074",4045,809,3236
"80075",5525,1105,4420
"80076",5330,1066,4264
"80077",3920,784,3136
"80078",4710,942,3768
"80079",3835,767,3068
"80080",4455,891,3564
"80081",5790,1158,4632
"80082",4360,872,3488
"80083",3895,779,3116
"80084",3690,738,2952
"80085",5285,1057,4228
"80086",5740,1148,4592
"80087",5890,1178,4712
"80088",5180,1036,4144
"80089",5235,1047,4188
"80090",4175,835,3340
"80091",3640,728,2912
"80092",3825,765,3060
"80093",4375,875,3500
"80094",3840,768,3072
"80095",6105,1221,4884
"80096",4585,917,3668
"80097",5250,1050,4200
"80098",6995,1399,5596
"80099",3895,779,3116
"80100",4285,857,3428
"80101",5150,1030,4120
"80102",3440,688,2752
"80103",4520,904,3616
"80104",4415,883,3532
"80105",5090,1018,4072
"80106",5125,1025,4100
"80107",4280,856,3424
"80108",4610,922,3688
"80109",5005,1001,4004
"80110",3460,692,2768
"80111",4200,840,3360
"80112",5230,1046,4184
"80113",3905,781,3124
"80114",4615,923,3692
"80115",4580,916,3664
"80116",6055,1211,4844
"80117",4690,938,3752
"80118",4090,818,3272
"80119",3880,776,3104
"80120",4445,889,3556
"80121",3980,796,3184
"80122",4525,905,3620
"80123",6755,1351,5404
"80124",3620,724,2896
"80125",4385,877,3508
"80126",4135,827,3308
"80127",5115,1023,4092
"80128",4105,821,3284
"80129",5050,1010,4040
"80130",4555,911,3644
"80131",5440,1088,4352
"80132",5075,1015,4060
"80133",4265,853,3412
"80134",4490,898,3592
"80135",4975,995,3980
"80136",4590,918,3672
"80137",3755,751,3004
"80138",4635,927,3708
"80139",4180,836,3344
"80140",3755,751,3004
"80141",4600,920,3680
"80142",4555,911,3644
"80143",7255,1451,5804
"80144",4740,948,3792
"80145",5245,1049,4196
"80146",4240,848,3392
"80147",4790,958,3832
"80148",4465,893,3572
"80149",4485,897,3588
"80150",7385,1477,5908
"80151",4905,981,3924
"80152",6655,1331,5324
"80153",4050,810,3240
"80154",4775,955,3820
"80155",4500,900,3600
"80156",5325,1065,4260
"80157",6205,1241,4964
"80158",5440,1088,4352
"80159",5780,1156,4624
"80160",4755,951,3804
"80161",4125,825,3300
"80162",6220,1244,4976
"80163",4225,845,3380
"80164",3815,763,3052
"80165",4530,906,3624
"80166",4270,854,3416
"80167",4345,869,3476
"80168",3935,787,3148
"80169",4695,939,3756
"80170",6380,1276,5104
"80171",5610,1122,4488
"80172",4530,906,3624
"80173",4680,936,3744
"80174",4575,915,3660
"80175",5570,1114,4456
"80176",4065,813,3252
"80177",3990,798,3192
"80178",4405,881,3524
"80179",5185,1037,4148
"80180",4205,841,3364
"80181",6330,1266,5064
"80182",3940,788,3152
"80183",4175,835,3340
"80184",4595,919,3676
"80185",5650,1130,4520
"80186",3945,789,3156
"80187",4410,882,3528
"80188",3900,780,3120
"80189",5110,1022,4088
"80190",5120,1024,4096
"80191",4020,804,3216
"80192",4715,943,3772
"80193",4730,946,3784
"80194",6815,1363,5452
"80195",3990,798,3192
"80196",5570,1114,4456
"80197",4450,890,3560
"80198",3360,672,2688
"80199",5945,1189,4756
"80200",3515,703,2812
"80201",3805,761,3044
"80202",4905,981,3924
"80203",5525,1105,4420
"80204",3685,737,2948
"80205",5425,1085,4340
"80206",3655,731,2924
"80207",4330,866,3464
"80208",5115,1023,4092
"80209",3980,796,3184
"80210",4535,907,3628
"80211",4655,931,3724
"80212",6165,1233,4932
"80213",3985,797,3188
"80214",4860,972,3888
"80215",4480,896,3584
"80216",4705,941,3764
"80217",5355,1071,4284
"80218",4395,879,3516
"80219",5830,1166,4664
"80220",3585,717,2868
"80221",4760,952,3808
"80222",5505,1101,4404
"80223",5255,1051,4204
"80224",4925,985,3940
"80225",4215,843,3372
"80226",6810,1362,5448
"80227",5920,1184,4736
"80228",3910,782,3128
"80229",4275,855,3420
"80230",5195,1039,4156
"80231",6525,1305,5220
"80232",5510,1102,4408
"80233",4895,979,3916
"80234",5135,1027,4108
"80235",3600,720,2880
"80236",8165,1633,6532
"80237",4435,887,3548
"80238",5320,1064,4256
"80239",4095,819,3276
"80240",4810,962,3848
"80241",3725,745,2980
"80242",4405,881,3524
"80243",3965,793,3172
"80244",4530,906,3624
"80245",4325,865,3460
"80246",5040,1008,4032
"80247",5545,1109,4436
"80248",4835,967,3868
"80249",3695,739,2956
"80250",3875,775,3100
"80251",4925,985,3940
"80252",3700,740,2960
"80253",3435,687,2748
"80254",6305,1261,5044
"80255",4240,848,3392
"80256",5215,1043,4172
"80257",6085,1217,4868
"80258",6575,1315,5260
"80259",3805,761,3044
"80260",4545,909,3636
"80261",4590,918,3672
"80262",4985,997,3988
"80263",4385,877,3508
"80264",5305,1061,4244
"80265",4780,956,3824
"80266",4570,914,3656
"80267",3840,768,3072
"80268",5570,1114,4456
"80269",4870,974,3896
"80270",4790,958,3832
"80271",4360,872,3488
"80272",6065,1213,4852
"80273",6275,1255,5020
"80274",4280,856,3424
"80275",6000,1200,4800
"80276",6170,1234,4936
"80277",5405,1081,4324
"80278",3920,784,3136
"80279",4080,816,3264
"80280",3895,779,3116
"80281",5410,1082,4328
"80282",4290,858,3432
"80283",4375,875,3500
"80284",4215,843,3372
"80285",3350,670,2680
"80286",4615,923,3692
"80287",3740,748,2992
"80288",3820,764,3056
"80289",4330,866,3464
"80290",4580,916,3664
"80291",4355,871,3484
"80292",4425,885,3540
"80293",5060,1012,4048
"80294",3890,778,3112
"80295",4570,914,3656
"80296",5160,1032,4128
"80297",4790,958,3832
"80298",4375,875,3500
"80299",5055,1011,4044
"80300",4110,822,3288
"80301",4530,906,3624
"80302",4065,813,3252
"80303",5085,1017,4068
"80304",3595,719,2876
"80305",4160,832,3328
"80306",4380,876,3504
"80307",4795,959,3836
"80308",5135,1027,4108
"80309",5020,1004,4016
"80310",3770,754,3016
"80311",4730,946,3784
"80312",4510,902,3608
"80313",6460,1292,5168
"80314",4800,960,3840
"80315",4715,943,3772
"80316",4255,851,3404
"80317",4445,889,3556
"80318",4435,887,3548
"80319",4510,902,3608
"80320",4130,826,3304
"80321",4060,812,3248
"80322",5000,1000,4000
"80323",4595,919,3676
"80324",4905,981,3924
"80325",4830,966,3864
"80326",4535,907,3628
"80327",5690,1138,4552
"80328",6350,1270,5080
"80329",5600,1120,4480
"80330",5685,1137,4548
"80331",5830,1166,4664
"80332",4190,838,3352
"80333",5110,1022,4088
"80334",4675,935,3740
"80335",4485,897,3588
"80336",5605,1121,4484
"80337",4665,933,3732
"80338",5020,1004,4016
"80339",3780,756,3024
"80340",3485,697,2788
"80341",4800,960,3840
"80342",3680,736,2944
"80343",4645,929,3716
"80344",4600,920,3680
"80345",3860,772,3088
"80346",5235,1047,4188
"80347",4790,958,3832
"80348",4040,808,3232
"80349",4740,948,3792
"80350",3895,779,3116
"80351",4740,948,3792
"80352",4425,885,3540
"80353",4515,903,3612
"80354",3960,792,3168
"80355",4840,968,3872
"80356",6640,1328,5312
"80357",5990,1198,4792
"80358",4275,855,3420
"80359",3705,741,2964
"80360",5690,1138,4552
"80361",3855,771,3084
"80362",5045,1009,4036
"80363",4480,896,3584
"80364",4615,923,3692
"80365",4015,803,3212
"80366",4780,956,3824
"80367",3700,740,2960
"80368",4740,948,3792
"80369",4785,957,3828
"80370",4360,872,3488
"80371",3670,734,2936
"80372",4355,871,3484
"80373",4295,859,3436
"80374",5790,1158,4632
"80375",5500,1100,4400
"80376",7260,1452,5808
"80377",5440,1088,4352
"80378",4130,826,3304
"80379",4475,895,3580
"80380",3830,766,3064
"80381",5505,1101,4404
"80382",4005,801,3204
"80383",5380,1076,4304
"80384",4220,844,3376
"80385",3620,724,2896
"80386",5775,1155,4620
"80387",5105,1021,4084
"80388",4965,993,3972
"80389",4050,810,3240
"80390",6950,1390,5560
"80391",3705,741,2964
"80392",4415,883,3532
"80393",5220,1044,4176
"80394",4015,803,3212
"80395",4850,970,3880
"80396",4985,997,3988
"80397",4700,940,3760
"80398",6605,1321,5284
"80399",4350,870,3480
"80400",3920,784,3136
"80401",6835,1367,5468
"80402",6485,1297,5188
"80403",4405,881,3524
"80404",3890,778,3112
"80405",5715,1143,4572
"80406",5590,1118,4472
"80407",4650,930,3720
"80408",4180,836,3344
"80409",4735,947,3788
"80410",5595,1119,4476
"80411",4085,817,3268
"80412",6130,1226,4904
"80413",4775,955,3820
"80414",3655,731,2924
"80415",5970,1194,4776
"80416",4375,875,3500
"80417",6585,1317,5268
"80418",4920,984,3936
"80419",6720,1344,5376
"80420",5145,1029,4116
"80421",4700,940,3760
"80422",4735,947,3788
"80423",4920,984,3936
"80424",4155,831,3324
"80425",4125,825,3300
"80426",5005,1001,4004
"80427",3720,744,2976
"80428",5050,1010,4040
"80429",4895,979,3916
"80430",4390,878,3512
"80431",4465,893,3572
"80432",3960,792,3168
"80433",5545,1109,4436
"80434",4150,830,3320
"80435",5260,1052,4208
"80436",3750,750,3000
"80437",4480,896,3584
"80438",4265,853,3412
"80439",5770,1154,4616
"80440",4395,879,3516
"80441",4150,830,3320
"80442",5075,1015,4060
"80443",4190,838,3352
"80444",4430,886,3544
"80445",7615,1523,6092
"80446",3645,729,2916
"80447",5265,1053,4212
"80448",4080,816,3264
"80449",4640,928,3712
"80450",5285,1057,4228
"80451",4590,918,3672
"80452",5200,1040,4160
"80453",3950,790,3160
"80454",3880,776,3104
"80455",5105,1021,4084
"80456",3915,783,3132
"80457",3900,780,3120
"80458",4075,815,3260
"80459",3835,767,3068
"80460",3735,747,2988
"80461",3695,739,2956
"80462",4755,951,3804
"80463",5725,1145,4580
"80464",3545,709,2836
"80465",5795,1159,4636
"80466",3960,792,3168
"80467",5330,1066,4264
"80468",4415,883,3532
"80469",4450,890,3560
"80470",3520,704,2816
"80471",7140,1428,5712
"80472",3340,668,2672
"80473",5015,1003,4012
"80474",3965,793,3172
"80475",4785,957,3828
"80476",7870,1574,6296
"80477",5090,1018,4072
"80478",4800,960,3840
"80479",3965,793,3172
"80480",4555,911,3644
"80481",3805,761,3044
"80482",3685,737,2948
"80483",3490,698,2792
"80484",5590,1118,4472
"80485",3970,794,3176
"80486",4210,842,3368
"80487",4340,868,3472
"80488",5785,1157,4628
"80489",5285,1057,4228
"80490",5740,1148,4592
"80491",4340,868,3472
"80492",4780,956,3824
"80493",5395,1079,4316
"80494",3540,708,2832
"80495",9435,1887,7548
"80496",4580,916,3664
"80497",4190,838,3352
"80498",4055,811,3244
"80499",3895,779,3116
"80500",6355,1271,5084
"80501",4855,971,3884
"80502",5015,1003,4012
"80503",4930,986,3944
"80504",3470,694,2776
"80505",5525,1105,4420
"80506",5085,1017,4068
"80507",5040,1008,4032
"80508",5460,1092,4368
"80509",4345,869,3476
"80510",4220,844,3376
"80511",4355,871,3484
"80512",4395,879,3516
"80513",4715,943,3772
"80514",7555,1511,6044
"80515",5230,1046,4184
"80516",3525,705,2820
"80517",4310,862,3448
"80518",3870,774,3096
"80519",5525,1105,4420
"80520",3865,773,3092
"80521",4105,821,3284
"80522",4300,860,3440
"80523",4240,848,3392
"80524",4920,984,3936
"80525",4430,886,3544
"80526",4645,929,3716
"80527",4595,919,3676
"80528",3690,738,2952
"80529",4500,900,3600
"80530",3610,722,2888
"80531",4505,901,3604
"80532",4250,850,3400
"80533",4065,813,3252
"80534",4490,898,3592
"80535",5040,1008,4032
"80536",4460,892,3568
"80537",3880,776,3104
"80538",5485,1097,4388
"80539",3795,759,3036
"80540",5675,1135,4540
"80541",4045,809,3236
"80542",5425,1085,4340
"80543",6090,1218,4872
"80544",3820,764,3056
"80545",3685,737,2948
"80546",5385,1077,4308
"80547",4315,863,3452
"80548",3375,675,2700
"80549",3510,702,2808
"80550",4595,919,3676
"80551",3475,695,2780
"80552",5200,1040,4160
"80553",4905,981,3924
"80554",6685,1337,5348
"80555",5250,1050,4200
"80556",4720,944,3776
"80557",4340,868,3472
"80558",4210,842,3368
"80559",3750,750,3000
"80560",5700,1140,4560
"80561",4470,894,3576
"80562",4690,938,3752
"80563",4825,965,3860
"80564",4545,909,3636
"80565",5620,1124,4496
"80566",6350,1270,5080
"80567",3810,762,3048
"80568",4610,922,3688
"80569",5080,1016,4064
"80570",3550,710,2840
"80571",3205,641,2564
"80572",5295,1059,4236
"80573",4005,801,3204
"80574",5905,1181,4724
"80575",4030,806,3224
"80576",6775,1355,5420
"80577",4360,872,3488
"80578",3930,786,3144
"80579",4570,914,3656
"80580",5635,1127,4508
"80581",4810,962,3848
"80582",5010,1002,4008
"80583",4170,834,3336
"80584",5260,1052,4208
"80585",4350,870,3480
"80586",4335,867,3468
"80587",5575,1115,4460
"80588",4305,861,3444
"80589",5565,1113,4452
"80590",4355,871,3484
"80591",4345,869,3476
"80592",5925,1185,4740
"80593",3980,796,3184
"80594",3880,776,3104
"80595",4775,955,3820
"80596",3840,768,3072
"80597",4040,808,3232
"80598",4720,944,3776
"80599",5440,1088,4352
"80600",4835,967,3868
"80601",5615,1123,4492
"80602",5220,1044,4176
"80603",6085,1217,4868
"80604",4020,804,3216
"80605",4230,846,3384
"80606",4595,919,3676
"80607",5190,1038,4152
"80608",7140,1428,5712
"80609",5245,1049,4196
"80610",4045,809,3236
"80611",6050,1210,4840
"80612",5470,1094,4376
"80613",4370,874,3496
"80614",4655,931,3724
"80615",3540,708,2832
"80616",4830,966,3864
"80617",3895,779,3116
"80618",5470,1094,4376
"80619",3860,772,3088
"80620",5030,1006,4024
"80621",4095,819,3276
"80622",3500,700,2800
"80623",4195,839,3356
"80624",4905,981,3924
"80625",4715,943,3772
"80626",4865,973,3892
"80627",4300,860,3440
"80628",6025,1205,4820
"80629",4160,832,3328
"80630",4390,878,3512
"80631",6040,1208,4832
"80632",3715,743,2972
"80633",5820,1164,4656
"80634",5150,1030,4120
"80635",5050,1010,4040
"80636",4890,978,3912
"80637",4045,809,3236
"80638",4025,805,3220
"80639",4070,814,3256
"80640",4260,852,3408
"80641",4525,905,3620
"80642",4200,840,3360
"80643",5375,1075,4300
"80644",8840,1768,7072
"80645",4240,848,3392
"80646",4290,858,3432
"80647",4005,801,3204
"80648",4890,978,3912
"80649",5435,1087,4348
"80650",5195,1039,4156
"80651",3550,710,2840
"80652",4345,869,3476
"80653",5020,1004,4016
"80654",4045,809,3236
"80655",4220,844,3376
"80656",5690,1138,4552
"80657",4815,963,3852
"80658",3520,704,2816
"80659",4930,986,3944
"80660",3550,710,2840
"80661",5265,1053,4212
"80662",4370,874,3496
"80663",4425,885,3540
"80664",4170,834,3336
"80665",4125,825,3300
"80666",4485,897,3588
"80667",4880,976,3904
"80668",4045,809,3236
"80669",4070,814,3256
"80670",4330,866,3464
"80671",5425,1085,4340
"80672",3545,709,2836
"80673",5385,1077,4308
"80674",5325,1065,4260
"80675",4335,867,3468
"80676",4385,877,3508
"80677",5050,1010,4040
"80678",4030,806,3224
"80679",3915,783,3132
"80680",3395,679,2716
"80681",5440,1088,4352
"80682",3815,763,3052
"80683",4655,931,3724
"80684",6495,1299,5196
"80685",4900,980,3920
"80686",3795,759,3036
"80687",5380,1076,4304
"80688",6405,1281,5124
"80689",5085,1017,4068
"80690",5290,1058,4232
"80691",5125,1025,4100
"80692",4615,923,3692
"80693",5020,1004,4016
"80694",3890,778,3112
"80695",4565,913,3652
"80696",3985,797,3188
"80697",4120,824,3296
"80698",4005,801,3204
"80699",4855,971,3884
"80700",3895,779,3116
"80701",4950,990,3960
"80702",4925,985,3940
"80703",5780,1156,4624
"80704",7045,1409,5636
"80705",5115,1023,4092
"80706",4225,845,3380
"80707",3940,788,3152
"80708",4690,938,3752
"80709",3895,779,3116
"80710",5035,1007,4028
"80711",4240,848,3392
"80712",3960,792,3168
"80713",4855,971,3884
"80714",5200,1040,4160
"80715",4695,939,3756
"80716",4380,876,3504
"80717",4590,918,3672
"80718",4170,834,3336
"80719",4970,994,3976
"80720",4425,885,3540
"80721",5810,1162,4648
"80722",5235,1047,4188
"80723",6460,1292,5168
"80724",5020,1004,4016
"80725",4665,933,3732
"80726",4420,884,3536
"80727",4095,819,3276
"80728",5770,1154,4616
"80729",3955,791,3164
"80730",5890,1178,4712
"80731",3750,750,3000
"80732",3950,790,3160
"80733",3855,771,3084
"80734",3600,720,2880
"80735",6085,1217,4868
"80736",4145,829,3316
"80737",4325,865,3460
"80738",5240,1048,4192
"80739",5470,1094,4376
"80740",5315,1063,4252
"80741",5380,1076,4304
"80742",4020,804,3216
"80743",6480,1296,5184
"80744",4450,890,3560
"80745",3760,752,3008
"80746",3495,699,2796
"80747",7030,1406,5624
"80748",4190,838,3352
"80749",4275,855,3420
"80750",4715,943,3772
"80751",5055,1011,4044
"80752",4555,911,3644
"80753",4730,946,3784
"80754",4860,972,3888
"80755",4105,821,3284
"80756",4185,837,3348
"80757",4105,821,3284
"80758",5290,1058,4232
"80759",4655,931,3724
"80760",4165,833,3332
"80761",4445,889,3556
"80762",4755,951,3804
"80763",6100,1220,4880
"80764",3900,780,3120
"80765",4865,973,3892
"80766",4930,986,3944
"80767",4875,975,3900
"80768",4850,970,3880
"80769",4415,883,3532
"80770",4685,937,3748
"80771",3915,783,3132
"80772",5710,1142,4568
"80773",4135,827,3308
"80774",4540,908,3632
"80775",4430,886,3544
"80776",4305,861,3444
"80777",4230,846,3384
"80778",5510,1102,4408
"80779",4625,925,3700
"80780",4335,867,3468
"80781",4555,911,3644
"80782",4780,956,3824
"80783",4725,945,3780
"80784",4895,979,3916
"80785",4520,904,3616
"80786",5130,1026,4104
"80787",4515,903,3612
"80788",3955,791,3164
"80789",3855,771,3084
"80790",4015,803,3212
"80791",5115,1023,4092
"80792",3540,708,2832
"80793",4665,933,3732
"80794",4790,958,3832
"80795",5000,1000,4000
"80796",3730,746,2984
"80797",3895,779,3116
"80798",4450,890,3560
"80799",5405,1081,4324
"80800",3580,716,2864
"80801",3680,736,2944
"80802",4445,889,3556
"80803",4515,903,3612
"80804",5565,1113,4452
"80805",4345,869,3476
"80806",5580,1116,4464
"80807",5150,1030,4120
"80808",3565,713,2852
"80809",5190,1038,4152
"80810",4390,878,3512
"80811",4940,988,3952
"80812",4000,800,3200
"80813",4505,901,3604
"80814",3740,748,2992
"80815",4405,881,3524
"80816",5895,1179,4716
"80817",4900,980,3920
"80818",5260,1052,4208
"80819",3965,793,3172
"80820",6080,1216,4864
"80821",5355,1071,4284
"80822",3510,702,2808
"80823",4070,814,3256
"80824",3825,765,3060
"80825",3765,753,3012
"80826",4270,854,3416
"80827",4745,949,3796
"80828",5650,1130,4520
"80829",6640,1328,5312
"80830",4275,855,3420
"80831",5785,1157,4628
"80832",4510,902,3608
"80833",4255,851,3404
"80834",3800,760,3040
"80835",4375,875,3500
"80836",4160,832,3328
"80837",6630,1326,5304
"80838",4240,848,3392
"80839",4160,832,3328
"80840",6390,1278,5112
"80841",5080,1016,4064
"80842",3765,753,3012
"80843",4065,813,3252
"80844",3670,734,2936
"80845",3950,790,3160
"80846",7260,1452,5808
"80847",6610,1322,5288
"80848",5585,1117,4468
"80849",3915,783,3132
"80850",5365,1073,4292
"80851",6120,1224,4896
"80852",3415,683,2732
"80853",4645,929,3716
"80854",4175,835,3340
"80855",5545,1109,4436
"80856",4405,881,3524
"80857",4875,975,3900
"80858",4175,835,3340
"80859",5000,1000,4000
"80860",5045,1009,4036
"80861",3725,745,2980
"80862",4770,954,3816
"80863",6185,1237,4948
"80864",3555,711,2844
"80865",5580,1116,4464
"80866",4395,879,3516
"80867",4600,920,3680
"80868",5960,1192,4768
"80869",5725,1145,4580
"80870",4570,914,3656
"80871",4655,931,3724
"80872",3665,733,2932
"80873",3835,767,3068
"80874",4575,915,3660
"80875",3760,752,3008
"80876",5295,1059,4236
"80877",4080,816,3264
"80878",4775,955,3820
"80879",5105,1021,4084
"80880",4990,998,3992
"80881",4010,802,3208
"80882",4595,919,3676
"80883",5290,1058,4232
"80884",4560,912,3648
"80885",4205,841,3364
"80886",5670,1134,4536
"80887",4465,893,3572
"80888",5220,1044,4176
"80889",5535,1107,4428
"80890",3750,750,3000
"80891",5620,1124,4496
"80892",5775,1155,4620
"80893",4655,931,3724
"80894",4340,868,3472
"80895",4520,904,3616
"80896",5290,1058,4232
"80897",4730,946,3784
"80898",5930,1186,4744
"80899",3690,738,2952
"80900",4205,841,3364
"80901",4825,965,3860
"80902",6580,1316,5264
"80903",5865,1173,4692
"80904",5930,1186,4744
"80905",4415,883,3532
"80906",5070,1014,4056
"80907",5000,1000,4000
"80908",4885,977,3908
"80909",4350,870,3480
"80910",4715,943,3772
"80911",5005,1001,4004
"80912",3295,659,2636
"80913",3795,759,3036
"80914",6215,1243,4972
"80915",4185,837,3348
"80916",3925,785,3140
"80917",4095,819,3276
"80918",3895,779,3116
"80919",4060,812,3248
"80920",5335,1067,4268
"80921",5555,1111,4444
"80922",5760,1152,4608
"80923",6185,1237,4948
"80924",4820,964,3856
"80925",5135,1027,4108
"80926",6935,1387,5548
"80927",5025,1005,4020
"80928",5475,1095,4380
"80929",5960,1192,4768
"80930",4225,845,3380
"80931",4310,862,3448
"80932",3970,794,3176
"80933",5625,1125,4500
"80934",4795,959,3836
"80935",3465,693,2772
"80936",4975,995,3980
"80937",5605,1121,4484
"80938",4370,874,3496
"80939",3085,617,2468
"80940",4050,810,3240
"80941",4370,874,3496
"80942",4950,990,3960
"80943",5205,1041,4164
"80944",3700,740,2960
"80945",3635,727,2908
"80946",4215,843,3372
"80947",5650,1130,4520
"80948",4765,953,3812
"80949",3690,738,2952
"80950",5595,1119,4476
"80951",4225,845,3380
"80952",4135,827,3308
"80953",4500,900,3600
"80954",7525,1505,6020
"80955",6030,1206,4824
"80956",6270,1254,5016
"80957",3475,695,2780
"80958",3980,796,3184
"80959",4620,924,3696
"80960",4080,816,3264
"80961",3935,787,3148
"80962",4665,933,3732
"80963",5515,1103,4412
"80964",5185,1037,4148
"80965",3890,778,3112
"80966",4245,849,3396
"80967",6075,1215,4860
"80968",4100,820,3280
"80969",6195,1239,4956
"80970",4215,843,3372
"80971",4170,834,3336
"80972",4675,935,3740
"80973",5680,1136,4544
"80974",4805,961,3844
"80975",5415,1083,4332
"80976",4830,966,3864
"80977",4865,973,3892
"80978",4830,966,3864
"80979",5370,1074,4296
"80980",6300,1260,5040
"80981",4785,957,3828
"80982",4080,816,3264
"80983",4155,831,3324
"80984",4530,906,3624
"80985",4810,962,3848
"80986",4760,952,3808
"80987",4155,831,3324
"80988",4820,964,3856
"80989",4445,889,3556
"80990",5170,1034,4136
"80991",5000,1000,4000
"80992",6235,1247,4988
"80993",3705,741,2964
"80994",4920,984,3936
"80995",5060,1012,4048
"80996",3530,706,2824
"80997",4860,972,3888
"80998",6610,1322,5288
"80999",4205,841,3364
"81000",5085,1017,4068
"81001",3505,701,2804
"81002",6410,1282,5128
"81003",4660,932,3728
"81004",3910,782,3128
"81005",6010,1202,4808
"81006",4890,978,3912
"81007",7215,1443,5772
"81008",4470,894,3576
"81009",3735,747,2988
"81010",3615,723,2892
"81011",6520,1304,5216
"81012",4120,824,3296
"81013",4705,941,3764
"81014",4105,821,3284
"81015",4170,834,3336
"81016",4685,937,3748
"81017",5790,1158,4632
"81018",3310,662,2648
"81019",4360,872,3488
"81020",4925,985,3940
"81021",5455,1091,4364
"81022",4255,851,3404
"81023",7380,1476,5904
"81024",5205,1041,4164
"81025",5315,1063,4252
"81026",4185,837,3348
"81027",4300,860,3440
"81028",4535,907,3628
"81029",4140,828,3312
"81030",4105,821,3284
"81031",5370,1074,4296
"81032",4480,896,3584
"81033",4790,958,3832
"81034",5015,1003,4012
"81035",5590,1118,4472
"81036",5015,1003,4012
"81037",3695,739,2956
"81038",4095,819,3276
"81039",3660,732,2928
"81040",4575,915,3660
"81041",5920,1184,4736
"81042",4245,849,3396
"81043",4885,977,3908
"81044",4345,869,3476
"81045",4150,830,3320
"81046",4780,956,3824
"81047",7440,1488,5952
"81048",5545,1109,4436
"81049",3850,770,3080
"81050",4185,837,3348
"81051",4650,930,3720
"81052",5360,1072,4288
"81053",4270,854,3416
"81054",4015,803,3212
"81055",6075,1215,4860
"81056",4990,998,3992
"81057",6645,1329,5316
"81058",4410,882,3528
"81059",4140,828,3312
"81060",6695,1339,5356
"81061",3565,713,2852
"81062",5220,1044,4176
"81063",4690,938,3752
"81064",7410,1482,5928
"81065",4500,900,3600
"81066",3855,771,3084
"81067",5120,1024,4096
"81068",5140,1028,4112
"81069",8440,1688,6752
"81070",3615,723,2892
"81071",4720,944,3776
"81072",4080,816,3264
"81073",3795,759,3036
"81074",4620,924,3696
"81075",4300,860,3440
"81076",4480,896,3584
"81077",4145,829,3316
"81078",4800,960,3840
"81079",4050,810,3240
"81080",5520,1104,4416
"81081",4175,835,3340
"81082",3730,746,2984
"81083",3605,721,2884
"81084",5155,1031,4124
"81085",5745,1149,4596
"81086",4040,808,3232
"81087",6070,1214,4856
"81088",4125,825,3300
"81089",5030,1006,4024
"81090",6435,1287,5148
"81091",3925,785,3140
"81092",5235,1047,4188
"81093",4565,913,3652
"81094",3720,744,2976
"81095",3860,772,3088
"81096",4400,880,3520
"81097",4085,817,3268
"81098",4150,830,3320
"81099",4835,967,3868
"81100",3705,741,2964
"81101",5045,1009,4036
"81102",4890,978,3912
"81103",4275,855,3420
"81104",3855,771,3084
"81105",5715,1143,4572
"81106",4760,952,3808
"81107",4190,838,3352
"81108",4595,919,3676
"81109",4350,870,3480
"81110",3540,708,2832
"81111",4195,839,3356
"81112",4930,986,3944
"81113",3685,737,2948
"81114",5050,1010,4040
"81115",4180,836,3344
"81116",4285,857,3428
"81117",3305,661,2644
"81118",4960,992,3968
"81119",4590,918,3672
"81120",6535,1307,5228
"81121",5545,1109,4436
"81122",4115,823,3292
"81123",5545,1109,4436
"81124",5390,1078,4312
"81125",6415,1283,5132
"81126",4290,858,3432
"81127",3985,797,3188
"81128",4805,961,3844
"81129",4290,858,3432
"81130",3865,773,3092
"81131",4590,918,3672
"81132",4620,924,3696
"81133",6125,1225,4900
"81134",5270,1054,4216
"81135",5235,1047,4188
"81136",4440,888,3552
"81137",2840,568,2272
"81138",6280,1256,5024
"81139",4120,824,3296
"81140",6680,1336,5344
"81141",4080,816,3264
"81142",6170,1234,4936
"81143",3800,760,3040
"81144",3820,764,3056
"81145",4465,893,3572
"81146",4080,816,3264
"81147",5020,1004,4016
"81148",4645,929,3716
"81149",4515,903,3612
"81150",4500,900,3600
"81151",4225,845,3380
"81152",3770,754,3016
"81153",3800,760,3040
"81154",4120,824,3296
"81155",4050,810,3240
"81156",4325,865,3460
"81157",4815,963,3852
"81158",5205,1041,4164
"81159",4520,904,3616
"81160",5360,1072,4288
"81161",5335,1067,4268
"81162",4935,987,3948
"81163",5210,1042,4168
"81164",4550,910,3640
"81165",4315,863,3452
"81166",4320,864,3456
"81167",5475,1095,4380
"81168",5175,1035,4140
"81169",4100,820,3280
"81170",5305,1061,4244
"81171",3870,774,3096
"81172",3675,735,2940
"81173",4345,869,3476
"81174",5575,1115,4460
"81175",4525,905,3620
"81176",5170,1034,4136
"81177",3980,796,3184
"81178",4075,815,3260
"81179",4145,829,3316
"81180",4690,938,3752
"81181",5040,1008,4032
"81182",3400,680,2720
"81183",5875,1175,4700
"81184",4070,814,3256
"81185",4235,847,3388
"81186",4725,945,3780
"81187",4175,835,3340
"81188",4275,855,3420
"81189",4435,887,3548
"81190",3905,781,3124
"81191",5985,1197,4788
"81192",6290,1258,5032
"81193",4980,996,3984
"81194",6815,1363,5452
"81195",6245,1249,4996
"81196",5190,1038,4152
"81197",5885,1177,4708
"81198",5525,1105,4420
"81199",5480,1096,4384
"81200",5695,1139,4556
"81201",3860,772,3088
"81202",4370,874,3496
"81203",4845,969,3876
"81204",4165,833,3332
"81205",4955,991,3964
"81206",3745,749,2996
"81207",4875,975,3900
"81208",4170,834,3336
"81209",5360,1072,4288
"81210",3655,731,2924
"81211",3845,769,3076
"81212",5880,1176,4704
"81213",3750,750,3000
"81214",4315,863,3452
"81215",3635,727,2908
"81216",5120,1024,4096
"81217",4885,977,3908
"81218",3210,642,2568
"81219",4705,941,3764
"81220",5525,1105,4420
"81221",4835,967,3868
"81222",4750,950,3800
"81223",4730,946,3784
"81224",4860,972,3888
"81225",5915,1183,4732
"81226",4775,955,3820
"81227",4845,969,3876
"81228",4155,831,3324
"81229",4245,849,3396
"81230",4995,999,3996
"81231",5185,1037,4148
"81232",3795,759,3036
"81233",5675,1135,4540
"81234",7055,1411,5644
"81235",4015,803,3212
"81236",4810,962,3848
"81237",5450,1090,4360
"81238",3345,669,2676
"81239",3785,757,3028
"81240",5695,1139,4556
"81241",4475,895,3580
"81242",4425,885,3540
"81243",4565,913,3652
"81244",5255,1051,4204
"81245",4215,843,3372
"81246",4740,948,3792
"81247",4920,984,3936
"81248",4140,828,3312
"81249",4465,893,3572
"81250",3375,675,2700
"81251",4110,822,3288
"81252",4245,849,3396
"81253",4680,936,3744
"81254",4130,826,3304
"81255",5370,1074,4296
"81256",3360,672,2688
"81257",5315,1063,4252
"81258",4650,930,3720
"81259",3925,785,3140
"81260",7270,1454,5816
"81261",6490,1298,5192
"81262",5595,1119,4476
"81263",6115,1223,4892
"81264",4720,944,3776
"81265",4445,889,3556
"81266",6040,1208,4832
"81267",4875,975,3900
"81268",4460,892,3568
"81269",3535,707,2828
"81270",4815,963,3852
"81271",4005,801,3204
"81272",4035,807,3228
"81273",4780,956,3824
"81274",4620,924,3696
"81275",4090,818,3272
"81276",5615,1123,4492
"81277",4615,923,3692
"81278",5790,1158,4632
"81279",5795,1159,4636
"81280",4520,904,3616
"81281",5445,1089,4356
"81282",4910,982,3928
"81283",4760,952,3808
"81284",4250,850,3400
"81285",4560,912,3648
"81286",4580,916,3664
"81287",4135,827,3308
"81288",4015,803,3212
"81289",4635,927,3708
"81290",6110,1222,4888
"81291",5890,1178,4712
"81292",4535,907,3628
"81293",4935,987,3948
"81294",3660,732,2928
"81295",3830,766,3064
"81296",5410,1082,4328
"81297",4490,898,3592
"81298",5565,1113,4452
"81299",4640,928,3712
"81300",5385,1077,4308
"81301",4580,916,3664
"81302",5120,1024,4096
"81303",4155,831,3324
"81304",4690,938,3752
"81305",3775,755,3020
"81306",4205,841,3364
"81307",4800,960,3840
"81308",4115,823,3292
"81309",5335,1067,4268
"81310",4575,915,3660
"81311",4855,971,3884
"81312",3870,774,3096
"81313",3910,782,3128
"81314",4680,936,3744
"81315",5445,1089,4356
"81316",3815,763,3052
"81317",4285,857,3428
"81318",4860,972,3888
"81319",6430,1286,5144
"81320",4560,912,3648
"81321",3630,726,2904
"81322",5860,1172,4688
"81323",4480,896,3584
"81324",4590,918,3672
"81325",4920,984,3936
"81326",4490,898,3592
"81327",4180,836,3344
"81328",4955,991,3964
"81329",5070,1014,4056
"81330",6855,1371,5484
"81331",3865,773,3092
"81332",4860,972,3888
"81333",4230,846,3384
"81334",4065,813,3252
"81335",4980,996,3984
"81336",4645,929,3716
"81337",3620,724,2896
"81338",4460,892,3568
"81339",4590,918,3672
"81340",6025,1205,4820
"81341",4390,878,3512
"81342",3810,762,3048
"81343",5310,1062,4248
"81344",4870,974,3896
"81345",7500,1500,6000
"81346",5900,1180,4720
"81347",4350,870,3480
"81348",5095,1019,4076
"81349",4035,807,3228
"81350",4980,996,3984
"81351",3975,795,3180
"81352",4060,812,3248
"81353",4115,823,3292
"81354",4215,843,3372
"81355",3930,786,3144
"81356",4140,828,3312
"81357",4055,811,3244
"81358",6500,1300,5200
"81359",5810,1162,4648
"81360",3795,759,3036
"81361",4325,865,3460
"81362",5250,1050,4200
"81363",4280,856,3424
"81364",4265,853,3412
"81365",4635,927,3708
"81366",4350,870,3480
"81367",4930,986,3944
"81368",4760,952,3808
"81369",4005,801,3204
"81370",5290,1058,4232
"81371",3905,781,3124
"81372",5310,1062,4248
"81373",3640,728,2912
"81374",5435,1087,4348
"81375",5325,1065,4260
"81376",4675,935,3740
"81377",4505,901,3604
"81378",4395,879,3516
"81379",4270,854,3416
"81380",4600,920,3680
"81381",3830,766,3064
"81382",5540,1108,4432
"81383",4645,929,3716
"81384",5290,1058,4232
"81385",4075,815,3260
"81386",4340,868,3472
"81387",4545,909,3636
"81388",4780,956,3824
"81389",4130,826,3304
"81390",4130,826,3304
"81391",4910,982,3928
"81392",4940,988,3952
"81393",4525,905,3620
"81394",4660,932,3728
"81395",4845,969,3876
"81396",4215,843,3372
"81397",4235,847,3388
"81398",3920,784,3136
"81399",4865,973,3892
"81400",5465,1093,4372
"81401",7705,1541,6164
"81402",3940,788,3152
"81403",3625,725,2900
"81404",4005,801,3204
"81405",5325,1065,4260
"81406",4475,895,3580
"81407",5745,1149,4596
"81408",4510,902,3608
"81409",5500,1100,4400
"81410",4480,896,3584
"81411",4415,883,3532
"81412",4750,950,3800
"81413",4575,915,3660
"81414",4180,836,3344
"81415",4445,889,3556
"81416",5100,1020,4080
"81417",4240,848,3392
"81418",4170,834,3336
"81419",4675,935,3740
"81420",4015,803,3212
"81421",4520,904,3616
"81422",4780,956,3824
"81423",4565,913,3652
"81424",3680,736,2944
"81425",4855,971,3884
"81426",4180,836,3344
"81427",5015,1003,4012
"81428",3495,699,2796
"81429",4110,822,3288
"81430",3815,763,3052
"81431",7005,1401,5604
"81432",5320,1064,4256
"81433",4220,844,3376
"81434",5800,1160,4640
"81435",3855,771,3084
"81436",5345,1069,4276
"81437",4850,970,3880
"81438",3585,717,2868
"81439",5530,1106,4424
"81440",4445,889,3556
"81441",3795,759,3036
"81442",4560,912,3648
"81443",4890,978,3912
"81444",6460,1292,5168
"81445",3970,794,3176
"81446",4360,872,3488
"81447",5660,1132,4528
"81448",4835,967,3868
"81449",3615,723,2892
"81450",4350,870,3480
"81451",4210,842,3368
"81452",4835,967,3868
"81453",4615,923,3692
"81454",3615,723,2892
"81455",6330,1266,5064
"81456",3705,741,2964
"81457",5090,1018,4072
"81458",7730,1546,6184
"81459",4550,910,3640
"81460",4345,869,3476
"81461",4645,929,3716
"81462",4430,886,3544
"81463",4335,867,3468
"81464",4480,896,3584
"81465",5215,1043,4172
"81466",5410,1082,4328
"81467",5730,1146,4584
"81468",4275,855,3420
"81469",4395,879,3516
"81470",5105,1021,4084
"81471",4225,845,3380
"81472",4450,890,3560
"81473",4890,978,3912
"81474",5110,1022,4088
"81475",4030,806,3224
"81476",4810,962,3848
"81477",4820,964,3856
"81478",4225,845,3380
"81479",5125,1025,4100
"81480",3850,770,3080
"81481",3760,752,3008
"81482",4460,892,3568
"81483",3425,685,2740
"81484",3965,793,3172
"81485",3890,778,3112
"81486",4510,902,3608
"81487",4765,953,3812
"81488",4120,824,3296
"81489",4595,919,3676
"81490",4145,829,3316
"81491",4670,934,3736
"81492",5640,1128,4512
"81493",4160,832,3328
"81494",3630,726,2904
"81495",5200,1040,4160
"81496",5550,1110,4440
"81497",5815,1163,4652
"81498",4795,959,3836
"81499",4255,851,3404
"81500",4940,988,3952
"81501",3985,797,3188
"81502",3985,797,3188
"81503",3840,768,3072
"81504",5270,1054,4216
"81505",4990,998,3992
"81506",3945,789,3156
"81507",4585,917,3668
"81508",4130,826,3304
"81509",5225,1045,4180
"81510",3940,788,3152
"81511",6310,1262,5048
"81512",6060,1212,4848
"81513",3630,726,2904
"81514",5685,1137,4548
"81515",5570,1114,4456
"81516",4210,842,3368
"81517",6990,1398,5592
"81518",4020,804,3216
"81519",5205,1041,4164
"81520",4990,998,3992
"81521",3730,746,2984
"81522",4770,954,3816
"81523",5235,1047,4188
"81524",5135,1027,4108
"81525",3900,780,3120
"81526",5645,1129,4516
"81527",5460,1092,4368
"81528",5245,1049,4196
"81529",4475,895,3580
"81530",4635,927,3708
"81531",4715,943,3772
"81532",3640,728,2912
"81533",4675,935,3740
"81534",3765,753,3012
"81535",4665,933,3732
"81536",3810,762,3048
"81537",4420,884,3536
"81538",3955,791,3164
"81539",5520,1104,4416
"81540",3870,774,3096
"81541",5210,1042,4168
"81542",3435,687,2748
"81543",6195,1239,4956
"81544",3850,770,3080
"81545",4350,870,3480
"81546",4885,977,3908
"81547",6060,1212,4848
"81548",5165,1033,4132
"81549",4320,864,3456
"81550",3655,731,2924
"81551",5335,1067,4268
"81552",5060,1012,4048
"81553",4260,852,3408
"81554",4355,871,3484
"81555",5655,1131,4524
"81556",4580,916,3664
"81557",5580,1116,4464
"81558",4340,868,3472
"81559",4210,842,3368
"81560",4385,877,3508
"81561",4795,959,3836
"81562",3680,736,2944
"81563",3945,789,3156
"81564",3910,782,3128
"81565",4835,967,3868
"81566",4590,918,3672
"81567",4780,956,3824
"81568",5370,1074,4296
"81569",5035,1007,4028
"81570",4600,920,3680
"81571",4845,969,3876
"81572",5210,1042,4168
"81573",3280,656,2624
"81574",4280,856,3424
"81575",4465,893,3572
"81576",4565,913,3652
"81577",5210,1042,4168
"81578",4170,834,3336
"81579",5715,1143,4572
"81580",4050,810,3240
"81581",4165,833,3332
"81582",5440,1088,4352
"81583",5700,1140,4560
"81584",4200,840,3360
"81585",3425,685,2740
"81586",5145,1029,4116
"81587",4165,833,3332
"81588",4055,811,3244
"81589",4135,827,3308
"81590",4080,816,3264
"81591",3610,722,2888
"81592",4080,816,3264
"81593",3925,785,3140
"81594",4220,844,3376
"81595",4750,950,3800
"81596",4235,847,3388
"81597",4160,832,3328
"81598",5565,1113,4452
"81599",5510,1102,4408
"81600",4340,868,3472
"81601",7170,1434,5736
"81602",4750,950,3800
"81603",3835,767,3068
"81604",4355,871,3484
"81605",5715,1143,4572
"81606",4150,830,3320
"81607",3735,747,2988
"81608",3780,756,3024
"81609",4985,997,3988
"81610",4400,880,3520
"81611",3855,771,3084
"81612",4925,985,3940
"81613",6070,1214,4856
"81614",5260,1052,4208
"81615",6500,1300,5200
"81616",3860,772,3088
"81617",3835,767,3068
"81618",5930,1186,4744
"81619",5420,1084,4336
"81620",4745,949,3796
"81621",3905,781,3124
"81622",5330,1066,4264
"81623",4330,866,3464
"81624",4315,863,3452
"81625",5320,1064,4256
"81626",4300,860,3440
"81627",4030,806,3224
"81628",4045,809,3236
"81629",4100,820,3280
"81630",4595,919,3676
"81631",3390,678,2712
"81632",4965,993,3972
"81633",6850,1370,5480
"81634",4505,901,3604
"81635",4025,805,3220
"81636",3820,764,3056
"81637",5925,1185,4740
"81638",5535,1107,4428
"81639",4740,948,3792
"81640",4815,963,3852
"81641",4710,942,3768
"81642",3690,738,2952
"81643",7310,1462,5848
"81644",5830,1166,4664
"81645",3620,724,2896
"81646",5595,1119,4476
"81647",3965,793,3172
"81648",4465,893,3572
"81649",4855,971,3884
"81650",6540,1308,5232
"81651",3945,789,3156
"81652",5715,1143,4572
"81653",5830,1166,4664
"81654",4250,850,3400
"81655",4000,800,3200
"81656",4665,933,3732
"81657",4655,931,3724
"81658",4875,975,3900
"81659",5355,1071,4284
"81660",4990,998,3992
"81661",3795,759,3036
"81662",3670,734,2936
"81663",4450,890,3560
"81664",4495,899,3596
"81665",4730,946,3784
"81666",3470,694,2776
"81667",3615,723,2892
"81668",4275,855,3420
"81669",4700,940,3760
"81670",5135,1027,4108
"81671",5445,1089,4356
"81672",4510,902,3608
"81673",5085,1017,4068
"81674",5675,1135,4540
"81675",6265,1253,5012
"81676",4740,948,3792
"81677",5350,1070,4280
"81678",5140,1028,4112
"81679",4950,990,3960
"81680",5100,1020,4080
"81681",3910,782,3128
"81682",5590,1118,4472
"81683",6210,1242,4968
"81684",3855,771,3084
"81685",3830,766,3064
"81686",4835,967,3868
"81687",4535,907,3628
"81688",5330,1066,4264
"81689",5070,1014,4056
"81690",4055,811,3244
"81691",4285,857,3428
"81692",4150,830,3320
"81693",6250,1250,5000
"81694",4760,952,3808
"81695",4845,969,3876
"81696",5180,1036,4144
"81697",4685,937,3748
"81698",5340,1068,4272
"81699",5735,1147,4588
"81700",5275,1055,4220
"81701",4135,827,3308
"81702",3685,737,2948
"81703",5475,1095,4380
"81704",5890,1178,4712
"81705",4250,850,3400
"81706",6220,1244,4976
"81707",4755,951,3804
"81708",3835,767,3068
"81709",4610,922,3688
"81710",3550,710,2840
"81711",4480,896,3584
"81712",5830,1166,4664
"81713",4095,819,3276
"81714",3930,786,3144
"81715",3730,746,2984
"81716",4275,855,3420
"81717",4295,859,3436
"81718",4335,867,3468
"81719",5005,1001,4004
"81720",6825,1365,5460
"81721",4560,912,3648
"81722",4765,953,3812
"81723",5250,1050,4200
"81724",6820,1364,5456
"81725",3615,723,2892
"81726",4405,881,3524
"81727",5140,1028,4112
"81728",4140,828,3312
"81729",3975,795,3180
"81730",5250,1050,4200
"81731",5060,1012,4048
"81732",3825,765,3060
"81733",4450,890,3560
"81734",4090,818,3272
"81735",4875,975,3900
"81736",3300,660,2640
"81737",4550,910,3640
"81738",4455,891,3564
"81739",4470,894,3576
"81740",4255,851,3404
"81741",4505,901,3604
"81742",5200,1040,4160
"81743",3705,741,2964
"81744",4755,951,3804
"81745",4545,909,3636
"81746",5290,1058,4232
"81747",4695,939,3756
"81748",4515,903,3612
"81749",3575,715,2860
"81750",5625,1125,4500
"81751",3980,796,3184
"81752",5630,1126,4504
"81753",4955,991,3964
"81754",4675,935,3740
"81755",3760,752,3008
"81756",4615,923,3692
"81757",5220,1044,4176
"81758",5065,1013,4052
"81759",4075,815,3260
"81760",4420,884,3536
"81761",3465,693,2772
"81762",6390,1278,5112
"81763",6470,1294,5176
"81764",5060,1012,4048
"81765",4600,920,3680
"81766",4420,884,3536
"81767",3735,747,2988
"81768",4150,830,3320
"81769",5415,1083,4332
"81770",4610,922,3688
"81771",4775,955,3820
"81772",4840,968,3872
"81773",8820,1764,7056
"81774",4945,989,3956
"81775",3915,783,3132
"81776",4345,869,3476
"81777",4255,851,3404
"81778",4585,917,3668
"81779",4720,944,3776
"81780",5565,1113,4452
"81781",4855,971,3884
"81782",4265,853,3412
"81783",4215,843,3372
"81784",5895,1179,4716
"81785",3850,770,3080
"81786",4840,968,3872
"81787",4440,888,3552
"81788",3695,739,2956
"81789",4710,942,3768
"81790",4100,820,3280
"81791",4820,964,3856
"81792",4390,878,3512
"81793",3285,657,2628
"81794",7010,1402,5608
"81795",4855,971,3884
"81796",5805,1161,4644
"81797",4480,896,3584
"81798",4120,824,3296
"81799",4430,886,3544
"81800",5065,1013,4052
"81801",4175,835,3340
"81802",4440,888,3552
"81803",4580,916,3664
"81804",5265,1053,4212
"81805",3755,751,3004
"81806",5410,1082,4328
"81807",4765,953,3812
"81808",4970,994,3976
"81809",3990,798,3192
"81810",6210,1242,4968
"81811",5025,1005,4020
"81812",3735,747,2988
"81813",4695,939,3756
"81814",4635,927,3708
"81815",4475,895,3580
"81816",5485,1097,4388
"81817",4525,905,3620
"81818",3615,723,2892
"81819",4375,875,3500
"81820",4640,928,3712
"81821",4565,913,3652
"81822",3920,784,3136
"81823",5120,1024,4096
"81824",4385,877,3508
"81825",4870,974,3896
"81826",5610,1122,4488
"81827",4165,833,3332
"81828",4905,981,3924
"81829",4135,827,3308
"81830",5060,1012,4048
"81831",5260,1052,4208
"81832",3645,729,2916
"81833",5670,1134,4536
"81834",4795,959,3836
"81835",4370,874,3496
"81836",7240,1448,5792
"81837",4365,873,3492
"81838",4955,991,3964
"81839",4675,935,3740
"81840",3660,732,2928
"81841",3965,793,3172
"81842",5265,1053,4212
"81843",4725,945,3780
"81844",6045,1209,4836
"81845",4290,858,3432
"81846",4390,878,3512
"81847",3555,711,2844
"81848",4630,926,3704
"81849",5705,1141,4564
"81850",6875,1375,5500
"81851",7065,1413,5652
"81852",5335,1067,4268
"81853",3280,656,2624
"81854",4275,855,3420
"81855",4295,859,3436
"81856",3695,739,2956
"81857",4575,915,3660
"81858",4175,835,3340
"81859",5065,1013,4052
"81860",4370,874,3496
"81861",5285,1057,4228
"81862",3480,696,2784
"81863",4525,905,3620
"81864",5055,1011,4044
"81865",5335,1067,4268
"81866",5125,1025,4100
"81867",4780,956,3824
"81868",4775,955,3820
"81869",5075,1015,4060
"81870",5095,1019,4076
"81871",4160,832,3328
"81872",5255,1051,4204
"81873",3785,757,3028
"81874",4830,966,3864
"81875",4600,920,3680
"81876",5425,1085,4340
"81877",4460,892,3568
"81878",5210,1042,4168
"81879",4360,872,3488
"81880",4855,971,3884
"81881",5515,1103,4412
"81882",4115,823,3292
"81883",5355,1071,4284
"81884",5345,1069,4276
"81885",4675,935,3740
"81886",4875,975,3900
"81887",3790,758,3032
"81888",4865,973,3892
"81889",3850,770,3080
"81890",4900,980,3920
"81891",4215,843,3372
"81892",4750,950,3800
"81893",4565,913,3652
"81894",4215,843,3372
"81895",5170,1034,4136
"81896",3985,797,3188
"81897",4700,940,3760
"81898",5325,1065,4260
"81899",4590,918,3672
"81900",5060,1012,4048
"81901",4500,900,3600
"81902",4915,983,3932
"81903",5015,1003,4012
"81904",7565,1513,6052
"81905",5310,1062,4248
"81906",5090,1018,4072
"81907",5850,1170,4680
"81908",4495,899,3596
"81909",4455,891,3564
"81910",3545,709,2836
"81911",5600,1120,4480
"81912",3525,705,2820
"81913",4210,842,3368
"81914",5415,1083,4332
"81915",3605,721,2884
"81916",4475,895,3580
"81917",4485,897,3588
"81918",4310,862,3448
"81919",5120,1024,4096
"81920",4825,965,3860
"81921",5785,1157,4628
"81922",4575,915,3660
"81923",4630,926,3704
"81924",4520,904,3616
"81925",6725,1345,5380
"81926",6070,1214,4856
"81927",4510,902,3608
"81928",4730,946,3784
"81929",3685,737,2948
"81930",3740,748,2992
"81931",4070,814,3256
"81932",5010,1002,4008
"81933",3540,708,2832
"81934",3565,713,2852
"81935",3775,755,3020
"81936",6840,1368,5472
"81937",5040,1008,4032
"81938",5695,1139,4556
"81939",3990,798,3192
"81940",5255,1051,4204
"81941",5160,1032,4128
"81942",4655,931,3724
"81943",4455,891,3564
"81944",4010,802,3208
"81945",5110,1022,4088
"81946",3750,750,3000
"81947",4640,928,3712
"81948",5585,1117,4468
"81949",6410,1282,5128
"81950",5660,1132,4528
"81951",5770,1154,4616
"81952",3490,698,2792
"81953",5765,1153,4612
"81954",3450,690,2760
"81955",4505,901,3604
"81956",4830,966,3864
"81957",5280,1056,4224
"81958",4565,913,3652
"81959",3580,716,2864
"81960",3335,667,2668
"81961",3205,641,2564
"81962",3405,681,2724
"81963",4535,907,3628
"81964",3885,777,3108
"81965",5245,1049,4196
"81966",4635,927,3708
"81967",5670,1134,4536
"81968",4315,863,3452
"81969",4520,904,3616
"81970",4005,801,3204
"81971",3960,792,3168
"81972",5125,1025,4100
"81973",3830,766,3064
"81974",4440,888,3552
"81975",5065,1013,4052
"81976",5930,1186,4744
"81977",4275,855,3420
"81978",6140,1228,4912
"81979",5290,1058,4232
"81980",4175,835,3340
"81981",4170,834,3336
"81982",4140,828,3312
"81983",5570,1114,4456
"81984",3945,789,3156
"81985",3925,785,3140
"81986",3125,625,2500
"81987",5880,1176,4704
"81988",4630,926,3704
"81989",4805,961,3844
"81990",3810,762,3048
"81991",4330,866,3464
"81992",5075,1015,4060
"81993",4935,987,3948
"81994",4000,800,3200
"81995",4820,964,3856
"81996",3525,705,2820
"81997",4335,867,3468
"81998",3970,794,3176
"81999",3355,671,2684
"82000",4380,876,3504
"82001",3960,792,3168
"82002",4965,993,3972
"82003",5785,1157,4628
"82004",6010,1202,4808
"82005",4920,984,3936
"82006",5025,1005,4020
"82007",4940,988,3952
"82008",5160,1032,4128
"82009",5190,1038,4152
"82010",3715,743,2972
"82011",4915,983,3932
"82012",4735,947,3788
"82013",4525,905,3620
"82014",3385,677,2708
"82015",4930,986,3944
"82016",3915,783,3132
"82017",4530,906,3624
"82018",4640,928,3712
"82019",4125,825,3300
"82020",5260,1052,4208
"82021",4305,861,3444
"82022",4610,922,3688
"82023",4475,895,3580
"82024",5160,1032,4128
"82025",5430,1086,4344
"82026",5015,1003,4012
"82027",4195,839,3356
"82028",6820,1364,5456
"82029",5400,1080,4320
"82030",3930,786,3144
"82031",5415,1083,4332
"82032",4960,992,3968
"82033",4600,920,3680
"82034",4060,812,3248
"82035",4380,876,3504
"82036",4465,893,3572
"82037",5860,1172,4688
"82038",5375,1075,4300
"82039",4470,894,3576
"82040",5260,1052,4208
"82041",4220,844,3376
"82042",4850,970,3880
"82043",6765,1353,5412
"82044",4920,984,3936
"82045",3845,769,3076
"82046",5795,1159,4636
"82047",4400,880,3520
"82048",5635,1127,4508
"82049",4215,843,3372
"82050",3630,726,2904
"82051",3685,737,2948
"82052",4850,970,3880
"82053",3210,642,2568
"82054",3980,796,3184
"82055",4895,979,3916
"82056",3785,757,3028
"82057",4370,874,3496
"82058",4180,836,3344
"82059",6035,1207,4828
"82060",4775,955,3820
"82061",3975,795,3180
"82062",4325,865,3460
"82063",5200,1040,4160
"82064",3795,759,3036
"82065",4975,995,3980
"82066",4515,903,3612
"82067",5400,1080,4320
"82068",6180,1236,4944
"82069",3995,799,3196
"82070",3575,715,2860
"82071",6970,1394,5576
"82072",4340,868,3472
"82073",4220,844,3376
"82074",4105,821,3284
"82075",4820,964,3856
"82076",5035,1007,4028
"82077",3695,739,2956
"82078",6560,1312,5248
"82079",4035,807,3228
"82080",3620,724,2896
"82081",4555,911,3644
"82082",3670,734,2936
"82083",7420,1484,5936
"82084",5270,1054,4216
"82085",4775,955,3820
"82086",3370,674,2696
"82087",3890,778,3112
"82088",3765,753,3012
"82089",4510,902,3608
"82090",3795,759,3036
"82091",4770,954,3816
"82092",4520,904,3616
"82093",3500,700,2800
"82094",6430,1286,5144
"82095",3555,711,2844
"82096",4585,917,3668
"82097",5530,1106,4424
"82098",5580,1116,4464
"82099",4455,891,3564
"82100",5840,1168,4672
"82101",4280,856,3424
"82102",3985,797,3188
"82103",4325,865,3460
"82104",3555,711,2844
"82105",4205,841,3364
"82106",4225,845,3380
"82107",4740,948,3792
"82108",3940,788,3152
"82109",4670,934,3736
"82110",4160,832,3328
"82111",4260,852,3408
"82112",6085,1217,4868
"82113",6170,1234,4936
"82114",4045,809,3236
"82115",4595,919,3676
"82116",4905,981,3924
"82117",4210,842,3368
"82118",3930,786,3144
"82119",4225,845,3380
"82120",5145,1029,4116
"82121",5150,1030,4120
"82122",4095,819,3276
"82123",5220,1044,4176
"82124",4640,928,3712
"82125",3990,798,3192
"82126",3585,717,2868
"82127",5950,1190,4760
"82128",3820,764,3056
"82129",4110,822,3288
"82130",4570,914,3656
"82131",4050,810,3240
"82132",4485,897,3588
"82133",5325,1065,4260
"82134",6065,1213,4852
"82135",4270,854,3416
"82136",5510,1102,4408
"82137",5855,1171,4684
"82138",4050,810,3240
"82139",5155,1031,4124
"82140",4245,849,3396
"82141",4760,952,3808
"82142",5125,1025,4100
"82143",4605,921,3684
"82144",4460,892,3568
"82145",5345,1069,4276
"82146",4595,919,3676
"82147",4735,947,3788
"82148",5580,1116,4464
"82149",5450,1090,4360
"82150",4285,857,3428
"82151",5060,1012,4048
"82152",4885,977,3908
"82153",3935,787,3148
"82154",4910,982,3928
"82155",4500,900,3600
"82156",3890,778,3112
"82157",5945,1189,4756
"82158",3410,682,2728
"82159",5245,1049,4196
"82160",7280,1456,5824
"82161",4760,952,3808
"82162",5055,1011,4044
"82163",4540,908,3632
"82164",3795,759,3036
"82165",5565,1113,4452
"82166",5890,1178,4712
"82167",5970,1194,4776
"82168",4010,802,3208
"82169",5615,1123,4492
"82170",5420,1084,4336
"82171",4025,805,3220
"82172",5035,1007,4028
"82173",4520,904,3616
"82174",4010,802,3208
"82175",4570,914,3656
"82176",4655,931,3724
"82177",5110,1022,4088
"82178",4770,954,3816
"82179",4600,920,3680
"82180",4735,947,3788
"82181",4185,837,3348
"82182",3615,723,2892
"82183",4775,955,3820
"82184",4045,809,3236
"82185",3585,717,2868
"82186",4410,882,3528
"82187",7180,1436,5744
"82188",4390,878,3512
"82189",4135,827,3308
"82190",6235,1247,4988
"82191",4175,835,3340
"82192",5650,1130,4520
"82193",4185,837,3348
"82194",3185,637,2548
"82195",4930,986,3944
"82196",4100,820,3280
"82197",3585,717,2868
"82198",4285,857,3428
"82199",3995,799,3196
"82200",3910,782,3128
"82201",3290,658,2632
"82202",4580,916,3664
"82203",5720,1144,4576
"82204",3495,699,2796
"82205",3800,760,3040
"82206",4485,897,3588
"82207",3475,695,2780
"82208",5050,1010,4040
"82209",3425,685,2740
"82210",5705,1141,4564
"82211",5610,1122,4488
"82212",5540,1108,4432
"82213",4680,936,3744
"82214",4630,926,3704
"82215",4275,855,3420
"82216",5790,1158,4632
"82217",4575,915,3660
"82218",4525,905,3620
"82219",5060,1012,4048
"82220",4210,842,3368
"82221",4475,895,3580
"82222",4220,844,3376
"82223",4910,982,3928
"82224",6855,1371,5484
"82225",5705,1141,4564
"82226",3965,793,3172
"82227",4930,986,3944
"82228",4120,824,3296
"82229",3600,720,2880
"82230",4760,952,3808
"82231",5120,1024,4096
"82232",4865,973,3892
"82233",5860,1172,4688
"82234",6085,1217,4868
"82235",4345,869,3476
"82236",4465,893,3572
"82237",4230,846,3384
"82238",4600,920,3680
"82239",4665,933,3732
"82240",5400,1080,4320
"82241",3920,784,3136
"82242",3825,765,3060
"82243",4285,857,3428
"82244",4815,963,3852
"82245",3655,731,2924
"82246",3455,691,2764
"82247",3865,773,3092
"82248",4100,820,3280
"82249",3255,651,2604
"82250",4995,999,3996
"82251",5335,1067,4268
"82252",4215,843,3372
"82253",7745,1549,6196
"82254",4125,825,3300
"82255",5440,1088,4352
"82256",4425,885,3540
"82257",4265,853,3412
"82258",4590,918,3672
"82259",5010,1002,4008
"82260",4350,870,3480
"82261",4310,862,3448
"82262",3750,750,3000
"82263",4555,911,3644
"82264",4280,856,3424
"82265",4920,984,3936
"82266",3725,745,2980
"82267",5045,1009,4036
"82268",4165,833,3332
"82269",3395,679,2716
"82270",4835,967,3868
"82271",4350,870,3480
"82272",5720,1144,4576
"82273",4545,909,3636
"82274",4165,833,3332
"82275",4835,967,3868
"82276",4065,813,3252
"82277",5045,1009,4036
"82278",4480,896,3584
"82279",4590,918,3672
"82280",4050,810,3240
"82281",6205,1241,4964
"82282",4175,835,3340
"82283",5740,1148,4592
"82284",5590,1118,4472
"82285",4205,841,3364
"82286",4545,909,3636
"82287",5205,1041,4164
"82288",4770,954,3816
"82289",3590,718,2872
"82290",4150,830,3320
"82291",4895,979,3916
"82292",5690,1138,4552
"82293",5730,1146,4584
"82294",3755,751,3004
"82295",6160,1232,4928
"82296",4025,805,3220
"82297",4165,833,3332
"82298",6955,1391,5564
"82299",4280,856,3424
"82300",3885,777,3108
"82301",4220,844,3376
"82302",4130,826,3304
"82303",4455,891,3564
"82304",4425,885,3540
"82305",5775,1155,4620
"82306",4970,994,3976
"82307",4475,895,3580
"82308",4395,879,3516
"82309",5855,1171,4684
"82310",5615,1123,4492
"82311",4060,812,3248
"82312",4325,865,3460
"82313",3470,694,2776
"82314",4580,916,3664
"82315",4455,891,3564
"82316",4695,939,3756
"82317",8460,1692,6768
"82318",3950,790,3160
"82319",3465,693,2772
"82320",3990,798,3192
"82321",5030,1006,4024
"82322",4940,988,3952
"82323",3485,697,2788
"82324",4805,961,3844
"82325",3280,656,2624
"82326",3870,774,3096
"82327",5555,1111,4444
"82328",4285,857,3428
"82329",4390,878,3512
"82330",4600,920,3680
"82331",4475,895,3580
"82332",4170,834,3336
"82333",4920,984,3936
"82334",4460,892,3568
"82335",5450,1090,4360
"82336",4000,800,3200
"82337",5250,1050,4200
"82338",4075,815,3260
"82339",5100,1020,4080
"82340",3660,732,2928
"82341",4600,920,3680
"82342",4415,883,3532
"82343",3570,714,2856
"82344",6215,1243,4972
"82345",6180,1236,4944
"82346",4430,886,3544
"82347",5920,1184,4736
"82348",4680,936,3744
"82349",4465,893,3572
"82350",4060,812,3248
"82351",4065,813,3252
"82352",4345,869,3476
"82353",5555,1111,4444
"82354",4745,949,3796
"82355",5155,1031,4124
"82356",3980,796,3184
"82357",3820,764,3056
"82358",5310,1062,4248
"82359",4785,957,3828
"82360",4425,885,3540
"82361",4335,867,3468
"82362",4695,939,3756
"82363",4040,808,3232
"82364",4690,938,3752
"82365",5305,1061,4244
"82366",4935,987,3948
"82367",5525,1105,4420
"82368",5180,1036,4144
"82369",6140,1228,4912
"82370",4905,981,3924
"82371",3920,784,3136
"82372",4340,868,3472
"82373",6440,1288,5152
"82374",3380,676,2704
"82375",4195,839,3356
"82376",4750,950,3800
"82377",4135,827,3308
"82378",5395,1079,4316
"82379",4785,957,3828
"82380",6155,1231,4924
"82381",4150,830,3320
"82382",5150,1030,4120
"82383",5245,1049,4196
"82384",3930,786,3144
"82385",4695,939,3756
"82386",4305,861,3444
"82387",5085,1017,4068
"82388",3745,749,2996
"82389",4055,811,3244
"82390",6865,1373,5492
"82391",4685,937,3748
"82392",5155,1031,4124
"82393",4140,828,3312
"82394",4020,804,3216
"82395",4830,966,3864
"82396",5800,1160,4640
"82397",4910,982,3928
"82398",4100,820,3280
"82399",4125,825,3300
"82400",3895,779,3116
"82401",4635,927,3708
"82402",5765,1153,4612
"82403",3660,732,2928
"82404",4970,994,3976
"82405",4530,906,3624
"82406",5465,1093,4372
"82407",4590,918,3672
"82408",4215,843,3372
"82409",4235,847,3388
"82410",5795,1159,4636
"82411",4410,882,3528
"82412",3380,676,2704
"82413",4135,827,3308
"82414",3680,736,2944
"82415",7025,1405,5620
"82416",4230,846,3384
"82417",4085,817,3268
"82418",5830,1166,4664
"82419",5945,1189,4756
"82420",7225,1445,5780
"82421",3720,744,2976
"82422",6980,1396,5584
"82423",4675,935,3740
"82424",4955,991,3964
"82425",5325,1065,4260
"82426",4715,943,3772
"82427",4580,916,3664
"82428",4235,847,3388
"82429",4080,816,3264
"82430",3485,697,2788
"82431",4770,954,3816
"82432",4575,915,3660
"82433",4600,920,3680
"82434",5490,1098,4392
"82435",4090,818,3272
"82436",5195,1039,4156
"82437",3790,758,3032
"82438",4965,993,3972
"82439",8280,1656,6624
"82440",5265,1053,4212
"82441",4655,931,3724
"82442",4495,899,3596
"82443",6145,1229,4916
"82444",5900,1180,4720
"82445",4765,953,3812
"82446",4000,800,3200
"82447",4230,846,3384
"82448",4405,881,3524
"82449",4075,815,3260
"82450",4765,953,3812
"82451",4930,986,3944
"82452",4055,811,3244
"82453",4035,807,3228
"82454",6090,1218,4872
"82455",3810,762,3048
"82456",4205,841,3364
"82457",3845,769,3076
"82458",4515,903,3612
"82459",4010,802,3208
"82460",4235,847,3388
"82461",4545,909,3636
"82462",4845,969,3876
"82463",6500,1300,5200
"82464",4450,890,3560
"82465",4655,931,3724
"82466",4905,981,3924
"82467",4050,810,3240
"82468",5750,1150,4600
"82469",4055,811,3244
"82470",5515,1103,4412
"82471",6220,1244,4976
"82472",5710,1142,4568
"82473",4485,897,3588
"82474",5640,1128,4512
"82475",5845,1169,4676
"82476",4775,955,3820
"82477",4410,882,3528
"82478",4775,955,3820
"82479",4320,864,3456
"82480",4485,897,3588
"82481",4520,904,3616
"82482",4120,824,3296
"82483",5555,1111,4444
"82484",8640,1728,6912
"82485",5685,1137,4548
"82486",4055,811,3244
"82487",4800,960,3840
"82488",4550,910,3640
"82489",4290,858,3432
"82490",5150,1030,4120
"82491",3890,778,3112
"82492",4990,998,3992
"82493",3785,757,3028
"82494",4135,827,3308
"82495",4365,873,3492
"82496",4500,900,3600
"82497",5190,1038,4152
"82498",4425,885,3540
"82499",3875,775,3100
"82500",5365,1073,4292
"82501",5815,1163,4652
"82502",4110,822,3288
"82503",4375,875,3500
"82504",5705,1141,4564
"82505",5685,1137,4548
"82506",5775,1155,4620
"82507",4550,910,3640
"82508",5280,1056,4224
"82509",5410,1082,4328
"82510",5755,1151,4604
"82511",5535,1107,4428
"82512",3235,647,2588
"82513",5775,1155,4620
"82514",6050,1210,4840
"82515",4090,818,3272
"82516",4120,824,3296
"82517",5170,1034,4136
"82518",3725,745,2980
"82519",4370,874,3496
"82520",4185,837,3348
"82521",4175,835,3340
"82522",3935,787,3148
"82523",4130,826,3304
"82524",5635,1127,4508
"82525",4305,861,3444
"82526",6230,1246,4984
"82527",4185,837,3348
"82528",3940,788,3152
"82529",6215,1243,4972
"82530",4835,967,3868
"82531",3945,789,3156
"82532",3340,668,2672
"82533",4175,835,3340
"82534",6185,1237,4948
"82535",4335,867,3468
"82536",3790,758,3032
"82537",5770,1154,4616
"82538",4765,953,3812
"82539",4625,925,3700
"82540",3805,761,3044
"82541",4410,882,3528
"82542",5035,1007,4028
"82543",5560,1112,4448
"82544",3920,784,3136
"82545",4445,889,3556
"82546",5175,1035,4140
"82547",4770,954,3816
"82548",4390,878,3512
"82549",3885,777,3108
"82550",4475,895,3580
"82551",7200,1440,5760
"82552",5215,1043,4172
"82553",4225,845,3380
"82554",5750,1150,4600
"82555",4415,883,3532
"82556",3710,742,2968
"82557",3860,772,3088
"82558",3470,694,2776
"82559",3605,721,2884
"82560",5260,1052,4208
"82561",4815,963,3852
"82562",4405,881,3524
"82563",3605,721,2884
"82564",5995,1199,4796
"82565",5655,1131,4524
"82566",4520,904,3616
"82567",4850,970,3880
"82568",4060,812,3248
"82569",3985,797,3188
"82570",3495,699,2796
"82571",4185,837,3348
"82572",4295,859,3436
"82573",3965,793,3172
"82574",4295,859,3436
"82575",3855,771,3084
"82576",4005,801,3204
"82577",3930,786,3144
"82578",4205,841,3364
"82579",4730,946,3784
"82580",4835,967,3868
"82581",5400,1080,4320
"82582",4575,915,3660
"82583",4530,906,3624
"82584",3650,730,2920
"82585",4655,931,3724
"82586",4445,889,3556
"82587",4165,833,3332
"82588",4145,829,3316
"82589",7395,1479,5916
"82590",4645,929,3716
"82591",5425,1085,4340
"82592",6085,1217,4868
"82593",5605,1121,4484
"82594",4685,937,3748
"82595",3335,667,2668
"82596",5465,1093,4372
"82597",5540,1108,4432
"82598",5785,1157,4628
"82599",4250,850,3400
"82600",4310,862,3448
"82601",3740,748,2992
"82602",3815,763,3052
"82603",5720,1144,4576
"82604",4470,894,3576
"82605",4280,856,3424
"82606",5450,1090,4360
"82607",4240,848,3392
"82608",4165,833,3332
"82609",3970,794,3176
"82610",5045,1009,4036
"82611",4785,957,3828
"82612",4175,835,3340
"82613",3710,742,2968
"82614",4970,994,3976
"82615",4695,939,3756
"82616",3655,731,2924
"82617",3915,783,3132
"82618",5555,1111,4444
"82619",5365,1073,4292
"82620",7575,1515,6060
"82621",3770,754,3016
"82622",4045,809,3236
"82623",5320,1064,4256
"82624",4500,900,3600
"82625",5810,1162,4648
"82626",4180,836,3344
"82627",4190,838,3352
"82628",4815,963,3852
"82629",4130,826,3304
"82630",6265,1253,5012
"82631",3925,785,3140
"82632",4610,922,3688
"82633",4580,916,3664
"82634",4535,907,3628
"82635",5710,1142,4568
"82636",4790,958,3832
"82637",4535,907,3628
"82638",4775,955,3820
"82639",4670,934,3736
"82640",4110,822,3288
"82641",3960,792,3168
"82642",4795,959,3836
"82643",5250,1050,4200
"82644",3880,776,3104
"82645",5025,1005,4020
"82646",9295,1859,7436
"82647",5485,1097,4388
"82648",3900,780,3120
"82649",4440,888,3552
"82650",2970,594,2376
"82651",4255,851,3404
"82652",7410,1482,5928
"82653",5555,1111,4444
"82654",5600,1120,4480
"82655",6230,1246,4984
"82656",4185,837,3348
"82657",4255,851,3404
"82658",5375,1075,4300
"82659",3200,640,2560
"82660",3995,799,3196
"82661",3135,627,2508
"82662",4910,982,3928
"82663",3750,750,3000
"82664",4415,883,3532
"82665",3640,728,2912
"82666",3980,796,3184
"82667",4885,977,3908
"82668",3905,781,3124
"82669",5010,1002,4008
"82670",4115,823,3292
"82671",4125,825,3300
"82672",3385,677,2708
"82673",5800,1160,4640
"82674",3995,799,3196
"82675",4610,922,3688
"82676",4545,909,3636
"82677",4795,959,3836
"82678",5205,1041,4164
"82679",5070,1014,4056
"82680",4000,800,3200
"82681",6020,1204,4816
"82682",5210,1042,4168
"82683",5030,1006,4024
"82684",4400,880,3520
"82685",4775,955,3820
"82686",4515,903,3612
"82687",7275,1455,5820
"82688",5235,1047,4188
"82689",5640,1128,4512
"82690",6135,1227,4908
"82691",5215,1043,4172
"82692",4735,947,3788
"82693",5050,1010,4040
"82694",3865,773,3092
"82695",4640,928,3712
"82696",4740,948,3792
"82697",4510,902,3608
"82698",3775,755,3020
"82699",4145,829,3316
"82700",4200,840,3360
"82701",5510,1102,4408
"82702",4015,803,3212
"82703",5705,1141,4564
"82704",6290,1258,5032
"82705",5905,1181,4724
"82706",4920,984,3936
"82707",3530,706,2824
"82708",4755,951,3804
"82709",4115,823,3292
"82710",5100,1020,4080
"82711",4905,981,3924
"82712",5555,1111,4444
"82713",3825,765,3060
"82714",5650,1130,4520
"82715",6280,1256,5024
"82716",3940,788,3152
"82717",3260,652,2608
"82718",5380,1076,4304
"82719",4225,845,3380
"82720",4290,858,3432
"82721",4045,809,3236
"82722",5020,1004,4016
"82723",4130,826,3304
"82724",5125,1025,4100
"82725",4905,981,3924
"82726",4280,856,3424
"82727",4765,953,3812
"82728",5420,1084,4336
"82729",4620,924,3696
"82730",3940,788,3152
"82731",5380,1076,4304
"82732",4685,937,3748
"82733",4630,926,3704
"82734",4110,822,3288
"82735",3700,740,2960
"82736",4550,910,3640
"82737",4730,946,3784
"82738",4620,924,3696
"82739",4240,848,3392
"82740",4575,915,3660
"82741",5390,1078,4312
"82742",5660,1132,4528
"82743",4575,915,3660
"82744",4430,886,3544
"82745",4115,823,3292
"82746",4375,875,3500
"82747",4875,975,3900
"82748",4455,891,3564
"82749",5070,1014,4056
"82750",4715,943,3772
"82751",3920,784,3136
"82752",5350,1070,4280
"82753",4195,839,3356
"82754",4255,851,3404
"82755",5400,1080,4320
"82756",4795,959,3836
"82757",5675,1135,4540
"82758",4585,917,3668
"82759",4715,943,3772
"82760",4265,853,3412
"82761",4090,818,3272
"82762",4590,918,3672
"82763",6410,1282,5128
"82764",3770,754,3016
"82765",5510,1102,4408
"82766",4870,974,3896
"82767",4350,870,3480
"82768",5890,1178,4712
"82769",5065,1013,4052
"82770",6595,1319,5276
"82771",4605,921,3684
"82772",4990,998,3992
"82773",6500,1300,5200
"82774",4860,972,3888
"82775",4740,948,3792
"82776",4665,933,3732
"82777",7130,1426,5704
"82778",4785,957,3828
"82779",4500,900,3600
"82780",4545,909,3636
"82781",6940,1388,5552
"82782",4865,973,3892
"82783",4690,938,3752
"82784",5265,1053,4212
"82785",6500,1300,5200
"82786",4890,978,3912
"82787",2840,568,2272
"82788",5345,1069,4276
"82789",4145,829,3316
"82790",4625,925,3700
"82791",4585,917,3668
"82792",6380,1276,5104
"82793",5310,1062,4248
"82794",4565,913,3652
"82795",4295,859,3436
"82796",4655,931,3724
"82797",5735,1147,4588
"82798",5355,1071,4284
"82799",5330,1066,4264
"82800",5375,1075,4300
"82801",4080,816,3264
"82802",5500,1100,4400
"82803",5215,1043,4172
"82804",5400,1080,4320
"82805",5875,1175,4700
"82806",4245,849,3396
"82807",4145,829,3316
"82808",4390,878,3512
"82809",4375,875,3500
"82810",3820,764,3056
"82811",4415,883,3532
"82812",4840,968,3872
"82813",5110,1022,4088
"82814",5575,1115,4460
"82815",3490,698,2792
"82816",5280,1056,4224
"82817",5340,1068,4272
"82818",4485,897,3588
"82819",3670,734,2936
"82820",5450,1090,4360
"82821",4400,880,3520
"82822",6475,1295,5180
"82823",4195,839,3356
"82824",4025,805,3220
"82825",3650,730,2920
"82826",4865,973,3892
"82827",5050,1010,4040
"82828",4155,831,3324
"82829",4535,907,3628
"82830",5355,1071,4284
"82831",4920,984,3936
"82832",4110,822,3288
"82833",4305,861,3444
"82834",3575,715,2860
"82835",3345,669,2676
"82836",4865,973,3892
"82837",4275,855,3420
"82838",6900,1380,5520
"82839",5035,1007,4028
"82840",4275,855,3420
"82841",5725,1145,4580
"82842",5835,1167,4668
"82843",5150,1030,4120
"82844",4700,940,3760
"82845",4120,824,3296
"82846",4160,832,3328
"82847",3635,727,2908
"82848",4880,976,3904
"82849",4550,910,3640
"82850",4385,877,3508
"82851",4720,944,3776
"82852",4845,969,3876
"82853",4185,837,3348
"82854",4655,931,3724
"82855",4485,897,3588
"82856",4215,843,3372
"82857",4250,850,3400
"82858",3845,769,3076
"82859",3760,752,3008
"82860",5250,1050,4200
"82861",4225,845,3380
"82862",4065,813,3252
"82863",3500,700,2800
"82864",3955,791,3164
"82865",5900,1180,4720
"82866",4420,884,3536
"82867",6300,1260,5040
"82868",5040,1008,4032
"82869",3990,798,3192
"82870",4330,866,3464
"82871",4275,855,3420
"82872",3735,747,2988
"82873",5180,1036,4144
"82874",4365,873,3492
"82875",5140,1028,4112
"82876",4745,949,3796
"82877",5340,1068,4272
"82878",4850,970,3880
"82879",4030,806,3224
"82880",3890,778,3112
"82881",4805,961,3844
"82882",4550,910,3640
"82883",4680,936,3744
"82884",5455,1091,4364
"82885",4630,926,3704
"82886",5935,1187,4748
"82887",3920,784,3136
"82888",3545,709,2836
"82889",4890,978,3912
"82890",3735,747,2988
"82891",4480,896,3584
"82892",4000,800,3200
"82893",4860,972,3888
"82894",4195,839,3356
"82895",4540,908,3632
"82896",4535,907,3628
"82897",6920,1384,5536
"82898",3985,797,3188
"82899",5995,1199,4796
"82900",4080,816,3264
"82901",5345,1069,4276
"82902",5870,1174,4696
"82903",4865,973,3892
"82904",4335,867,3468
"82905",3825,765,3060
"82906",3655,731,2924
"82907",3420,684,2736
"82908",3485,697,2788
"82909",4340,868,3472
"82910",4870,974,3896
"82911",4165,833,3332
"82912",4975,995,3980
"82913",3445,689,2756
"82914",5685,1137,4548
"82915",4215,843,3372
"82916",3995,799,3196
"82917",4780,956,3824
"82918",4305,861,3444
"82919",6490,1298,5192
"82920",5085,1017,4068
"82921",3890,778,3112
"82922",5465,1093,4372
"82923",4455,891,3564
"82924",4750,950,3800
"82925",3950,790,3160
"82926",4755,951,3804
"82927",4275,855,3420
"82928",5855,1171,4684
"82929",5065,1013,4052
"82930",4275,855,3420
"82931",3995,799,3196
"82932",4450,890,3560
"82933",5270,1054,4216
"82934",4535,907,3628
"82935",3840,768,3072
"82936",6180,1236,4944
"82937",5800,1160,4640
"82938",4870,974,3896
"82939",5705,1141,4564
"82940",5525,1105,4420
"82941",5435,1087,4348
"82942",4210,842,3368
"82943",3850,770,3080
"82944",4910,982,3928
"82945",4665,933,3732
"82946",4145,829,3316
"82947",4875,975,3900
"82948",5705,1141,4564
"82949",4785,957,3828
"82950",5725,1145,4580
"82951",4910,982,3928
"82952",4430,886,3544
"82953",3890,778,3112
"82954",6420,1284,5136
"82955",5595,1119,4476
"82956",3970,794,3176
"82957",3570,714,2856
"82958",3480,696,2784
"82959",3960,792,3168
"82960",5500,1100,4400
"82961",5000,1000,4000
"82962",4200,840,3360
"82963",4540,908,3632
"82964",3645,729,2916
"82965",4865,973,3892
"82966",3865,773,3092
"82967",3625,725,2900
"82968",5620,1124,4496
"82969",4015,803,3212
"82970",5485,1097,4388
"82971",5125,1025,4100
"82972",3690,738,2952
"82973",5935,1187,4748
"82974",5890,1178,4712
"82975",3380,676,2704
"82976",4205,841,3364
"82977",3865,773,3092
"82978",3735,747,2988
"82979",4040,808,3232
"82980",4220,844,3376
"82981",5810,1162,4648
"82982",4585,917,3668
"82983",4630,926,3704
"82984",6500,1300,5200
"82985",5595,1119,4476
"82986",7315,1463,5852
"82987",3455,691,2764
"82988",5595,1119,4476
"82989",4300,860,3440
"82990",5340,1068,4272
"82991",3735,747,2988
"82992",3565,713,2852
"82993",4270,854,3416
"82994",6125,1225,4900
"82995",3815,763,3052
"82996",3800,760,3040
"82997",5055,1011,4044
"82998",3665,733,2932
"82999",4535,907,3628
"83000",4535,907,3628
"83001",5010,1002,4008
"83002",4695,939,3756
"83003",5170,1034,4136
"83004",4355,871,3484
"83005",3615,723,2892
"83006",4255,851,3404
"83007",4280,856,3424
"83008",4925,985,3940
"83009",6785,1357,5428
"83010",4105,821,3284
"83011",4635,927,3708
"83012",4730,946,3784
"83013",4120,824,3296
"83014",4340,868,3472
"83015",4815,963,3852
"83016",3980,796,3184
"83017",4250,850,3400
"83018",4300,860,3440
"83019",4250,850,3400
"83020",7055,1411,5644
"83021",3855,771,3084
"83022",5155,1031,4124
"83023",4525,905,3620
"83024",4085,817,3268
"83025",3920,784,3136
"83026",6330,1266,5064
"83027",4740,948,3792
"83028",4355,871,3484
"83029",4640,928,3712
"83030",4230,846,3384
"83031",5415,1083,4332
"83032",4640,928,3712
"83033",5400,1080,4320
"83034",7225,1445,5780
"83035",6190,1238,4952
"83036",4280,856,3424
"83037",3800,760,3040
"83038",4300,860,3440
"83039",4170,834,3336
"83040",3445,689,2756
"83041",4970,994,3976
"83042",4115,823,3292
"83043",5830,1166,4664
"83044",4565,913,3652
"83045",4225,845,3380
"83046",5630,1126,4504
"83047",5010,1002,4008
"83048",4705,941,3764
"83049",3960,792,3168
"83050",3950,790,3160
"83051",7260,1452,5808
"83052",4350,870,3480
"83053",6215,1243,4972
"83054",5385,1077,4308
"83055",4120,824,3296
"83056",5045,1009,4036
"83057",7615,1523,6092
"83058",6075,1215,4860
"83059",4530,906,3624
"83060",5200,1040,4160
"83061",5215,1043,4172
"83062",4430,886,3544
"83063",4575,915,3660
"83064",4685,937,3748
"83065",5355,1071,4284
"83066",3630,726,2904
"83067",4435,887,3548
"83068",3275,655,2620
"83069",4515,903,3612
"83070",5060,1012,4048
"83071",4980,996,3984
"83072",5025,1005,4020
"83073",5030,1006,4024
"83074",3445,689,2756
"83075",4115,823,3292
"83076",4230,846,3384
"83077",4840,968,3872
"83078",4575,915,3660
"83079",4885,977,3908
"83080",3925,785,3140
"83081",5555,1111,4444
"83082",4455,891,3564
"83083",4070,814,3256
"83084",4730,946,3784
"83085",5625,1125,4500
"83086",4255,851,3404
"83087",6430,1286,5144
"83088",4160,832,3328
"83089",5030,1006,4024
"83090",3870,774,3096
"83091",4990,998,3992
"83092",3860,772,3088
"83093",7170,1434,5736
"83094",5855,1171,4684
"83095",3870,774,3096
"83096",4255,851,3404
"83097",6790,1358,5432
"83098",3750,750,3000
"83099",6810,1362,5448
"83100",3395,679,2716
"83101",3590,718,2872
"83102",3675,735,2940
"83103",5075,1015,4060
"83104",4900,980,3920
"83105",4015,803,3212
"83106",5460,1092,4368
"83107",5210,1042,4168
"83108",4530,906,3624
"83109",4050,810,3240
"83110",5045,1009,4036
"83111",3670,734,2936
"83112",4145,829,3316
"83113",5910,1182,4728
"83114",4590,918,3672
"83115",5315,1063,4252
"83116",4625,925,3700
"83117",3845,769,3076
"83118",4505,901,3604
"83119",3545,709,2836
"83120",4650,930,3720
"83121",4735,947,3788
"83122",4490,898,3592
"83123",6325,1265,5060
"83124",4110,822,3288
"83125",4090,818,3272
"83126",4750,950,3800
"83127",6300,1260,5040
"83128",4110,822,3288
"83129",3370,674,2696
"83130",4280,856,3424
"83131",4385,877,3508
"83132",4440,888,3552
"83133",3750,750,3000
"83134",4265,853,3412
"83135",5545,1109,4436
"83136",3815,763,3052
"83137",5815,1163,4652
"83138",5070,1014,4056
"83139",5940,1188,4752
"83140",4165,833,3332
"83141",5345,1069,4276
"83142",4060,812,3248
"83143",5865,1173,4692
"83144",4590,918,3672
"83145",3915,783,3132
"83146",4165,833,3332
"83147",5580,1116,4464
"83148",4290,858,3432
"83149",3630,726,2904
"83150",5245,1049,4196
"83151",4090,818,3272
"83152",4755,951,3804
"83153",4085,817,3268
"83154",4735,947,3788
"83155",6205,1241,4964
"83156",4235,847,3388
"83157",4600,920,3680
"83158",4555,911,3644
"83159",5115,1023,4092
"83160",4910,982,3928
"83161",4545,909,3636
"83162",3455,691,2764
"83163",5700,1140,4560
"83164",4545,909,3636
"83165",5300,1060,4240
"83166",6875,1375,5500
"83167",4530,906,3624
"83168",3375,675,2700
"83169",4475,895,3580
"83170",3910,782,3128
"83171",5725,1145,4580
"83172",4205,841,3364
"83173",4295,859,3436
"83174",3805,761,3044
"83175",7385,1477,5908
"83176",4735,947,3788
"83177",5080,1016,4064
"83178",4620,924,3696
"83179",4640,928,3712
"83180",4580,916,3664
"83181",5210,1042,4168
"83182",5205,1041,4164
"83183",4500,900,3600
"83184",3885,777,3108
"83185",4155,831,3324
"83186",4315,863,3452
"83187",4980,996,3984
"83188",5020,1004,4016
"83189",4115,823,3292
"83190",5055,1011,4044
"83191",3725,745,2980
"83192",4130,826,3304
"83193",4650,930,3720
"83194",5375,1075,4300
"83195",4545,909,3636
"83196",5485,1097,4388
"83197",4090,818,3272
"83198",6550,1310,5240
"83199",4920,984,3936
"83200",5420,1084,4336
"83201",4825,965,3860
"83202",3685,737,2948
"83203",5160,1032,4128
"83204",4410,882,3528
"83205",3990,798,3192
"83206",3715,743,2972
"83207",4605,921,3684
"83208",5560,1112,4448
"83209",5395,1079,4316
"83210",3655,731,2924
"83211",4595,919,3676
"83212",4985,997,3988
"83213",6545,1309,5236
"83214",4235,847,3388
"83215",3735,747,2988
"83216",5655,1131,4524
"83217",4090,818,3272
"83218",4065,813,3252
"83219",4075,815,3260
"83220",5260,1052,4208
"83221",7835,1567,6268
"83222",4980,996,3984
"83223",4480,896,3584
"83224",5485,1097,4388
"83225",4215,843,3372
"83226",4530,906,3624
"83227",5085,1017,4068
"83228",3935,787,3148
"83229",3675,735,2940
"83230",7320,1464,5856
"83231",5760,1152,4608
"83232",3260,652,2608
"83233",4290,858,3432
"83234",4745,949,3796
"83235",5965,1193,4772
"83236",4975,995,3980
"83237",4800,960,3840
"83238",6760,1352,5408
"83239",5820,1164,4656
"83240",4565,913,3652
"83241",4540,908,3632
"83242",4755,951,3804
"83243",4865,973,3892
"83244",5085,1017,4068
"83245",5520,1104,4416
"83246",5005,1001,4004
"83247",4340,868,3472
"83248",3825,765,3060
"83249",3350,670,2680
"83250",3900,780,3120
"83251",5860,1172,4688
"83252",4060,812,3248
"83253",4440,888,3552
"83254",4320,864,3456
"83255",5490,1098,4392
"83256",4390,878,3512
"83257",4845,969,3876
"83258",3560,712,2848
"83259",4065,813,3252
"83260",4640,928,3712
"83261",4525,905,3620
"83262",3890,778,3112
"83263",4420,884,3536
"83264",3360,672,2688
"83265",4950,990,3960
"83266",5290,1058,4232
"83267",7160,1432,5728
"83268",6060,1212,4848
"83269",6580,1316,5264
"83270",4375,875,3500
"83271",4450,890,3560
"83272",4560,912,3648
"83273",5145,1029,4116
"83274",3640,728,2912
"83275",5325,1065,4260
"83276",3935,787,3148
"83277",4585,917,3668
"83278",3745,749,2996
"83279",4435,887,3548
"83280",5685,1137,4548
"83281",4285,857,3428
"83282",4635,927,3708
"83283",3960,792,3168
"83284",5105,1021,4084
"83285",4640,928,3712
"83286",4910,982,3928
"83287",4655,931,3724
"83288",5980,1196,4784
"83289",4095,819,3276
"83290",4335,867,3468
"83291",4520,904,3616
"83292",4550,910,3640
"83293",4210,842,3368
"83294",3400,680,2720
"83295",4805,961,3844
"83296",3905,781,3124
"83297",4525,905,3620
"83298",4660,932,3728
"83299",3540,708,2832
"83300",3345,669,2676
"83301",4840,968,3872
"83302",4655,931,3724
"83303",4285,857,3428
"83304",4275,855,3420
"83305",4610,922,3688
"83306",4545,909,3636
"83307",4350,870,3480
"83308",5795,1159,4636
"83309",4885,977,3908
"83310",3620,724,2896
"83311",4995,999,3996
"83312",7610,1522,6088
"83313",7200,1440,5760
"83314",5230,1046,4184
"83315",3995,799,3196
"83316",3980,796,3184
"83317",4145,829,3316
"83318",5125,1025,4100
"83319",5230,1046,4184
"83320",5120,1024,4096
"83321",5580,1116,4464
"83322",3610,722,2888
"83323",4360,872,3488
"83324",4590,918,3672
"83325",4810,962,3848
"83326",3600,720,2880
"83327",4000,800,3200
"83328",5430,1086,4344
"83329",4410,882,3528
"83330",5745,1149,4596
"83331",4630,926,3704
"83332",4215,843,3372
"83333",4675,935,3740
"83334",4565,913,3652
"83335",4325,865,3460
"83336",4710,942,3768
"83337",4825,965,3860
"83338",4515,903,3612
"83339",3965,793,3172
"83340",5015,1003,4012
"83341",4085,817,3268
"83342",4060,812,3248
"83343",4725,945,3780
"83344",5525,1105,4420
"83345",4120,824,3296
"83346",3735,747,2988
"83347",5970,1194,4776
"83348",5065,1013,4052
"83349",5590,1118,4472
"83350",4895,979,3916
"83351",4590,918,3672
"83352",3930,786,3144
"83353",4570,914,3656
"83354",3735,747,2988
"83355",4915,983,3932
"83356",3605,721,2884
"83357",4155,831,3324
"83358",4730,946,3784
"83359",5235,1047,4188
"83360",5040,1008,4032
"83361",5850,1170,4680
"83362",3935,787,3148
"83363",4370,874,3496
"83364",4465,893,3572
"83365",4480,896,3584
"83366",3685,737,2948
"83367",5355,1071,4284
"83368",3665,733,2932
"83369",5400,1080,4320
"83370",3710,742,2968
"83371",6755,1351,5404
"83372",4305,861,3444
"83373",4265,853,3412
"83374",5275,1055,4220
"83375",6950,1390,5560
"83376",4210,842,3368
"83377",5820,1164,4656
"83378",4425,885,3540
"83379",4600,920,3680
"83380",3695,739,2956
"83381",6245,1249,4996
"83382",4005,801,3204
"83383",3975,795,3180
"83384",3925,785,3140
"83385",4720,944,3776
"83386",5100,1020,4080
"83387",4980,996,3984
"83388",4305,861,3444
"83389",4720,944,3776
"83390",4630,926,3704
"83391",4830,966,3864
"83392",4810,962,3848
"83393",5295,1059,4236
"83394",5775,1155,4620
"83395",4460,892,3568
"83396",5680,1136,4544
"83397",5780,1156,4624
"83398",6920,1384,5536
"83399",4470,894,3576
"83400",4335,867,3468
"83401",3920,784,3136
"83402",6145,1229,4916
"83403",4905,981,3924
"83404",4365,873,3492
"83405",4315,863,3452
"83406",4315,863,3452
"83407",4575,915,3660
"83408",8440,1688,6752
"83409",4110,822,3288
"83410",3990,798,3192
"83411",4920,984,3936
"83412",8040,1608,6432
"83413",4390,878,3512
"83414",3745,749,2996
"83415",5100,1020,4080
"83416",5595,1119,4476
"83417",4920,984,3936
"83418",5340,1068,4272
"83419",4360,872,3488
"83420",4560,912,3648
"83421",4290,858,3432
"83422",4685,937,3748
"83423",4175,835,3340
"83424",5035,1007,4028
"83425",4300,860,3440
"83426",4390,878,3512
"83427",3945,789,3156
"83428",6510,1302,5208
"83429",3665,733,2932
"83430",4545,909,3636
"83431",4280,856,3424
"83432",4420,884,3536
"83433",4005,801,3204
"83434",4480,896,3584
"83435",5190,1038,4152
"83436",5295,1059,4236
"83437",5495,1099,4396
"83438",3875,775,3100
"83439",4140,828,3312
"83440",3890,778,3112
"83441",4850,970,3880
"83442",4695,939,3756
"83443",4850,970,3880
"83444",5515,1103,4412
"83445",4615,923,3692
"83446",3835,767,3068
"83447",3765,753,3012
"83448",6255,1251,5004
"83449",4785,957,3828
"83450",4225,845,3380
"83451",3810,762,3048
"83452",4425,885,3540
"83453",3630,726,2904
"83454",4510,902,3608
"83455",4205,841,3364
"83456",4740,948,3792
"83457",4820,964,3856
"83458",5120,1024,4096
"83459",4875,975,3900
"83460",4900,980,3920
"83461",4320,864,3456
"83462",7855,1571,6284
"83463",3780,756,3024
"83464",3615,723,2892
"83465",5970,1194,4776
"83466",4920,984,3936
"83467",3820,764,3056
"83468",4210,842,3368
"83469",5715,1143,4572
"83470",5030,1006,4024
"83471",6015,1203,4812
"83472",5985,1197,4788
"83473",3890,778,3112
"83474",4680,936,3744
"83475",4335,867,3468
"83476",5310,1062,4248
"83477",4500,900,3600
"83478",3660,732,2928
"83479",4825,965,3860
"83480",6705,1341,5364
"83481",4170,834,3336
"83482",5220,1044,4176
"83483",4000,800,3200
"83484",3725,745,2980
"83485",4495,899,3596
"83486",4110,822,3288
"83487",4345,869,3476
"83488",5120,1024,4096
"83489",4740,948,3792
"83490",3985,797,3188
"83491",3685,737,2948
"83492",3785,757,3028
"83493",4775,955,3820
"83494",5285,1057,4228
"83495",4655,931,3724
"83496",3500,700,2800
"83497",5115,1023,4092
"83498",5115,1023,4092
"83499",4835,967,3868
"83500",5025,1005,4020
"83501",4455,891,3564
"83502",4735,947,3788
"83503",4320,864,3456
"83504",4220,844,3376
"83505",4780,956,3824
"83506",4395,879,3516
"83507",4285,857,3428
"83508",6140,1228,4912
"83509",5405,1081,4324
"83510",4695,939,3756
"83511",4355,871,3484
"83512",4695,939,3756
"83513",3440,688,2752
"83514",3775,755,3020
"83515",6510,1302,5208
"83516",4835,967,3868
"83517",4705,941,3764
"83518",4805,961,3844
"83519",4240,848,3392
"83520",5100,1020,4080
"83521",4430,886,3544
"83522",5500,1100,4400
"83523",6260,1252,5008
"83524",4455,891,3564
"83525",3905,781,3124
"83526",4080,816,3264
"83527",3690,738,2952
"83528",4465,893,3572
"83529",4490,898,3592
"83530",3720,744,2976
"83531",4925,985,3940
"83532",4550,910,3640
"83533",5185,1037,4148
"83534",4845,969,3876
"83535",5315,1063,4252
"83536",4390,878,3512
"83537",5555,1111,4444
"83538",5030,1006,4024
"83539",5660,1132,4528
"83540",5090,1018,4072
"83541",5085,1017,4068
"83542",4220,844,3376
"83543",4715,943,3772
"83544",4490,898,3592
"83545",4105,821,3284
"83546",3870,774,3096
"83547",3810,762,3048
"83548",5000,1000,4000
"83549",4315,863,3452
"83550",3300,660,2640
"83551",5485,1097,4388
"83552",5520,1104,4416
"83553",4520,904,3616
"83554",4735,947,3788
"83555",4400,880,3520
"83556",4130,826,3304
"83557",4375,875,3500
"83558",3970,794,3176
"83559",4145,829,3316
"83560",4190,838,3352
"83561",5280,1056,4224
"83562",5410,1082,4328
"83563",5445,1089,4356
"83564",4835,967,3868
"83565",4105,821,3284
"83566",5405,1081,4324
"83567",4345,869,3476
"83568",6975,1395,5580
"83569",4275,855,3420
"83570",4500,900,3600
"83571",3685,737,2948
"83572",4420,884,3536
"83573",5605,1121,4484
"83574",4970,994,3976
"83575",5750,1150,4600
"83576",3520,704,2816
"83577",3760,752,3008
"83578",4755,951,3804
"83579",6970,1394,5576
"83580",5720,1144,4576
"83581",4165,833,3332
"83582",5175,1035,4140
"83583",4260,852,3408
"83584",4115,823,3292
"83585",3570,714,2856
"83586",4780,956,3824
"83587",4215,843,3372
"83588",3560,712,2848
"83589",6115,1223,4892
"83590",4590,918,3672
"83591",4435,887,3548
"83592",5000,1000,4000
"83593",4735,947,3788
"83594",5270,1054,4216
"83595",4045,809,3236
"83596",5040,1008,4032
"83597",5290,1058,4232
"83598",3735,747,2988
"83599",4005,801,3204
"83600",3895,779,3116
"83601",4495,899,3596
"83602",4760,952,3808
"83603",5425,1085,4340
"83604",3485,697,2788
"83605",4730,946,3784
"83606",4490,898,3592
"83607",5355,1071,4284
"83608",4035,807,3228
"83609",3945,789,3156
"83610",4700,940,3760
"83611",3990,798,3192
"83612",4590,918,3672
"83613",4905,981,3924
"83614",5005,1001,4004
"83615",3675,735,2940
"83616",6180,1236,4944
"83617",4120,824,3296
"83618",4780,956,3824
"83619",4230,846,3384
"83620",4205,841,3364
"83621",4365,873,3492
"83622",5440,1088,4352
"83623",4460,892,3568
"83624",4335,867,3468
"83625",6700,1340,5360
"83626",4250,850,3400
"83627",4480,896,3584
"83628",3620,724,2896
"83629",3845,769,3076
"83630",4175,835,3340
"83631",4820,964,3856
"83632",4515,903,3612
"83633",5780,1156,4624
"83634",4325,865,3460
"83635",6615,1323,5292
"83636",6960,1392,5568
"83637",5165,1033,4132
"83638",3700,740,2960
"83639",5230,1046,4184
"83640",3640,728,2912
"83641",4295,859,3436
"83642",3890,778,3112
"83643",4680,936,3744
"83644",5280,1056,4224
"83645",4360,872,3488
"83646",3065,613,2452
"83647",4475,895,3580
"83648",5705,1141,4564
"83649",7130,1426,5704
"83650",4545,909,3636
"83651",4175,835,3340
"83652",4570,914,3656
"83653",6565,1313,5252
"83654",4725,945,3780
"83655",6290,1258,5032
"83656",3500,700,2800
"83657",4505,901,3604
"83658",5030,1006,4024
"83659",4465,893,3572
"83660",5230,1046,4184
"83661",4915,983,3932
"83662",5135,1027,4108
"83663",4345,869,3476
"83664",5390,1078,4312
"83665",4800,960,3840
"83666",4360,872,3488
"83667",4650,930,3720
"83668",4905,981,3924
"83669",5685,1137,4548
"83670",4065,813,3252
"83671",5650,1130,4520
"83672",4125,825,3300
"83673",5310,1062,4248
"83674",4765,953,3812
"83675",4255,851,3404
"83676",4630,926,3704
"83677",5135,1027,4108
"83678",4690,938,3752
"83679",5110,1022,4088
"83680",5080,1016,4064
"83681",4915,983,3932
"83682",5055,1011,4044
"83683",4055,811,3244
"83684",5050,1010,4040
"83685",3650,730,2920
"83686",3725,745,2980
"83687",4315,863,3452
"83688",4750,950,3800
"83689",4200,840,3360
"83690",4570,914,3656
"83691",4655,931,3724
"83692",4415,883,3532
"83693",6655,1331,5324
"83694",4605,921,3684
"83695",4660,932,3728
"83696",4880,976,3904
"83697",7000,1400,5600
"83698",4080,816,3264
"83699",4125,825,3300
"83700",3755,751,3004
"83701",6545,1309,5236
"83702",4255,851,3404
"83703",3925,785,3140
"83704",4475,895,3580
"83705",5190,1038,4152
"83706",7425,1485,5940
"83707",6360,1272,5088
"83708",5535,1107,4428
"83709",4620,924,3696
"83710",3995,799,3196
"83711",4875,975,3900
"83712",7735,1547,6188
"83713",4745,949,3796
"83714",3995,799,3196
"83715",3695,739,2956
"83716",3955,791,3164
"83717",5080,1016,4064
"83718",5650,1130,4520
"83719",4275,855,3420
"83720",4445,889,3556
"83721",3600,720,2880
"83722",5050,1010,4040
"83723",3930,786,3144
"83724",5870,1174,4696
"83725",4375,875,3500
"83726",4665,933,3732
"83727",6515,1303,5212
"83728",5190,1038,4152
"83729",5425,1085,4340
"83730",4380,876,3504
"83731",4060,812,3248
"83732",5375,1075,4300
"83733",6870,1374,5496
"83734",3770,754,3016
"83735",4335,867,3468
"83736",5830,1166,4664
"83737",3990,798,3192
"83738",5815,1163,4652
"83739",4130,826,3304
"83740",4555,911,3644
"83741",4635,927,3708
"83742",3180,636,2544
"83743",3790,758,3032
"83744",4265,853,3412
"83745",7095,1419,5676
"83746",3610,722,2888
"83747",5095,1019,4076
"83748",5165,1033,4132
"83749",4775,955,3820
"83750",5475,1095,4380
"83751",5395,1079,4316
"83752",4710,942,3768
"83753",5370,1074,4296
"83754",3960,792,3168
"83755",5045,1009,4036
"83756",4070,814,3256
"83757",4825,965,3860
"83758",5770,1154,4616
"83759",5000,1000,4000
"83760",4855,971,3884
"83761",5845,1169,4676
"83762",4820,964,3856
"83763",4930,986,3944
"83764",5140,1028,4112
"83765",4040,808,3232
"83766",3805,761,3044
"83767",3540,708,2832
"83768",4020,804,3216
"83769",4110,822,3288
"83770",4950,990,3960
"83771",5435,1087,4348
"83772",4235,847,3388
"83773",4205,841,3364
"83774",4375,875,3500
"83775",6015,1203,4812
"83776",3635,727,2908
"83777",5650,1130,4520
"83778",4560,912,3648
"83779",4395,879,3516
"83780",5565,1113,4452
"83781",6110,1222,4888
"83782",8420,1684,6736
"83783",4255,851,3404
"83784",4280,856,3424
"83785",5975,1195,4780
"83786",5030,1006,4024
"83787",4410,882,3528
"83788",4160,832,3328
"83789",4255,851,3404
"83790",5675,1135,4540
"83791",5975,1195,4780
"83792",4880,976,3904
"83793",4910,982,3928
"83794",4495,899,3596
"83795",4705,941,3764
"83796",4625,925,3700
"83797",4945,989,3956
"83798",5480,1096,4384
"83799",4440,888,3552
"83800",4530,906,3624
"83801",4755,951,3804
"83802",5500,1100,4400
"83803",4265,853,3412
"83804",5145,1029,4116
"83805",4500,900,3600
"83806",3860,772,3088
"83807",4710,942,3768
"83808",3830,766,3064
"83809",5040,1008,4032
"83810",3375,675,2700
"83811",4010,802,3208
"83812",5250,1050,4200
"83813",4530,906,3624
"83814",5090,1018,4072
"83815",6400,1280,5120
"83816",4860,972,3888
"83817",4930,986,3944
"83818",4260,852,3408
"83819",4080,816,3264
"83820",4215,843,3372
"83821",3895,779,3116
"83822",4295,859,3436
"83823",3660,732,2928
"83824",4305,861,3444
"83825",5175,1035,4140
"83826",6750,1350,5400
"83827",4005,801,3204
"83828",3865,773,3092
"83829",5040,1008,4032
"83830",6195,1239,4956
"83831",5860,1172,4688
"83832",4990,998,3992
"83833",3405,681,2724
"83834",5835,1167,4668
"83835",4160,832,3328
"83836",4320,864,3456
"83837",3845,769,3076
"83838",3810,762,3048
"83839",3505,701,2804
"83840",4750,950,3800
"83841",4655,931,3724
"83842",4830,966,3864
"83843",4460,892,3568
"83844",4710,942,3768
"83845",3495,699,2796
"83846",4575,915,3660
"83847",3615,723,2892
"83848",5105,1021,4084
"83849",8105,1621,6484
"83850",5665,1133,4532
"83851",4670,934,3736
"83852",3615,723,2892
"83853",4085,817,3268
"83854",4535,907,3628
"83855",5060,1012,4048
"83856",4995,999,3996
"83857",4365,873,3492
"83858",4970,994,3976
"83859",5190,1038,4152
"83860",4515,903,3612
"83861",6040,1208,4832
"83862",5435,1087,4348
"83863",4880,976,3904
"83864",4565,913,3652
"83865",4985,997,3988
"83866",4465,893,3572
"83867",5200,1040,4160
"83868",5805,1161,4644
"83869",5440,1088,4352
"83870",3645,729,2916
"83871",4590,918,3672
"83872",3235,647,2588
"83873",5460,1092,4368
"83874",4095,819,3276
"83875",4410,882,3528
"83876",4265,853,3412
"83877",4420,884,3536
"83878",6555,1311,5244
"83879",4465,893,3572
"83880",4740,948,3792
"83881",3675,735,2940
"83882",3985,797,3188
"83883",3910,782,3128
"83884",4195,839,3356
"83885",4680,936,3744
"83886",5825,1165,4660
"83887",5575,1115,4460
"83888",6000,1200,4800
"83889",3840,768,3072
"83890",3990,798,3192
"83891",3885,777,3108
"83892",3730,746,2984
"83893",4180,836,3344
"83894",5305,1061,4244
"83895",4270,854,3416
"83896",5015,1003,4012
"83897",4415,883,3532
"83898",3500,700,2800
"83899",4260,852,3408
"83900",4910,982,3928
"83901",4020,804,3216
"83902",4580,916,3664
"83903",3930,786,3144
"83904",3525,705,2820
"83905",4940,988,3952
"83906",4615,923,3692
"83907",4935,987,3948
"83908",4310,862,3448
"83909",3880,776,3104
"83910",6375,1275,5100
"83911",5625,1125,4500
"83912",6645,1329,5316
"83913",3825,765,3060
"83914",4500,900,3600
"83915",4305,861,3444
"83916",4680,936,3744
"83917",5570,1114,4456
"83918",4630,926,3704
"83919",5110,1022,4088
"83920",4375,875,3500
"83921",4265,853,3412
"83922",4440,888,3552
"83923",5430,1086,4344
"83924",4590,918,3672
"83925",4170,834,3336
"83926",4645,929,3716
"83927",3520,704,2816
"83928",3665,733,2932
"83929",4210,842,3368
"83930",4060,812,3248
"83931",5310,1062,4248
"83932",4725,945,3780
"83933",4060,812,3248
"83934",5165,1033,4132
"83935",4510,902,3608
"83936",5130,1026,4104
"83937",4895,979,3916
"83938",4980,996,3984
"83939",3790,758,3032
"83940",4165,833,3332
"83941",4125,825,3300
"83942",4755,951,3804
"83943",4490,898,3592
"83944",6450,1290,5160
"83945",3625,725,2900
"83946",3975,795,3180
"83947",6065,1213,4852
"83948",5175,1035,4140
"83949",4690,938,3752
"83950",4545,909,3636
"83951",4110,822,3288
"83952",4205,841,3364
"83953",6500,1300,5200
"83954",5885,1177,4708
"83955",3330,666,2664
"83956",5725,1145,4580
"83957",3940,788,3152
"83958",4815,963,3852
"83959",3745,749,2996
"83960",3690,738,2952
"83961",4400,880,3520
"83962",4610,922,3688
"83963",4270,854,3416
"83964",4305,861,3444
"83965",4290,858,3432
"83966",4935,987,3948
"83967",4735,947,3788
"83968",4345,869,3476
"83969",4160,832,3328
"83970",4600,920,3680
"83971",5735,1147,4588
"83972",4875,975,3900
"83973",4630,926,3704
"83974",5155,1031,4124
"83975",3675,735,2940
"83976",4200,840,3360
"83977",4795,959,3836
"83978",4660,932,3728
"83979",3500,700,2800
"83980",3695,739,2956
"83981",4290,858,3432
"83982",4150,830,3320
"83983",4435,887,3548
"83984",4670,934,3736
"83985",3905,781,3124
"83986",5340,1068,4272
"83987",4320,864,3456
"83988",3875,775,3100
"83989",4400,880,3520
"83990",4390,878,3512
"83991",4305,861,3444
"83992",4470,894,3576
"83993",4000,800,3200
"83994",4645,929,3716
"83995",4085,817,3268
"83996",4405,881,3524
"83997",6670,1334,5336
"83998",4915,983,3932
"83999",5615,1123,4492
"84000",4365,873,3492
"84001",3935,787,3148
"84002",5735,1147,4588
"84003",7115,1423,5692
"84004",4775,955,3820
"84005",3965,793,3172
"84006",4160,832,3328
"84007",4240,848,3392
"84008",4285,857,3428
"84009",3985,797,3188
"84010",4260,852,3408
"84011",3520,704,2816
"84012",3485,697,2788
"84013",3880,776,3104
"84014",4940,988,3952
"84015",4045,809,3236
"84016",4650,930,3720
"84017",3725,745,2980
"84018",3775,755,3020
"84019",4330,866,3464
"84020",3915,783,3132
"84021",4590,918,3672
"84022",5300,1060,4240
"84023",4330,866,3464
"84024",4110,822,3288
"84025",4425,885,3540
"84026",4935,987,3948
"84027",3895,779,3116
"84028",5215,1043,4172
"84029",6425,1285,5140
"84030",5555,1111,4444
"84031",5090,1018,4072
"84032",3345,669,2676
"84033",4155,831,3324
"84034",5770,1154,4616
"84035",3515,703,2812
"84036",5810,1162,4648
"84037",3975,795,3180
"84038",4645,929,3716
"84039",4145,829,3316
"84040",4145,829,3316
"84041",5240,1048,4192
"84042",3290,658,2632
"84043",6335,1267,5068
"84044",3860,772,3088
"84045",4305,861,3444
"84046",4385,877,3508
"84047",3610,722,2888
"84048",4850,970,3880
"84049",8325,1665,6660
"84050",3830,766,3064
"84051",3835,767,3068
"84052",4860,972,3888
"84053",5095,1019,4076
"84054",4830,966,3864
"84055",7635,1527,6108
"84056",4635,927,3708
"84057",6370,1274,5096
"84058",5890,1178,4712
"84059",5930,1186,4744
"84060",4955,991,3964
"84061",4700,940,3760
"84062",4335,867,3468
"84063",5155,1031,4124
"84064",4325,865,3460
"84065",3885,777,3108
"84066",3795,759,3036
"84067",3625,725,2900
"84068",6340,1268,5072
"84069",4345,869,3476
"84070",5370,1074,4296
"84071",4390,878,3512
"84072",3655,731,2924
"84073",4115,823,3292
"84074",6035,1207,4828
"84075",7430,1486,5944
"84076",3870,774,3096
"84077",5165,1033,4132
"84078",4630,926,3704
"84079",3985,797,3188
"84080",4170,834,3336
"84081",4125,825,3300
"84082",3330,666,2664
"84083",4280,856,3424
"84084",4120,824,3296
"84085",3750,750,3000
"84086",4500,900,3600
"84087",4770,954,3816
"84088",5055,1011,4044
"84089",3715,743,2972
"84090",5035,1007,4028
"84091",5555,1111,4444
"84092",4480,896,3584
"84093",5590,1118,4472
"84094",4675,935,3740
"84095",4465,893,3572
"84096",5010,1002,4008
"84097",5095,1019,4076
"84098",5105,1021,4084
"84099",4110,822,3288
"84100",3850,770,3080
"84101",5970,1194,4776
"84102",5330,1066,4264
"84103",4125,825,3300
"84104",5050,1010,4040
"84105",5245,1049,4196
"84106",4355,871,3484
"84107",4275,855,3420
"84108",3805,761,3044
"84109",5435,1087,4348
"84110",4015,803,3212
"84111",4755,951,3804
"84112",4130,826,3304
"84113",4210,842,3368
"84114",5330,1066,4264
"84115",4165,833,3332
"84116",5840,1168,4672
"84117",6465,1293,5172
"84118",4265,853,3412
"84119",4210,842,3368
"84120",6925,1385,5540
"84121",5435,1087,4348
"84122",4185,837,3348
"84123",3830,766,3064
"84124",3465,693,2772
"84125",5520,1104,4416
"84126",4470,894,3576
"84127",4945,989,3956
"84128",4140,828,3312
"84129",4710,942,3768
"84130",4450,890,3560
"84131",4710,942,3768
"84132",6160,1232,4928
"84133",5140,1028,4112
"84134",4495,899,3596
"84135",4945,989,3956
"84136",4135,827,3308
"84137",3900,780,3120
"84138",5445,1089,4356
"84139",5375,1075,4300
"84140",4860,972,3888
"84141",4705,941,3764
"84142",4185,837,3348
"84143",5630,1126,4504
"84144",5570,1114,4456
"84145",5540,1108,4432
"84146",4475,895,3580
"84147",4555,911,3644
"84148",4640,928,3712
"84149",4920,984,3936
"84150",3700,740,2960
"84151",3465,693,2772
"84152",5415,1083,4332
"84153",4130,826,3304
"84154",3865,773,3092
"84155",3915,783,3132
"84156",3550,710,2840
"84157",4680,936,3744
"84158",5680,1136,4544
"84159",4960,992,3968
"84160",4130,826,3304
"84161",5175,1035,4140
"84162",4310,862,3448
"84163",3700,740,2960
"84164",4475,895,3580
"84165",3880,776,3104
"84166",3295,659,2636
"84167",4510,902,3608
"84168",4110,822,3288
"84169",4205,841,3364
"84170",4580,916,3664
"84171",5715,1143,4572
"84172",4665,933,3732
"84173",3660,732,2928
"84174",4350,870,3480
"84175",4505,901,3604
"84176",4740,948,3792
"84177",3410,682,2728
"84178",4190,838,3352
"84179",4515,903,3612
"84180",4450,890,3560
"84181",4855,971,3884
"84182",4595,919,3676
"84183",4075,815,3260
"84184",8135,1627,6508
"84185",3820,764,3056
"84186",4060,812,3248
"84187",6480,1296,5184
"84188",5620,1124,4496
"84189",4280,856,3424
"84190",5020,1004,4016
"84191",5440,1088,4352
"84192",5575,1115,4460
"84193",3950,790,3160
"84194",5325,1065,4260
"84195",3795,759,3036
"84196",4495,899,3596
"84197",4580,916,3664
"84198",3660,732,2928
"84199",4850,970,3880
"84200",3910,782,3128
"84201",4700,940,3760
"84202",5995,1199,4796
"84203",4685,937,3748
"84204",4260,852,3408
"84205",4630,926,3704
"84206",8035,1607,6428
"84207",4870,974,3896
"84208",3605,721,2884
"84209",5145,1029,4116
"84210",4115,823,3292
"84211",4845,969,3876
"84212",3920,784,3136
"84213",4795,959,3836
"84214",3980,796,3184
"84215",5295,1059,4236
"84216",4050,810,3240
"84217",3780,756,3024
"84218",4200,840,3360
"84219",3645,729,2916
"84220",4685,937,3748
"84221",4335,867,3468
"84222",4715,943,3772
"84223",4530,906,3624
"84224",5285,1057,4228
"84225",4710,942,3768
"84226",4090,818,3272
"84227",3210,642,2568
"84228",5810,1162,4648
"84229",4045,809,3236
"84230",4655,931,3724
"84231",4775,955,3820
"84232",4105,821,3284
"84233",4995,999,3996
"84234",4585,917,3668
"84235",4300,860,3440
"84236",4325,865,3460
"84237",6970,1394,5576
"84238",5170,1034,4136
"84239",4990,998,3992
"84240",7990,1598,6392
"84241",4260,852,3408
"84242",4515,903,3612
"84243",4065,813,3252
"84244",4465,893,3572
"84245",3930,786,3144
"84246",5535,1107,4428
"84247",3610,722,2888
"84248",5195,1039,4156
"84249",4630,926,3704
"84250",4930,986,3944
"84251",4740,948,3792
"84252",7100,1420,5680
"84253",4335,867,3468
"84254",4335,867,3468
"84255",5715,1143,4572
"84256",3800,760,3040
"84257",4200,840,3360
"84258",4140,828,3312
"84259",5010,1002,4008
"84260",4885,977,3908
"84261",4230,846,3384
"84262",4230,846,3384
"84263",6080,1216,4864
"84264",5050,1010,4040
"84265",4440,888,3552
"84266",4715,943,3772
"84267",3630,726,2904
"84268",5330,1066,4264
"84269",7205,1441,5764
"84270",5790,1158,4632
"84271",4380,876,3504
"84272",3955,791,3164
"84273",3960,792,3168
"84274",4800,960,3840
"84275",4770,954,3816
"84276",5360,1072,4288
"84277",5970,1194,4776
"84278",5365,1073,4292
"84279",5795,1159,4636
"84280",4525,905,3620
"84281",4640,928,3712
"84282",4160,832,3328
"84283",5590,1118,4472
"84284",4805,961,3844
"84285",6835,1367,5468
"84286",5595,1119,4476
"84287",3905,781,3124
"84288",6450,1290,5160
"84289",4700,940,3760
"84290",6345,1269,5076
"84291",4615,923,3692
"84292",5385,1077,4308
"84293",3665,733,2932
"84294",4165,833,3332
"84295",4590,918,3672
"84296",3815,763,3052
"84297",5050,1010,4040
"84298",4270,854,3416
"84299",5610,1122,4488
"84300",5510,1102,4408
"84301",5090,1018,4072
"84302",5035,1007,4028
"84303",4115,823,3292
"84304",5040,1008,4032
"84305",5300,1060,4240
"84306",4105,821,3284
"84307",5230,1046,4184
"84308",5140,1028,4112
"84309",5290,1058,4232
"84310",3640,728,2912
"84311",4430,886,3544
"84312",4210,842,3368
"84313",3500,700,2800
"84314",5050,1010,4040
"84315",4460,892,3568
"84316",4275,855,3420
"84317",4615,923,3692
"84318",4765,953,3812
"84319",3790,758,3032
"84320",3375,675,2700
"84321",3995,799,3196
"84322",4105,821,3284
"84323",5225,1045,4180
"84324",4305,861,3444
"84325",4475,895,3580
"84326",4480,896,3584
"84327",3415,683,2732
"84328",4015,803,3212
"84329",5380,1076,4304
"84330",4010,802,3208
"84331",3850,770,3080
"84332",3890,778,3112
"84333",3820,764,3056
"84334",4605,921,3684
"84335",5295,1059,4236
"84336",4540,908,3632
"84337",4500,900,3600
"84338",3570,714,2856
"84339",5175,1035,4140
"84340",5355,1071,4284
"84341",3400,680,2720
"84342",5695,1139,4556
"84343",4390,878,3512
"84344",4135,827,3308
"84345",5705,1141,4564
"84346",4985,997,3988
"84347",4470,894,3576
"84348",4620,924,3696
"84349",5355,1071,4284
"84350",4240,848,3392
"84351",3595,719,2876
"84352",5170,1034,4136
"84353",4140,828,3312
"84354",6020,1204,4816
"84355",3215,643,2572
"84356",3695,739,2956
"84357",4640,928,3712
"84358",4265,853,3412
"84359",3855,771,3084
"84360",4020,804,3216
"84361",4755,951,3804
"84362",8025,1605,6420
"84363",4530,906,3624
"84364",4265,853,3412
"84365",4640,928,3712
"84366",5585,1117,4468
"84367",3955,791,3164
"84368",5175,1035,4140
"84369",5840,1168,4672
"84370",4150,830,3320
"84371",5260,1052,4208
"84372",4285,857,3428
"84373",6375,1275,5100
"84374",4665,933,3732
"84375",4855,971,3884
"84376",4400,880,3520
"84377",6025,1205,4820
"84378",4435,887,3548
"84379",3825,765,3060
"84380",5725,1145,4580
"84381",5740,1148,4592
"84382",5570,1114,4456
"84383",4685,937,3748
"84384",5170,1034,4136
"84385",5200,1040,4160
"84386",6365,1273,5092
"84387",3625,725,2900
"84388",5140,1028,4112
"84389",4480,896,3584
"84390",9170,1834,7336
"84391",4555,911,3644
"84392",6035,1207,4828
"84393",3795,759,3036
"84394",5080,1016,4064
"84395",4720,944,3776
"84396",3660,732,2928
"84397",4615,923,3692
"84398",4645,929,3716
"84399",5340,1068,4272
"84400",4740,948,3792
"84401",4455,891,3564
"84402",4320,864,3456
"84403",5155,1031,4124
"84404",5265,1053,4212
"84405",4885,977,3908
"84406",3975,795,3180
"84407",5455,1091,4364
"84408",4200,840,3360
"84409",5555,1111,4444
"84410",4360,872,3488
"84411",4120,824,3296
"84412",5190,1038,4152
"84413",6295,1259,5036
"84414",4380,876,3504
"84415",5625,1125,4500
"84416",4210,842,3368
"84417",5415,1083,4332
"84418",5465,1093,4372
"84419",5080,1016,4064
"84420",4055,811,3244
"84421",4015,803,3212
"84422",5955,1191,4764
"84423",4475,895,3580
"84424",4085,817,3268
"84425",5975,1195,4780
"84426",4690,938,3752
"84427",4850,970,3880
"84428",3805,761,3044
"84429",3565,713,2852
"84430",6040,1208,4832
"84431",5060,1012,4048
"84432",4435,887,3548
"84433",4580,916,3664
"84434",5350,1070,4280
"84435",5440,1088,4352
"84436",4580,916,3664
"84437",4570,914,3656
"84438",4515,903,3612
"84439",4995,999,3996
"84440",5950,1190,4760
"84441",4270,854,3416
"84442",5050,1010,4040
"84443",5335,1067,4268
"84444",4915,983,3932
"84445",4765,953,3812
"84446",3605,721,2884
"84447",5795,1159,4636
"84448",4980,996,3984
"84449",4300,860,3440
"84450",4470,894,3576
"84451",5785,1157,4628
"84452",6955,1391,5564
"84453",4210,842,3368
"84454",3675,735,2940
"84455",3785,757,3028
"84456",6130,1226,4904
"84457",4335,867,3468
"84458",4320,864,3456
"84459",5290,1058,4232
"84460",4860,972,3888
"84461",4890,978,3912
"84462",4525,905,3620
"84463",4895,979,3916
"84464",4610,922,3688
"84465",4035,807,3228
"84466",5335,1067,4268
"84467",6055,1211,4844
"84468",5570,1114,4456
"84469",4195,839,3356
"84470",6505,1301,5204
"84471",4600,920,3680
"84472",5375,1075,4300
"84473",4725,945,3780
"84474",5395,1079,4316
"84475",4180,836,3344
"84476",5325,1065,4260
"84477",4225,845,3380
"84478",3805,761,3044
"84479",4165,833,3332
"84480",3635,727,2908
"84481",4635,927,3708
"84482",5480,1096,4384
"84483",4480,896,3584
"84484",3690,738,2952
"84485",3865,773,3092
"84486",5885,1177,4708
"84487",4050,810,3240
"84488",5095,1019,4076
"84489",7260,1452,5808
"84490",3805,761,3044
"84491",4230,846,3384
"84492",3295,659,2636
"84493",4265,853,3412
"84494",4000,800,3200
"84495",4475,895,3580
"84496",4965,993,3972
"84497",4805,961,3844
"84498",5080,1016,4064
"84499",6880,1376,5504
"84500",3415,683,2732
"84501",5080,1016,4064
"84502",4420,884,3536
"84503",7275,1455,5820
"84504",5200,1040,4160
"84505",6090,1218,4872
"84506",5145,1029,4116
"84507",3755,751,3004
"84508",4695,939,3756
"84509",5125,1025,4100
"84510",4340,868,3472
"84511",4500,900,3600
"84512",3410,682,2728
"84513",3440,688,2752
"84514",4720,944,3776
"84515",4200,840,3360
"84516",4205,841,3364
"84517",5300,1060,4240
"84518",4875,975,3900
"84519",4110,822,3288
"84520",5425,1085,4340
"84521",4780,956,3824
"84522",4360,872,3488
"84523",3460,692,2768
"84524",4950,990,3960
"84525",4170,834,3336
"84526",5600,1120,4480
"84527",4955,991,3964
"84528",4200,840,3360
"84529",4205,841,3364
"84530",4975,995,3980
"84531",6110,1222,4888
"84532",4875,975,3900
"84533",5200,1040,4160
"84534",4065,813,3252
"84535",4110,822,3288
"84536",6690,1338,5352
"84537",5500,1100,4400
"84538",3215,643,2572
"84539",5690,1138,4552
"84540",5870,1174,4696
"84541",4660,932,3728
"84542",4550,910,3640
"84543",4235,847,3388
"84544",4060,812,3248
"84545",4155,831,3324
"84546",6705,1341,5364
"84547",4650,930,3720
"84548",4165,833,3332
"84549",5640,1128,4512
"84550",4735,947,3788
"84551",4930,986,3944
"84552",4305,861,3444
"84553",4560,912,3648
"84554",4570,914,3656
"84555",3435,687,2748
"84556",4355,871,3484
"84557",5105,1021,4084
"84558",4575,915,3660
"84559",4480,896,3584
"84560",4880,976,3904
"84561",5745,1149,4596
"84562",3530,706,2824
"84563",4155,831,3324
"84564",6965,1393,5572
"84565",4110,822,3288
"84566",4755,951,3804
"84567",4350,870,3480
"84568",4125,825,3300
"84569",5015,1003,4012
"84570",5215,1043,4172
"84571",3895,779,3116
"84572",4505,901,3604
"84573",5935,1187,4748
"84574",4295,859,3436
"84575",4760,952,3808
"84576",4140,828,3312
"84577",5890,1178,4712
"84578",4255,851,3404
"84579",4180,836,3344
"84580",4335,867,3468
"84581",4925,985,3940
"84582",5895,1179,4716
"84583",3885,777,3108
"84584",4815,963,3852
"84585",5210,1042,4168
"84586",4690,938,3752
"84587",3935,787,3148
"84588",5225,1045,4180
"84589",5005,1001,4004
"84590",7440,1488,5952
"84591",6435,1287,5148
"84592",5040,1008,4032
"84593",4410,882,3528
"84594",4800,960,3840
"84595",3670,734,2936
"84596",4595,919,3676
"84597",4260,852,3408
"84598",4755,951,3804
"84599",4935,987,3948
"84600",5720,1144,4576
"84601",5145,1029,4116
"84602",5350,1070,4280
"84603",4580,916,3664
"84604",4835,967,3868
"84605",4210,842,3368
"84606",3785,757,3028
"84607",4470,894,3576
"84608",5325,1065,4260
"84609",4645,929,3716
"84610",6140,1228,4912
"84611",3905,781,3124
"84612",4580,916,3664
"84613",4505,901,3604
"84614",4595,919,3676
"84615",4280,856,3424
"84616",3575,715,2860
"84617",4005,801,3204
"84618",5835,1167,4668
"84619",4930,986,3944
"84620",4000,800,3200
"84621",5995,1199,4796
"84622",5470,1094,4376
"84623",4370,874,3496
"84624",4540,908,3632
"84625",4525,905,3620
"84626",4550,910,3640
"84627",3515,703,2812
"84628",4295,859,3436
"84629",5760,1152,4608
"84630",4720,944,3776
"84631",5010,1002,4008
"84632",4680,936,3744
"84633",5575,1115,4460
"84634",4465,893,3572
"84635",4855,971,3884
"84636",6355,1271,5084
"84637",4715,943,3772
"84638",5650,1130,4520
"84639",3310,662,2648
"84640",4395,879,3516
"84641",6020,1204,4816
"84642",6030,1206,4824
"84643",4655,931,3724
"84644",4115,823,3292
"84645",3595,719,2876
"84646",4720,944,3776
"84647",4310,862,3448
"84648",5140,1028,4112
"84649",6475,1295,5180
"84650",4040,808,3232
"84651",4980,996,3984
"84652",4475,895,3580
"84653",4635,927,3708
"84654",5800,1160,4640
"84655",3285,657,2628
"84656",4290,858,3432
"84657",4375,875,3500
"84658",3625,725,2900
"84659",3995,799,3196
"84660",3905,781,3124
"84661",5840,1168,4672
"84662",5115,1023,4092
"84663",5740,1148,4592
"84664",3510,702,2808
"84665",5525,1105,4420
"84666",4870,974,3896
"84667",5145,1029,4116
"84668",6260,1252,5008
"84669",4825,965,3860
"84670",5535,1107,4428
"84671",3520,704,2816
"84672",5100,1020,4080
"84673",5885,1177,4708
"84674",3830,766,3064
"84675",5025,1005,4020
"84676",3495,699,2796
"84677",5065,1013,4052
"84678",4645,929,3716
"84679",4415,883,3532
"84680",3820,764,3056
"84681",3855,771,3084
"84682",6295,1259,5036
"84683",5050,1010,4040
"84684",3965,793,3172
"84685",3885,777,3108
"84686",4550,910,3640
"84687",4295,859,3436
"84688",5315,1063,4252
"84689",3835,767,3068
"84690",4925,985,3940
"84691",5680,1136,4544
"84692",6490,1298,5192
"84693",4665,933,3732
"84694",5385,1077,4308
"84695",4195,839,3356
"84696",5370,1074,4296
"84697",6020,1204,4816
"84698",3680,736,2944
"84699",3920,784,3136
"84700",4030,806,3224
"84701",4410,882,3528
"84702",4410,882,3528
"84703",4090,818,3272
"84704",3365,673,2692
"84705",4470,894,3576
"84706",4550,910,3640
"84707",7445,1489,5956
"84708",4030,806,3224
"84709",4990,998,3992
"84710",4515,903,3612
"84711",5610,1122,4488
"84712",5870,1174,4696
"84713",4505,901,3604
"84714",4485,897,3588
"84715",4415,883,3532
"84716",4470,894,3576
"84717",3560,712,2848
"84718",4465,893,3572
"84719",5840,1168,4672
"84720",6375,1275,5100
"84721",3190,638,2552
"84722",3805,761,3044
"84723",4475,895,3580
"84724",4940,988,3952
"84725",7030,1406,5624
"84726",4940,988,3952
"84727",5410,1082,4328
"84728",4930,986,3944
"84729",4595,919,3676
"84730",4425,885,3540
"84731",6470,1294,5176
"84732",3875,775,3100
"84733",4695,939,3756
"84734",4555,911,3644
"84735",4405,881,3524
"84736",6575,1315,5260
"84737",3990,798,3192
"84738",4980,996,3984
"84739",5045,1009,4036
"84740",3740,748,2992
"84741",3780,756,3024
"84742",4960,992,3968
"84743",4640,928,3712
"84744",3955,791,3164
"84745",4440,888,3552
"84746",4000,800,3200
"84747",5075,1015,4060
"84748",4705,941,3764
"84749",4720,944,3776
"84750",4795,959,3836
"84751",4225,845,3380
"84752",5710,1142,4568
"84753",3910,782,3128
"84754",3990,798,3192
"84755",3810,762,3048
"84756",5685,1137,4548
"84757",3655,731,2924
"84758",3980,796,3184
"84759",4115,823,3292
"84760",3700,740,2960
"84761",5470,1094,4376
"84762",4875,975,3900
"84763",5210,1042,4168
"84764",5040,1008,4032
"84765",3680,736,2944
"84766",6470,1294,5176
"84767",6580,1316,5264
"84768",3835,767,3068
"84769",4800,960,3840
"84770",4025,805,3220
"84771",4335,867,3468
"84772",4040,808,3232
"84773",3270,654,2616
"84774",4775,955,3820
"84775",5240,1048,4192
"84776",4115,823,3292
"84777",4480,896,3584
"84778",4735,947,3788
"84779",4395,879,3516
"84780",5705,1141,4564
"84781",5185,1037,4148
"84782",4400,880,3520
"84783",4630,926,3704
"84784",5645,1129,4516
"84785",5430,1086,4344
"84786",3450,690,2760
"84787",4135,827,3308
"84788",4205,841,3364
"84789",4410,882,3528
"84790",5310,1062,4248
"84791",3400,680,2720
"84792",4750,950,3800
"84793",4015,803,3212
"84794",4230,846,3384
"84795",3915,783,3132
"84796",3920,784,3136
"84797",7245,1449,5796
"84798",4160,832,3328
"84799",4115,823,3292
"84800",3930,786,3144
"84801",3820,764,3056
"84802",4675,935,3740
"84803",5485,1097,4388
"84804",5275,1055,4220
"84805",3385,677,2708
"84806",4335,867,3468
"84807",5080,1016,4064
"84808",5225,1045,4180
"84809",4400,880,3520
"84810",4400,880,3520
"84811",5480,1096,4384
"84812",5250,1050,4200
"84813",4345,869,3476
"84814",4495,899,3596
"84815",5225,1045,4180
"84816",5145,1029,4116
"84817",3590,718,2872
"84818",4505,901,3604
"84819",4050,810,3240
"84820",4600,920,3680
"84821",4250,850,3400
"84822",4825,965,3860
"84823",5540,1108,4432
"84824",4540,908,3632
"84825",3885,777,3108
"84826",4940,988,3952
"84827",5105,1021,4084
"84828",4660,932,3728
"84829",4470,894,3576
"84830",5095,1019,4076
"84831",5780,1156,4624
"84832",5260,1052,4208
"84833",4015,803,3212
"84834",4345,869,3476
"84835",3795,759,3036
"84836",5995,1199,4796
"84837",3915,783,3132
"84838",3990,798,3192
"84839",4115,823,3292
"84840",6245,1249,4996
"84841",5980,1196,4784
"84842",4535,907,3628
"84843",3885,777,3108
"84844",4920,984,3936
"84845",4200,840,3360
"84846",4125,825,3300
"84847",4155,831,3324
"84848",4700,940,3760
"84849",4790,958,3832
"84850",5815,1163,4652
"84851",5160,1032,4128
"84852",6005,1201,4804
"84853",5775,1155,4620
"84854",5700,1140,4560
"84855",4220,844,3376
"84856",4495,899,3596
"84857",4485,897,3588
"84858",7570,1514,6056
"84859",4410,882,3528
"84860",5855,1171,4684
"84861",4760,952,3808
"84862",3870,774,3096
"84863",4210,842,3368
"84864",4415,883,3532
"84865",4425,885,3540
"84866",8580,1716,6864
"84867",5820,1164,4656
"84868",4825,965,3860
"84869",4640,928,3712
"84870",4070,814,3256
"84871",5935,1187,4748
"84872",3755,751,3004
"84873",4185,837,3348
"84874",3935,787,3148
"84875",4580,916,3664
"84876",4825,965,3860
"84877",3910,782,3128
"84878",5040,1008,4032
"84879",4735,947,3788
"84880",4475,895,3580
"84881",5480,1096,4384
"84882",4840,968,3872
"84883",3860,772,3088
"84884",5470,1094,4376
"84885",5355,1071,4284
"84886",4735,947,3788
"84887",5375,1075,4300
"84888",3835,767,3068
"84889",4625,925,3700
"84890",4640,928,3712
"84891",4225,845,3380
"84892",3445,689,2756
"84893",3560,712,2848
"84894",5265,1053,4212
"84895",3850,770,3080
"84896",4535,907,3628
"84897",4240,848,3392
"84898",4630,926,3704
"84899",3695,739,2956
"84900",6450,1290,5160
"84901",5000,1000,4000
"84902",4895,979,3916
"84903",5390,1078,4312
"84904",5400,1080,4320
"84905",4720,944,3776
"84906",4265,853,3412
"84907",4035,807,3228
"84908",4960,992,3968
"84909",4625,925,3700
"84910",5315,1063,4252
"84911",5935,1187,4748
"84912",5535,1107,4428
"84913",4375,875,3500
"84914",4420,884,3536
"84915",4260,852,3408
"84916",4990,998,3992
"84917",5415,1083,4332
"84918",4530,906,3624
"84919",3855,771,3084
"84920",5325,1065,4260
"84921",5170,1034,4136
"84922",3270,654,2616
"84923",4235,847,3388
"84924",5470,1094,4376
"84925",4525,905,3620
"84926",5335,1067,4268
"84927",5440,1088,4352
"84928",3760,752,3008
"84929",5140,1028,4112
"84930",5435,1087,4348
"84931",3530,706,2824
"84932",5240,1048,4192
"84933",4010,802,3208
"84934",4905,981,3924
"84935",3580,716,2864
"84936",4285,857,3428
"84937",4410,882,3528
"84938",3730,746,2984
"84939",4675,935,3740
"84940",5440,1088,4352
"84941",5365,1073,4292
"84942",4745,949,3796
"84943",6895,1379,5516
"84944",4370,874,3496
"84945",3375,675,2700
"84946",5200,1040,4160
"84947",4080,816,3264
"84948",4175,835,3340
"84949",4000,800,3200
"84950",5895,1179,4716
"84951",3495,699,2796
"84952",3520,704,2816
"84953",5700,1140,4560
"84954",4835,967,3868
"84955",4285,857,3428
"84956",4690,938,3752
"84957",5680,1136,4544
"84958",4395,879,3516
"84959",6740,1348,5392
"84960",5085,1017,4068
"84961",4495,899,3596
"84962",4055,811,3244
"84963",4495,899,3596
"84964",5035,1007,4028
"84965",5155,1031,4124
"84966",3470,694,2776
"84967",6445,1289,5156
"84968",5730,1146,4584
"84969",6040,1208,4832
"84970",3900,780,3120
"84971",4065,813,3252
"84972",4605,921,3684
"84973",4360,872,3488
"84974",4640,928,3712
"84975",4425,885,3540
"84976",6525,1305,5220
"84977",3620,724,2896
"84978",3360,672,2688
"84979",5065,1013,4052
"84980",4225,845,3380
"84981",7195,1439,5756
"84982",6115,1223,4892
"84983",4770,954,3816
"84984",3690,738,2952
"84985",4110,822,3288
"84986",4410,882,3528
"84987",7620,1524,6096
"84988",3915,783,3132
"84989",4220,844,3376
"84990",4320,864,3456
"84991",4125,825,3300
"84992",5445,1089,4356
"84993",4760,952,3808
"84994",4070,814,3256
"84995",4845,969,3876
"84996",5985,1197,4788
"84997",5805,1161,4644
"84998",6360,1272,5088
"84999",7335,1467,5868
"85000",5945,1189,4756
"85001",4135,827,3308
"85002",4605,921,3684
"85003",4120,824,3296
"85004",3990,798,3192
"85005",5005,1001,4004
"85006",6960,1392,5568
"85007",5480,1096,4384
"85008",4200,840,3360
"85009",4985,997,3988
"85010",4275,855,3420
"85011",5175,1035,4140
"85012",3630,726,2904
"85013",5115,1023,4092
"85014",5200,1040,4160
"85015",6120,1224,4896
"85016",5425,1085,4340
"85017",4085,817,3268
"85018",4570,914,3656
"85019",4945,989,3956
"85020",4830,966,3864
"85021",5085,1017,4068
"85022",3655,731,2924
"85023",5000,1000,4000
"85024",4885,977,3908
"85025",5215,1043,4172
"85026",4445,889,3556
"85027",3675,735,2940
"85028",6805,1361,5444
"85029",4245,849,3396
"85030",6185,1237,4948
"85031",4325,865,3460
"85032",5035,1007,4028
"85033",5195,1039,4156
"85034",6600,1320,5280
"85035",3600,720,2880
"85036",4580,916,3664
"85037",4860,972,3888
"85038",4155,831,3324
"85039",4940,988,3952
"85040",4725,945,3780
"85041",4285,857,3428
"85042",4430,886,3544
"85043",5040,1008,4032
"85044",5250,1050,4200
"85045",4540,908,3632
"85046",4515,903,3612
"85047",5325,1065,4260
"85048",3655,731,2924
"85049",4575,915,3660
"85050",3830,766,3064
"85051",5155,1031,4124
"85052",4365,873,3492
"85053",4555,911,3644
"85054",5950,1190,4760
"85055",6790,1358,5432
"85056",5150,1030,4120
"85057",4585,917,3668
"85058",5360,1072,4288
"85059",3950,790,3160
"85060",7370,1474,5896
"85061",5045,1009,4036
"85062",5635,1127,4508
"85063",4495,899,3596
"85064",4590,918,3672
"85065",4550,910,3640
"85066",5585,1117,4468
"85067",6960,1392,5568
"85068",4535,907,3628
"85069",5010,1002,4008
"85070",4725,945,3780
"85071",3485,697,2788
"85072",4895,979,3916
"85073",4685,937,3748
"85074",5200,1040,4160
"85075",3405,681,2724
"85076",4520,904,3616
"85077",3780,756,3024
"85078",4730,946,3784
"85079",4085,817,3268
"85080",4095,819,3276
"85081",3775,755,3020
"85082",4130,826,3304
"85083",3965,793,3172
"85084",4115,823,3292
"85085",3800,760,3040
"85086",4845,969,3876
"85087",5115,1023,4092
"85088",5880,1176,4704
"85089",3775,755,3020
"85090",3820,764,3056
"85091",3810,762,3048
"85092",4915,983,3932
"85093",5105,1021,4084
"85094",5820,1164,4656
"85095",4690,938,3752
"85096",4350,870,3480
"85097",6330,1266,5064
"85098",5505,1101,4404
"85099",6330,1266,5064
"85100",4925,985,3940
"85101",6375,1275,5100
"85102",5000,1000,4000
"85103",3360,672,2688
"85104",4170,834,3336
"85105",5500,1100,4400
"85106",4015,803,3212
"85107",6180,1236,4944
"85108",5295,1059,4236
"85109",3865,773,3092
"85110",4865,973,3892
"85111",4630,926,3704
"85112",4190,838,3352
"85113",6310,1262,5048
"85114",3805,761,3044
"85115",6245,1249,4996
"85116",4190,838,3352
"85117",3860,772,3088
"85118",5440,1088,4352
"85119",4565,913,3652
"85120",4820,964,3856
"85121",7235,1447,5788
"85122",3800,760,3040
"85123",5025,1005,4020
"85124",4520,904,3616
"85125",4425,885,3540
"85126",4905,981,3924
"85127",3940,788,3152
"85128",4065,813,3252
"85129",6135,1227,4908
"85130",3690,738,2952
"85131",4330,866,3464
"85132",4530,906,3624
"85133",4510,902,3608
"85134",5145,1029,4116
"85135",4800,960,3840
"85136",5700,1140,4560
"85137",5470,1094,4376
"85138",3875,775,3100
"85139",4695,939,3756
"85140",5995,1199,4796
"85141",4430,886,3544
"85142",4020,804,3216
"85143",4960,992,3968
"85144",7820,1564,6256
"85145",4375,875,3500
"85146",4340,868,3472
"85147",5380,1076,4304
"85148",4185,837,3348
"85149",3845,769,3076
"85150",4805,961,3844
"85151",5240,1048,4192
"85152",3320,664,2656
"85153",4090,818,3272
"85154",3845,769,3076
"85155",4040,808,3232
"85156",4405,881,3524
"85157",3910,782,3128
"85158",5140,1028,4112
"85159",5605,1121,4484
"85160",4475,895,3580
"85161",4245,849,3396
"85162",3845,769,3076
"85163",4230,846,3384
"85164",5660,1132,4528
"85165",4625,925,3700
"85166",5765,1153,4612
"85167",5305,1061,4244
"85168",4090,818,3272
"85169",4495,899,3596
"85170",5650,1130,4520
"85171",5250,1050,4200
"85172",5540,1108,4432
"85173",4015,803,3212
"85174",5025,1005,4020
"85175",4800,960,3840
"85176",4330,866,3464
"85177",3825,765,3060
"85178",4955,991,3964
"85179",6515,1303,5212
"85180",5035,1007,4028
"85181",3930,786,3144
"85182",3730,746,2984
"85183",4040,808,3232
"85184",4435,887,3548
"85185",5405,1081,4324
"85186",4820,964,3856
"85187",6290,1258,5032
"85188",6430,1286,5144
"85189",5325,1065,4260
"85190",4735,947,3788
"85191",6490,1298,5192
"85192",4710,942,3768
"85193",4870,974,3896
"85194",4425,885,3540
"85195",3840,768,3072
"85196",4230,846,3384
"85197",6305,1261,5044
"85198",3915,783,3132
"85199",3910,782,3128
"85200",3775,755,3020
"85201",4640,928,3712
"85202",4320,864,3456
"85203",7540,1508,6032
"85204",4745,949,3796
"85205",4940,988,3952
"85206",7030,1406,5624
"85207",4865,973,3892
"85208",4155,831,3324
"85209",3230,646,2584
"85210",4320,864,3456
"85211",4395,879,3516
"85212",4085,817,3268
"85213",4465,893,3572
"85214",5340,1068,4272
"85215",4445,889,3556
"85216",5055,1011,4044
"85217",5050,1010,4040
"85218",4545,909,3636
"85219",3525,705,2820
"85220",3575,715,2860
"85221",4800,960,3840
"85222",4630,926,3704
"85223",3695,739,2956
"85224",5440,1088,4352
"85225",4790,958,3832
"85226",4310,862,3448
"85227",4480,896,3584
"85228",4480,896,3584
"85229",4035,807,3228
"85230",4350,870,3480
"85231",5735,1147,4588
"85232",6695,1339,5356
"85233",4375,875,3500
"85234",3640,728,2912
"85235",5770,1154,4616
"85236",7285,1457,5828
"85237",3750,750,3000
"85238",5050,1010,4040
"85239",3805,761,3044
"85240",6200,1240,4960
"85241",4365,873,3492
"85242",4965,993,3972
"85243",4780,956,3824
"85244",3435,687,2748
"85245",4065,813,3252
"85246",4305,861,3444
"85247",4390,878,3512
"85248",3870,774,3096
"85249",5315,1063,4252
"85250",3990,798,3192
"85251",4415,883,3532
"85252",5120,1024,4096
"85253",5205,1041,4164
"85254",4715,943,3772
"85255",4640,928,3712
"85256",4320,864,3456
"85257",4960,992,3968
"85258",5360,1072,4288
"85259",4850,970,3880
"85260",4570,914,3656
"85261",4660,932,3728
"85262",4035,807,3228
"85263",4890,978,3912
"85264",4445,889,3556
"85265",5765,1153,4612
"85266",3630,726,2904
"85267",5140,1028,4112
"85268",4280,856,3424
"85269",4155,831,3324
"85270",5090,1018,4072
"85271",5410,1082,4328
"85272",4455,891,3564
"85273",4005,801,3204
"85274",3520,704,2816
"85275",4400,880,3520
"85276",4725,945,3780
"85277",4885,977,3908
"85278",4360,872,3488
"85279",4880,976,3904
"85280",6730,1346,5384
"85281",4725,945,3780
"85282",4720,944,3776
"85283",5130,1026,4104
"85284",3795,759,3036
"85285",4705,941,3764
"85286",5005,1001,4004
"85287",4455,891,3564
"85288",5030,1006,4024
"85289",6735,1347,5388
"85290",4270,854,3416
"85291",4315,863,3452
"85292",3990,798,3192
"85293",4955,991,3964
"85294",5245,1049,4196
"85295",4495,899,3596
"85296",4375,875,3500
"85297",4260,852,3408
"85298",4205,841,3364
"85299",4800,960,3840
"85300",5615,1123,4492
"85301",4180,836,3344
"85302",5070,1014,4056
"85303",5145,1029,4116
"85304",5110,1022,4088
"85305",4045,809,3236
"85306",3775,755,3020
"85307",4930,986,3944
"85308",4245,849,3396
"85309",4005,801,3204
"85310",3955,791,3164
"85311",5090,1018,4072
"85312",4345,869,3476
"85313",4585,917,3668
"85314",4640,928,3712
"85315",3675,735,2940
"85316",4375,875,3500
"85317",3770,754,3016
"85318",5220,1044,4176
"85319",5280,1056,4224
"85320",5345,1069,4276
"85321",3935,787,3148
"85322",5275,1055,4220
"85323",3920,784,3136
"85324",4180,836,3344
"85325",5410,1082,4328
"85326",3585,717,2868
"85327",5785,1157,4628
"85328",4415,883,3532
"85329",4225,845,3380
"85330",3820,764,3056
"85331",5520,1104,4416
"85332",5350,1070,4280
"85333",4945,989,3956
"85334",4640,928,3712
"85335",4145,829,3316
"85336",4065,813,3252
"85337",4775,955,3820
"85338",5240,1048,4192
"85339",3760,752,3008
"85340",4370,874,3496
"85341",4880,976,3904
"85342",4095,819,3276
"85343",4075,815,3260
"85344",4755,951,3804
"85345",3755,751,3004
"85346",5630,1126,4504
"85347",3615,723,2892
"85348",5440,1088,4352
"85349",4010,802,3208
"85350",5140,1028,4112
"85351",4760,952,3808
"85352",4245,849,3396
"85353",5110,1022,4088
"85354",6460,1292,5168
"85355",4845,969,3876
"85356",4055,811,3244
"85357",4455,891,3564
"85358",5800,1160,4640
"85359",4350,870,3480
"85360",5015,1003,4012
"85361",5100,1020,4080
"85362",4360,872,3488
"85363",6820,1364,5456
"85364",5840,1168,4672
"85365",6095,1219,4876
"85366",3705,741,2964
"85367",4900,980,3920
"85368",4510,902,3608
"85369",4985,997,3988
"85370",4815,963,3852
"85371",4130,826,3304
"85372",4305,861,3444
"85373",6070,1214,4856
"85374",4325,865,3460
"85375",4645,929,3716
"85376",4385,877,3508
"85377",5110,1022,4088
"85378",4360,872,3488
"85379",3570,714,2856
"85380",6715,1343,5372
"85381",4825,965,3860
"85382",3725,745,2980
"85383",4965,993,3972
"85384",4925,985,3940
"85385",4325,865,3460
"85386",4690,938,3752
"85387",4985,997,3988
"85388",4920,984,3936
"85389",3595,719,2876
"85390",4050,810,3240
"85391",4655,931,3724
"85392",4895,979,3916
"85393",4050,810,3240
"85394",4215,843,3372
"85395",3840,768,3072
"85396",3570,714,2856
"85397",3950,790,3160
"85398",4775,955,3820
"85399",4775,955,3820
"85400",4330,866,3464
"85401",4945,989,3956
"85402",4245,849,3396
"85403",5310,1062,4248
"85404",4250,850,3400
"85405",3735,747,2988
"85406",5440,1088,4352
"85407",4600,920,3680
"85408",4015,803,3212
"85409",3285,657,2628
"85410",5525,1105,4420
"85411",3875,775,3100
"85412",6160,1232,4928
"85413",4935,987,3948
"85414",4705,941,3764
"85415",3915,783,3132
"85416",3950,790,3160
"85417",3990,798,3192
"85418",4250,850,3400
"85419",4615,923,3692
"85420",5420,1084,4336
"85421",4455,891,3564
"85422",3940,788,3152
"85423",3770,754,3016
"85424",4315,863,3452
"85425",3315,663,2652
"85426",5170,1034,4136
"85427",5085,1017,4068
"85428",6305,1261,5044
"85429",4290,858,3432
"85430",3650,730,2920
"85431",3740,748,2992
"85432",5050,1010,4040
"85433",4935,987,3948
"85434",5455,1091,4364
"85435",4055,811,3244
"85436",4155,831,3324
"85437",3695,739,2956
"85438",4620,924,3696
"85439",4765,953,3812
"85440",4900,980,3920
"85441",4480,896,3584
"85442",4030,806,3224
"85443",4540,908,3632
"85444",3770,754,3016
"85445",6795,1359,5436
"85446",5045,1009,4036
"85447",4410,882,3528
"85448",4455,891,3564
"85449",3995,799,3196
"85450",4755,951,3804
"85451",5025,1005,4020
"85452",4675,935,3740
"85453",4925,985,3940
"85454",4035,807,3228
"85455",4655,931,3724
"85456",4785,957,3828
"85457",4980,996,3984
"85458",4000,800,3200
"85459",4270,854,3416
"85460",4005,801,3204
"85461",4735,947,3788
"85462",3560,712,2848
"85463",5315,1063,4252
"85464",4440,888,3552
"85465",3755,751,3004
"85466",3980,796,3184
"85467",4285,857,3428
"85468",5485,1097,4388
"85469",4625,925,3700
"85470",4625,925,3700
"85471",6270,1254,5016
"85472",3890,778,3112
"85473",8000,1600,6400
"85474",5070,1014,4056
"85475",5870,1174,4696
"85476",6255,1251,5004
"85477",5170,1034,4136
"85478",4160,832,3328
"85479",6690,1338,5352
"85480",4865,973,3892
"85481",5040,1008,4032
"85482",4225,845,3380
"85483",4425,885,3540
"85484",4450,890,3560
"85485",5495,1099,4396
"85486",6860,1372,5488
"85487",3865,773,3092
"85488",6390,1278,5112
"85489",4480,896,3584
"85490",4245,849,3396
"85491",5315,1063,4252
"85492",6070,1214,4856
"85493",5320,1064,4256
"85494",4840,968,3872
"85495",4445,889,3556
"85496",3940,788,3152
"85497",4330,866,3464
"85498",4410,882,3528
"85499",5485,1097,4388
"85500",5095,1019,4076
"85501",5880,1176,4704
"85502",4955,991,3964
"85503",3720,744,2976
"85504",5015,1003,4012
"85505",4315,863,3452
"85506",3665,733,2932
"85507",3885,777,3108
"85508",4315,863,3452
"85509",4895,979,3916
"85510",5960,1192,4768
"85511",6445,1289,5156
"85512",6145,1229,4916
"85513",4655,931,3724
"85514",3875,775,3100
"85515",3940,788,3152
"85516",5180,1036,4144
"85517",5500,1100,4400
"85518",3865,773,3092
"85519",6040,1208,4832
"85520",5065,1013,4052
"85521",5525,1105,4420
"85522",4285,857,3428
"85523",4010,802,3208
"85524",5340,1068,4272
"85525",4345,869,3476
"85526",3600,720,2880
"85527",4455,891,3564
"85528",5210,1042,4168
"85529",3855,771,3084
"85530",6595,1319,5276
"85531",3765,753,3012
"85532",4195,839,3356
"85533",4955,991,3964
"85534",4315,863,3452
"85535",4210,842,3368
"85536",4215,843,3372
"85537",4395,879,3516
"85538",4305,861,3444
"85539",4670,934,3736
"85540",4960,992,3968
"85541",4505,901,3604
"85542",4905,981,3924
"85543",5215,1043,4172
"85544",3910,782,3128
"85545",5935,1187,4748
"85546",4825,965,3860
"85547",4165,833,3332
"85548",4030,806,3224
"85549",4910,982,3928
"85550",4510,902,3608
"85551",4715,943,3772
"85552",3335,667,2668
"85553",5005,1001,4004
"85554",5500,1100,4400
"85555",5435,1087,4348
"85556",4005,801,3204
"85557",3700,740,2960
"85558",5410,1082,4328
"85559",3885,777,3108
"85560",3980,796,3184
"85561",4455,891,3564
"85562",3600,720,2880
"85563",5010,1002,4008
"85564",5835,1167,4668
"85565",3740,748,2992
"85566",4445,889,3556
"85567",5150,1030,4120
"85568",5960,1192,4768
"85569",3935,787,3148
"85570",4525,905,3620
"85571",4510,902,3608
"85572",5405,1081,4324
"85573",5095,1019,4076
"85574",4730,946,3784
"85575",5345,1069,4276
"85576",5245,1049,4196
"85577",5565,1113,4452
"85578",3915,783,3132
"85579",5570,1114,4456
"85580",3985,797,3188
"85581",3645,729,2916
"85582",6870,1374,5496
"85583",5120,1024,4096
"85584",5680,1136,4544
"85585",3675,735,2940
"85586",4450,890,3560
"85587",4035,807,3228
"85588",4995,999,3996
"85589",7800,1560,6240
"85590",6885,1377,5508
"85591",4725,945,3780
"85592",4605,921,3684
"85593",5720,1144,4576
"85594",5630,1126,4504
"85595",4075,815,3260
"85596",4240,848,3392
"85597",3940,788,3152
"85598",4910,982,3928
"85599",3550,710,2840
"85600",3810,762,3048
"85601",5330,1066,4264
"85602",4580,916,3664
"85603",4220,844,3376
"85604",4355,871,3484
"85605",3465,693,2772
"85606",3790,758,3032
"85607",4540,908,3632
"85608",5200,1040,4160
"85609",4720,944,3776
"85610",4385,877,3508
"85611",5075,1015,4060
"85612",6570,1314,5256
"85613",4720,944,3776
"85614",4900,980,3920
"85615",4275,855,3420
"85616",5125,1025,4100
"85617",5460,1092,4368
"85618",4925,985,3940
"85619",3795,759,3036
"85620",4700,940,3760
"85621",5490,1098,4392
"85622",4070,814,3256
"85623",6120,1224,4896
"85624",3395,679,2716
"85625",3780,756,3024
"85626",5110,1022,4088
"85627",3905,781,3124
"85628",4935,987,3948
"85629",9640,1928,7712
"85630",5630,1126,4504
"85631",4105,821,3284
"85632",5270,1054,4216
"85633",4165,833,3332
"85634",4910,982,3928
"85635",5885,1177,4708
"85636",6060,1212,4848
"85637",4775,955,3820
"85638",3920,784,3136
"85639",5370,1074,4296
"85640",5065,1013,4052
"85641",5400,1080,4320
"85642",4565,913,3652
"85643",5390,1078,4312
"85644",5870,1174,4696
"85645",3530,706,2824
"85646",5225,1045,4180
"85647",4635,927,3708
"85648",3970,794,3176
"85649",3925,785,3140
"85650",4275,855,3420
"85651",5395,1079,4316
"85652",4655,931,3724
"85653",4600,920,3680
"85654",5115,1023,4092
"85655",4315,863,3452
"85656",4450,890,3560
"85657",6900,1380,5520
"85658",3925,785,3140
"85659",4690,938,3752
"85660",4280,856,3424
"85661",3140,628,2512
"85662",4435,887,3548
"85663",5025,1005,4020
"85664",3905,781,3124
"85665",6070,1214,4856
"85666",3655,731,2924
"85667",4765,953,3812
"85668",4835,967,3868
"85669",5540,1108,4432
"85670",6285,1257,5028
"85671",4035,807,3228
"85672",6025,1205,4820
"85673",4690,938,3752
"85674",4495,899,3596
"85675",4930,986,3944
"85676",4705,941,3764
"85677",3975,795,3180
"85678",8610,1722,6888
"85679",5520,1104,4416
"85680",4575,915,3660
"85681",3010,602,2408
"85682",4240,848,3392
"85683",4165,833,3332
"85684",4825,965,3860
"85685",7985,1597,6388
"85686",3990,798,3192
"85687",5525,1105,4420
"85688",4845,969,3876
"85689",6885,1377,5508
"85690",4485,897,3588
"85691",4035,807,3228
"85692",4100,820,3280
"85693",4100,820,3280
"85694",4800,960,3840
"85695",4400,880,3520
"85696",5120,1024,4096
"85697",4500,900,3600
"85698",3940,788,3152
"85699",6060,1212,4848
"85700",4025,805,3220
"85701",4210,842,3368
"85702",4050,810,3240
"85703",3730,746,2984
"85704",4275,855,3420
"85705",4520,904,3616
"85706",5330,1066,4264
"85707",3835,767,3068
"85708",5100,1020,4080
"85709",4100,820,3280
"85710",5830,1166,4664
"85711",3985,797,3188
"85712",4950,990,3960
"85713",6710,1342,5368
"85714",4560,912,3648
"85715",4970,994,3976
"85716",4620,924,3696
"85717",4360,872,3488
"85718",4825,965,3860
"85719",3240,648,2592
"85720",5250,1050,4200
"85721",4200,840,3360
"85722",5725,1145,4580
"85723",4740,948,3792
"85724",5145,1029,4116
"85725",4635,927,3708
"85726",4650,930,3720
"85727",4330,866,3464
"85728",4315,863,3452
"85729",4625,925,3700
"85730",4750,950,3800
"85731",5940,1188,4752
"85732",3815,763,3052
"85733",5065,1013,4052
"85734",5205,1041,4164
"85735",4530,906,3624
"85736",3615,723,2892
"85737",4215,843,3372
"85738",3975,795,3180
"85739",5845,1169,4676
"85740",3975,795,3180
"85741",5125,1025,4100
"85742",4110,822,3288
"85743",4330,866,3464
"85744",6045,1209,4836
"85745",5125,1025,4100
"85746",3620,724,2896
"85747",3980,796,3184
"85748",4135,827,3308
"85749",3845,769,3076
"85750",4510,902,3608
"85751",4400,880,3520
"85752",3915,783,3132
"85753",4675,935,3740
"85754",4145,829,3316
"85755",3705,741,2964
"85756",5690,1138,4552
"85757",4555,911,3644
"85758",4325,865,3460
"85759",5885,1177,4708
"85760",4160,832,3328
"85761",6540,1308,5232
"85762",4700,940,3760
"85763",3715,743,2972
"85764",5080,1016,4064
"85765",3960,792,3168
"85766",4965,993,3972
"85767",4965,993,3972
"85768",3510,702,2808
"85769",4060,812,3248
"85770",4985,997,3988
"85771",5560,1112,4448
"85772",4460,892,3568
"85773",4175,835,3340
"85774",5155,1031,4124
"85775",5405,1081,4324
"85776",5470,1094,4376
"85777",3930,786,3144
"85778",4360,872,3488
"85779",4050,810,3240
"85780",4085,817,3268
"85781",4490,898,3592
"85782",3960,792,3168
"85783",5075,1015,4060
"85784",3565,713,2852
"85785",4885,977,3908
"85786",4630,926,3704
"85787",4600,920,3680
"85788",4225,845,3380
"85789",4855,971,3884
"85790",5265,1053,4212
"85791",4645,929,3716
"85792",5240,1048,4192
"85793",4700,940,3760
"85794",5150,1030,4120
"85795",5625,1125,4500
"85796",5205,1041,4164
"85797",4490,898,3592
"85798",4605,921,3684
"85799",3395,679,2716
"85800",5070,1014,4056
"85801",4260,852,3408
"85802",4995,999,3996
"85803",4505,901,3604
"85804",4535,907,3628
"85805",5520,1104,4416
"85806",4895,979,3916
"85807",4450,890,3560
"85808",4490,898,3592
"85809",4190,838,3352
"85810",3625,725,2900
"85811",4780,956,3824
"85812",4160,832,3328
"85813",7080,1416,5664
"85814",4655,931,3724
"85815",4815,963,3852
"85816",4740,948,3792
"85817",3785,757,3028
"85818",4205,841,3364
"85819",4950,990,3960
"85820",5970,1194,4776
"85821",4705,941,3764
"85822",5155,1031,4124
"85823",4250,850,3400
"85824",5705,1141,4564
"85825",5845,1169,4676
"85826",4985,997,3988
"85827",6195,1239,4956
"85828",4385,877,3508
"85829",4300,860,3440
"85830",4365,873,3492
"85831",4375,875,3500
"85832",5135,1027,4108
"85833",5530,1106,4424
"85834",5775,1155,4620
"85835",3810,762,3048
"85836",5550,1110,4440
"85837",5430,1086,4344
"85838",4150,830,3320
"85839",3755,751,3004
"85840",4330,866,3464
"85841",5010,1002,4008
"85842",3885,777,3108
"85843",4505,901,3604
"85844",4320,864,3456
"85845",4010,802,3208
"85846",5970,1194,4776
"85847",4155,831,3324
"85848",4780,956,3824
"85849",4330,866,3464
"85850",4855,971,3884
"85851",3850,770,3080
"85852",4080,816,3264
"85853",4335,867,3468
"85854",5290,1058,4232
"85855",4410,882,3528
"85856",3990,798,3192
"85857",3885,777,3108
"85858",5915,1183,4732
"85859",4465,893,3572
"85860",4730,946,3784
"85861",6080,1216,4864
"85862",4895,979,3916
"85863",5100,1020,4080
"85864",4415,883,3532
"85865",4655,931,3724
"85866",3520,704,2816
"85867",4560,912,3648
"85868",5145,1029,4116
"85869",3875,775,3100
"85870",6210,1242,4968
"85871",4725,945,3780
"85872",3615,723,2892
"85873",3935,787,3148
"85874",5570,1114,4456
"85875",4330,866,3464
"85876",4600,920,3680
"85877",4585,917,3668
"85878",5230,1046,4184
"85879",4010,802,3208
"85880",5420,1084,4336
"85881",3405,681,2724
"85882",3475,695,2780
"85883",4775,955,3820
"85884",4345,869,3476
"85885",4145,829,3316
"85886",5120,1024,4096
"85887",3600,720,2880
"85888",4010,802,3208
"85889",3685,737,2948
"85890",4155,831,3324
"85891",4405,881,3524
"85892",4265,853,3412
"85893",4725,945,3780
"85894",5610,1122,4488
"85895",3550,710,2840
"85896",3995,799,3196
"85897",3955,791,3164
"85898",3695,739,2956
"85899",6640,1328,5312
"85900",3890,778,3112
"85901",5055,1011,4044
"85902",4745,949,3796
"85903",3955,791,3164
"85904",5700,1140,4560
"85905",6010,1202,4808
"85906",3930,786,3144
"85907",5115,1023,4092
"85908",4610,922,3688
"85909",4450,890,3560
"85910",5800,1160,4640
"85911",6000,1200,4800
"85912",4765,953,3812
"85913",4850,970,3880
"85914",4195,839,3356
"85915",3680,736,2944
"85916",4490,898,3592
"85917",4695,939,3756
"85918",5100,1020,4080
"85919",5415,1083,4332
"85920",4655,931,3724
"85921",3865,773,3092
"85922",3710,742,2968
"85923",4460,892,3568
"85924",6050,1210,4840
"85925",3820,764,3056
"85926",4670,934,3736
"85927",4840,968,3872
"85928",6385,1277,5108
"85929",3640,728,2912
"85930",4490,898,3592
"85931",4340,868,3472
"85932",4300,860,3440
"85933",3800,760,3040
"85934",4030,806,3224
"85935",3790,758,3032
"85936",4830,966,3864
"85937",4825,965,3860
"85938",5210,1042,4168
"85939",3675,735,2940
"85940",5185,1037,4148
"85941",4725,945,3780
"85942",6955,1391,5564
"85943",4960,992,3968
"85944",4340,868,3472
"85945",5670,1134,4536
"85946",4540,908,3632
"85947",4630,926,3704
"85948",4845,969,3876
"85949",4700,940,3760
"85950",4130,826,3304
"85951",4695,939,3756
"85952",4870,974,3896
"85953",5400,1080,4320
"85954",4925,985,3940
"85955",4895,979,3916
"85956",4350,870,3480
"85957",5625,1125,4500
"85958",5785,1157,4628
"85959",4890,978,3912
"85960",5985,1197,4788
"85961",4085,817,3268
"85962",4380,876,3504
"85963",4325,865,3460
"85964",5240,1048,4192
"85965",4835,967,3868
"85966",4740,948,3792
"85967",4305,861,3444
"85968",4280,856,3424
"85969",4785,957,3828
"85970",5075,1015,4060
"85971",3755,751,3004
"85972",3850,770,3080
"85973",3725,745,2980
"85974",5625,1125,4500
"85975",4265,853,3412
"85976",6240,1248,4992
"85977",4210,842,3368
"85978",4575,915,3660
"85979",3590,718,2872
"85980",4200,840,3360
"85981",4155,831,3324
"85982",6160,1232,4928
"85983",5600,1120,4480
"85984",3825,765,3060
"85985",4925,985,3940
"85986",5955,1191,4764
"85987",4015,803,3212
"85988",4860,972,3888
"85989",4105,821,3284
"85990",4735,947,3788
"85991",4805,961,3844
"85992",4775,955,3820
"85993",4215,843,3372
"85994",6785,1357,5428
"85995",5350,1070,4280
"85996",5295,1059,4236
"85997",5475,1095,4380
"85998",5070,1014,4056
"85999",3895,779,3116
"86000",5380,1076,4304
"86001",3105,621,2484
"86002",4495,899,3596
"86003",3695,739,2956
"86004",5450,1090,4360
"86005",4650,930,3720
"86006",4845,969,3876
"86007",6310,1262,5048
"86008",4690,938,3752
"86009",3985,797,3188
"86010",4325,865,3460
"86011",4250,850,3400
"86012",6120,1224,4896
"86013",3685,737,2948
"86014",3600,720,2880
"86015",3600,720,2880
"86016",4410,882,3528
"86017",5280,1056,4224
"86018",4905,981,3924
"86019",4280,856,3424
"86020",5645,1129,4516
"86021",5765,1153,4612
"86022",3960,792,3168
"86023",3960,792,3168
"86024",4670,934,3736
"86025",4540,908,3632
"86026",4280,856,3424
"86027",3800,760,3040
"86028",4750,950,3800
"86029",3715,743,2972
"86030",4560,912,3648
"86031",3500,700,2800
"86032",4025,805,3220
"86033",6230,1246,4984
"86034",3690,738,2952
"86035",6630,1326,5304
"86036",5010,1002,4008
"86037",4100,820,3280
"86038",4695,939,3756
"86039",5930,1186,4744
"86040",4635,927,3708
"86041",6210,1242,4968
"86042",5295,1059,4236
"86043",3515,703,2812
"86044",6490,1298,5192
"86045",5055,1011,4044
"86046",5145,1029,4116
"86047",4260,852,3408
"86048",3885,777,3108
"86049",5110,1022,4088
"86050",4635,927,3708
"86051",4110,822,3288
"86052",4025,805,3220
"86053",6275,1255,5020
"86054",5800,1160,4640
"86055",4380,876,3504
"86056",5865,1173,4692
"86057",5060,1012,4048
"86058",5265,1053,4212
"86059",3740,748,2992
"86060",3745,749,2996
"86061",4350,870,3480
"86062",3750,750,3000
"86063",4545,909,3636
"86064",4065,813,3252
"86065",4190,838,3352
"86066",4610,922,3688
"86067",6235,1247,4988
"86068",4030,806,3224
"86069",4445,889,3556
"86070",3970,794,3176
"86071",3680,736,2944
"86072",5745,1149,4596
"86073",4710,942,3768
"86074",3770,754,3016
"86075",3720,744,2976
"86076",4800,960,3840
"86077",3965,793,3172
"86078",4280,856,3424
"86079",5035,1007,4028
"86080",5530,1106,4424
"86081",5160,1032,4128
"86082",3910,782,3128
"86083",4325,865,3460
"86084",5765,1153,4612
"86085",3720,744,2976
"86086",4410,882,3528
"86087",6470,1294,5176
"86088",3380,676,2704
"86089",5155,1031,4124
"86090",5170,1034,4136
"86091",4335,867,3468
"86092",6835,1367,5468
"86093",4040,808,3232
"86094",5920,1184,4736
"86095",5575,1115,4460
"86096",6570,1314,5256
"86097",3905,781,3124
"86098",5630,1126,4504
"86099",4580,916,3664
"86100",6445,1289,5156
"86101",4115,823,3292
"86102",3885,777,3108
"86103",3790,758,3032
"86104",5280,1056,4224
"86105",5500,1100,4400
"86106",4910,982,3928
"86107",5085,1017,4068
"86108",5385,1077,4308
"86109",5195,1039,4156
"86110",3250,650,2600
"86111",4810,962,3848
"86112",4210,842,3368
"86113",5030,1006,4024
"86114",4560,912,3648
"86115",4460,892,3568
"86116",4310,862,3448
"86117",4020,804,3216
"86118",4210,842,3368
"86119",4370,874,3496
"86120",4980,996,3984
"86121",4620,924,3696
"86122",4310,862,3448
"86123",4680,936,3744
"86124",3535,707,2828
"86125",4765,953,3812
"86126",5055,1011,4044
"86127",3430,686,2744
"86128",3595,719,2876
"86129",4725,945,3780
"86130",3735,747,2988
"86131",4190,838,3352
"86132",5440,1088,4352
"86133",5235,1047,4188
"86134",4810,962,3848
"86135",4380,876,3504
"86136",4715,943,3772
"86137",4010,802,3208
"86138",5875,1175,4700
"86139",3725,745,2980
"86140",3695,739,2956
"86141",5195,1039,4156
"86142",4060,812,3248
"86143",3595,719,2876
"86144",4765,953,3812
"86145",3185,637,2548
"86146",5525,1105,4420
"86147",5390,1078,4312
"86148",3755,751,3004
"86149",4505,901,3604
"86150",4370,874,3496
"86151",6885,1377,5508
"86152",5810,1162,4648
"86153",3935,787,3148
"86154",3470,694,2776
"86155",5020,1004,4016
"86156",4620,924,3696
"86157",4105,821,3284
"86158",5780,1156,4624
"86159",4275,855,3420
"86160",5040,1008,4032
"86161",4160,832,3328
"86162",4245,849,3396
"86163",7865,1573,6292
"86164",6050,1210,4840
"86165",5475,1095,4380
"86166",5805,1161,4644
"86167",4690,938,3752
"86168",3830,766,3064
"86169",3915,783,3132
"86170",5905,1181,4724
"86171",3820,764,3056
"86172",3615,723,2892
"86173",5210,1042,4168
"86174",4115,823,3292
"86175",4390,878,3512
"86176",4345,869,3476
"86177",4235,847,3388
"86178",3630,726,2904
"86179",3965,793,3172
"86180",4510,902,3608
"86181",3440,688,2752
"86182",4850,970,3880
"86183",5370,1074,4296
"86184",4540,908,3632
"86185",5000,1000,4000
"86186",5560,1112,4448
"86187",5870,1174,4696
"86188",4125,825,3300
"86189",4940,988,3952
"86190",4955,991,3964
"86191",3455,691,2764
"86192",4065,813,3252
"86193",4480,896,3584
"86194",6535,1307,5228
"86195",4280,856,3424
"86196",6215,1243,4972
"86197",6790,1358,5432
"86198",4420,884,3536
"86199",5205,1041,4164
"86200",5620,1124,4496
"86201",4505,901,3604
"86202",4155,831,3324
"86203",4640,928,3712
"86204",5970,1194,4776
"86205",4055,811,3244
"86206",7030,1406,5624
"86207",4695,939,3756
"86208",5120,1024,4096
"86209",5560,1112,4448
"86210",3705,741,2964
"86211",5185,1037,4148
"86212",4955,991,3964
"86213",4075,815,3260
"86214",3740,748,2992
"86215",3725,745,2980
"86216",4785,957,3828
"86217",3700,740,2960
"86218",4705,941,3764
"86219",4555,911,3644
"86220",4855,971,3884
"86221",4840,968,3872
"86222",5120,1024,4096
"86223",4055,811,3244
"86224",4600,920,3680
"86225",4065,813,3252
"86226",5380,1076,4304
"86227",3775,755,3020
"86228",5370,1074,4296
"86229",4305,861,3444
"86230",5115,1023,4092
"86231",6650,1330,5320
"86232",6605,1321,5284
"86233",6010,1202,4808
"86234",4155,831,3324
"86235",3550,710,2840
"86236",4235,847,3388
"86237",6145,1229,4916
"86238",5305,1061,4244
"86239",4590,918,3672
"86240",3260,652,2608
"86241",5885,1177,4708
"86242",5350,1070,4280
"86243",4440,888,3552
"86244",4865,973,3892
"86245",4865,973,3892
"86246",3790,758,3032
"86247",4370,874,3496
"86248",4750,950,3800
"86249",4900,980,3920
"86250",5520,1104,4416
"86251",4335,867,3468
"86252",3965,793,3172
"86253",4240,848,3392
"86254",4170,834,3336
"86255",6120,1224,4896
"86256",4530,906,3624
"86257",4020,804,3216
"86258",5355,1071,4284
"86259",3990,798,3192
"86260",4790,958,3832
"86261",4150,830,3320
"86262",3920,784,3136
"86263",3545,709,2836
"86264",6785,1357,5428
"86265",4555,911,3644
"86266",7000,1400,5600
"86267",4630,926,3704
"86268",3460,692,2768
"86269",4225,845,3380
"86270",4765,953,3812
"86271",4125,825,3300
"86272",5225,1045,4180
"86273",5230,1046,4184
"86274",4440,888,3552
"86275",6785,1357,5428
"86276",4355,871,3484
"86277",4440,888,3552
"86278",5170,1034,4136
"86279",4550,910,3640
"86280",4560,912,3648
"86281",3240,648,2592
"86282",3780,756,3024
"86283",5350,1070,4280
"86284",4780,956,3824
"86285",5350,1070,4280
"86286",4195,839,3356
"86287",4545,909,3636
"86288",3880,776,3104
"86289",4990,998,3992
"86290",4020,804,3216
"86291",4575,915,3660
"86292",4215,843,3372
"86293",5445,1089,4356
"86294",3965,793,3172
"86295",4670,934,3736
"86296",4640,928,3712
"86297",4185,837,3348
"86298",5200,1040,4160
"86299",3890,778,3112
"86300",5340,1068,4272
"86301",4655,931,3724
"86302",4415,883,3532
"86303",3920,784,3136
"86304",6730,1346,5384
"86305",4760,952,3808
"86306",3950,790,3160
"86307",4210,842,3368
"86308",4410,882,3528
"86309",4050,810,3240
"86310",4660,932,3728
"86311",4525,905,3620
"86312",4115,823,3292
"86313",4260,852,3408
"86314",3750,750,3000
"86315",4310,862,3448
"86316",8865,1773,7092
"86317",4515,903,3612
"86318",4155,831,3324
"86319",3790,758,3032
"86320",3390,678,2712
"86321",6010,1202,4808
"86322",5155,1031,4124
"86323",3635,727,2908
"86324",5745,1149,4596
"86325",4400,880,3520
"86326",4585,917,3668
"86327",4490,898,3592
"86328",4290,858,3432
"86329",4440,888,3552
"86330",5160,1032,4128
"86331",5410,1082,4328
"86332",5750,1150,4600
"86333",4750,950,3800
"86334",4590,918,3672
"86335",4570,914,3656
"86336",5055,1011,4044
"86337",4040,808,3232
"86338",5720,1144,4576
"86339",4285,857,3428
"86340",4760,952,3808
"86341",4300,860,3440
"86342",3990,798,3192
"86343",5055,1011,4044
"86344",4295,859,3436
"86345",4595,919,3676
"86346",5390,1078,4312
"86347",5140,1028,4112
"86348",7070,1414,5656
"86349",4175,835,3340
"86350",5235,1047,4188
"86351",4840,968,3872
"86352",4980,996,3984
"86353",4250,850,3400
"86354",3680,736,2944
"86355",4555,911,3644
"86356",3535,707,2828
"86357",4390,878,3512
"86358",4750,950,3800
"86359",4505,901,3604
"86360",4665,933,3732
"86361",4525,905,3620
"86362",3250,650,2600
"86363",4315,863,3452
"86364",5640,1128,4512
"86365",5815,1163,4652
"86366",4215,843,3372
"86367",4520,904,3616
"86368",6890,1378,5512
"86369",6405,1281,5124
"86370",4350,870,3480
"86371",3745,749,2996
"86372",3625,725,2900
"86373",4215,843,3372
"86374",3730,746,2984
"86375",4530,906,3624
"86376",4975,995,3980
"86377",3855,771,3084
"86378",5180,1036,4144
"86379",4045,809,3236
"86380",5630,1126,4504
"86381",3840,768,3072
"86382",3725,745,2980
"86383",5805,1161,4644
"86384",4235,847,3388
"86385",3765,753,3012
"86386",4405,881,3524
"86387",3950,790,3160
"86388",5485,1097,4388
"86389",4910,982,3928
"86390",6305,1261,5044
"86391",5050,1010,4040
"86392",5890,1178,4712
"86393",5205,1041,4164
"86394",4760,952,3808
"86395",6190,1238,4952
"86396",4455,891,3564
"86397",5905,1181,4724
"86398",4515,903,3612
"86399",4675,935,3740
"86400",4720,944,3776
"86401",4735,947,3788
"86402",5230,1046,4184
"86403",5080,1016,4064
"86404",3685,737,2948
"86405",8630,1726,6904
"86406",4545,909,3636
"86407",4280,856,3424
"86408",6390,1278,5112
"86409",4690,938,3752
"86410",5100,1020,4080
"86411",4795,959,3836
"86412",5100,1020,4080
"86413",3705,741,2964
"86414",3830,766,3064
"86415",4860,972,3888
"86416",5025,1005,4020
"86417",5055,1011,4044
"86418",6395,1279,5116
"86419",3945,789,3156
"86420",4020,804,3216
"86421",8310,1662,6648
"86422",5990,1198,4792
"86423",4070,814,3256
"86424",4490,898,3592
"86425",5250,1050,4200
"86426",4830,966,3864
"86427",3775,755,3020
"86428",5330,1066,4264
"86429",4330,866,3464
"86430",4470,894,3576
"86431",4665,933,3732
"86432",3590,718,2872
"86433",4610,922,3688
"86434",4620,924,3696
"86435",4760,952,3808
"86436",4075,815,3260
"86437",4555,911,3644
"86438",4375,875,3500
"86439",5350,1070,4280
"86440",4115,823,3292
"86441",3905,781,3124
"86442",3695,739,2956
"86443",3640,728,2912
"86444",5215,1043,4172
"86445",5145,1029,4116
"86446",5190,1038,4152
"86447",4820,964,3856
"86448",3960,792,3168
"86449",6175,1235,4940
"86450",4235,847,3388
"86451",5750,1150,4600
"86452",5070,1014,4056
"86453",4175,835,3340
"86454",4400,880,3520
"86455",3650,730,2920
"86456",4060,812,3248
"86457",3760,752,3008
"86458",4995,999,3996
"86459",4960,992,3968
"86460",4175,835,3340
"86461",3820,764,3056
"86462",4555,911,3644
"86463",5645,1129,4516
"86464",5435,1087,4348
"86465",4270,854,3416
"86466",5380,1076,4304
"86467",5315,1063,4252
"86468",5575,1115,4460
"86469",4270,854,3416
"86470",4605,921,3684
"86471",4535,907,3628
"86472",4420,884,3536
"86473",4725,945,3780
"86474",4345,869,3476
"86475",3875,775,3100
"86476",9700,1940,7760
"86477",4850,970,3880
"86478",5355,1071,4284
"86479",4950,990,3960
"86480",4725,945,3780
"86481",3815,763,3052
"86482",4360,872,3488
"86483",4470,894,3576
"86484",3515,703,2812
"86485",5855,1171,4684
"86486",5075,1015,4060
"86487",6545,1309,5236
"86488",4730,946,3784
"86489",4280,856,3424
"86490",5920,1184,4736
"86491",4425,885,3540
"86492",4535,907,3628
"86493",4020,804,3216
"86494",5335,1067,4268
"86495",4560,912,3648
"86496",5125,1025,4100
"86497",4365,873,3492
"86498",4465,893,3572
"86499",4860,972,3888
"86500",4645,929,3716
"86501",3430,686,2744
"86502",4485,897,3588
"86503",4885,977,3908
"86504",4480,896,3584
"86505",4025,805,3220
"86506",5895,1179,4716
"86507",3785,757,3028
"86508",4090,818,3272
"86509",4070,814,3256
"86510",5620,1124,4496
"86511",4400,880,3520
"86512",5105,1021,4084
"86513",5540,1108,4432
"86514",5900,1180,4720
"86515",4435,887,3548
"86516",7480,1496,5984
"86517",7160,1432,5728
"86518",4635,927,3708
"86519",4535,907,3628
"86520",4675,935,3740
"86521",4445,889,3556
"86522",4250,850,3400
"86523",4830,966,3864
"86524",5485,1097,4388
"86525",3730,746,2984
"86526",5415,1083,4332
"86527",4325,865,3460
"86528",3865,773,3092
"86529",4920,984,3936
"86530",6025,1205,4820
"86531",5815,1163,4652
"86532",4105,821,3284
"86533",5865,1173,4692
"86534",3810,762,3048
"86535",5305,1061,4244
"86536",3975,795,3180
"86537",4680,936,3744
"86538",4240,848,3392
"86539",4775,955,3820
"86540",4870,974,3896
"86541",4395,879,3516
"86542",5835,1167,4668
"86543",4275,855,3420
"86544",4215,843,3372
"86545",3485,697,2788
"86546",4845,969,3876
"86547",6920,1384,5536
"86548",6080,1216,4864
"86549",4625,925,3700
"86550",5140,1028,4112
"86551",6285,1257,5028
"86552",4010,802,3208
"86553",4250,850,3400
"86554",5005,1001,4004
"86555",3395,679,2716
"86556",5030,1006,4024
"86557",4485,897,3588
"86558",4015,803,3212
"86559",5585,1117,4468
"86560",4280,856,3424
"86561",3770,754,3016
"86562",4345,869,3476
"86563",4100,820,3280
"86564",6380,1276,5104
"86565",3470,694,2776
"86566",5770,1154,4616
"86567",4065,813,3252
"86568",5910,1182,4728
"86569",3985,797,3188
"86570",5180,1036,4144
"86571",4815,963,3852
"86572",4005,801,3204
"86573",5205,1041,4164
"86574",5170,1034,4136
"86575",4925,985,3940
"86576",4635,927,3708
"86577",4365,873,3492
"86578",5490,1098,4392
"86579",5440,1088,4352
"86580",5365,1073,4292
"86581",5620,1124,4496
"86582",3825,765,3060
"86583",6075,1215,4860
"86584",6025,1205,4820
"86585",5380,1076,4304
"86586",4515,903,3612
"86587",5520,1104,4416
"86588",3930,786,3144
"86589",5650,1130,4520
"86590",4845,969,3876
"86591",3675,735,2940
"86592",4640,928,3712
"86593",4190,838,3352
"86594",5135,1027,4108
"86595",5130,1026,4104
"86596",4810,962,3848
"86597",3525,705,2820
"86598",4260,852,3408
"86599",5025,1005,4020
"86600",3485,697,2788
"86601",4665,933,3732
"86602",4325,865,3460
"86603",4290,858,3432
"86604",4540,908,3632
"86605",4195,839,3356
"86606",4645,929,3716
"86607",6205,1241,4964
"86608",6380,1276,5104
"86609",4035,807,3228
"86610",3875,775,3100
"86611",5345,1069,4276
"86612",4905,981,3924
"86613",4140,828,3312
"86614",4495,899,3596
"86615",3330,666,2664
"86616",3835,767,3068
"86617",4375,875,3500
"86618",4490,898,3592
"86619",4840,968,3872
"86620",4165,833,3332
"86621",4030,806,3224
"86622",4905,981,3924
"86623",3700,740,2960
"86624",3780,756,3024
"86625",5120,1024,4096
"86626",4850,970,3880
"86627",4405,881,3524
"86628",4330,866,3464
"86629",4785,957,3828
"86630",6105,1221,4884
"86631",3805,761,3044
"86632",5195,1039,4156
"86633",4135,827,3308
"86634",3500,700,2800
"86635",5035,1007,4028
"86636",4575,915,3660
"86637",4290,858,3432
"86638",5120,1024,4096
"86639",4440,888,3552
"86640",5220,1044,4176
"86641",3635,727,2908
"86642",4005,801,3204
"86643",5225,1045,4180
"86644",3945,789,3156
"86645",5940,1188,4752
"86646",4405,881,3524
"86647",5320,1064,4256
"86648",3865,773,3092
"86649",4405,881,3524
"86650",7340,1468,5872
"86651",4620,924,3696
"86652",4230,846,3384
"86653",7590,1518,6072
"86654",4675,935,3740
"86655",4520,904,3616
"86656",5565,1113,4452
"86657",3630,726,2904
"86658",4045,809,3236
"86659",6110,1222,4888
"86660",3375,675,2700
"86661",4700,940,3760
"86662",3885,777,3108
"86663",4230,846,3384
"86664",4695,939,3756
"86665",6010,1202,4808
"86666",5425,1085,4340
"86667",4355,871,3484
"86668",4605,921,3684
"86669",4595,919,3676
"86670",4085,817,3268
"86671",3510,702,2808
"86672",5515,1103,4412
"86673",5440,1088,4352
"86674",3980,796,3184
"86675",4780,956,3824
"86676",5850,1170,4680
"86677",5260,1052,4208
"86678",6205,1241,4964
"86679",5405,1081,4324
"86680",5380,1076,4304
"86681",4760,952,3808
"86682",4685,937,3748
"86683",4340,868,3472
"86684",3975,795,3180
"86685",3785,757,3028
"86686",4740,948,3792
"86687",5125,1025,4100
"86688",6930,1386,5544
"86689",5390,1078,4312
"86690",5315,1063,4252
"86691",7925,1585,6340
"86692",4560,912,3648
"86693",6890,1378,5512
"86694",4295,859,3436
"86695",4890,978,3912
"86696",5200,1040,4160
"86697",4300,860,3440
"86698",4415,883,3532
"86699",4530,906,3624
"86700",6605,1321,5284
"86701",4425,885,3540
"86702",4430,886,3544
"86703",4650,930,3720
"86704",4190,838,3352
"86705",5790,1158,4632
"86706",3510,702,2808
"86707",5385,1077,4308
"86708",4490,898,3592
"86709",3450,690,2760
"86710",3695,739,2956
"86711",4330,866,3464
"86712",4035,807,3228
"86713",6400,1280,5120
"86714",4200,840,3360
"86715",4010,802,3208
"86716",4545,909,3636
"86717",3835,767,3068
"86718",4650,930,3720
"86719",4495,899,3596
"86720",3765,753,3012
"86721",4565,913,3652
"86722",5300,1060,4240
"86723",4225,845,3380
"86724",8005,1601,6404
"86725",4130,826,3304
"86726",6170,1234,4936
"86727",5160,1032,4128
"86728",5420,1084,4336
"86729",3705,741,2964
"86730",5965,1193,4772
"86731",4665,933,3732
"86732",4640,928,3712
"86733",4965,993,3972
"86734",4510,902,3608
"86735",5125,1025,4100
"86736",4420,884,3536
"86737",4375,875,3500
"86738",5070,1014,4056
"86739",6235,1247,4988
"86740",5750,1150,4600
"86741",5370,1074,4296
"86742",4360,872,3488
"86743",4495,899,3596
"86744",4500,900,3600
"86745",4195,839,3356
"86746",5025,1005,4020
"86747",4395,879,3516
"86748",4400,880,3520
"86749",3665,733,2932
"86750",5115,1023,4092
"86751",4480,896,3584
"86752",4600,920,3680
"86753",3560,712,2848
"86754",4325,865,3460
"86755",3870,774,3096
"86756",5025,1005,4020
"86757",7505,1501,6004
"86758",3955,791,3164
"86759",4050,810,3240
"86760",3700,740,2960
"86761",7065,1413,5652
"86762",4555,911,3644
"86763",4155,831,3324
"86764",3825,765,3060
"86765",5240,1048,4192
"86766",3890,778,3112
"86767",4435,887,3548
"86768",3845,769,3076
"86769",4540,908,3632
"86770",5085,1017,4068
"86771",3710,742,2968
"86772",4210,842,3368
"86773",5795,1159,4636
"86774",6345,1269,5076
"86775",4375,875,3500
"86776",4005,801,3204
"86777",3905,781,3124
"86778",3520,704,2816
"86779",4715,943,3772
"86780",3790,758,3032
"86781",4160,832,3328
"86782",5085,1017,4068
"86783",4985,997,3988
"86784",4165,833,3332
"86785",3460,692,2768
"86786",4695,939,3756
"86787",4070,814,3256
"86788",4340,868,3472
"86789",5295,1059,4236
"86790",3990,798,3192
"86791",4935,987,3948
"86792",4825,965,3860
"86793",4550,910,3640
"86794",5410,1082,4328
"86795",3980,796,3184
"86796",4130,826,3304
"86797",4335,867,3468
"86798",4425,885,3540
"86799",5490,1098,4392
"86800",6015,1203,4812
"86801",4065,813,3252
"86802",4120,824,3296
"86803",4530,906,3624
"86804",4410,882,3528
"86805",4315,863,3452
"86806",5355,1071,4284
"86807",4515,903,3612
"86808",4920,984,3936
"86809",4760,952,3808
"86810",4465,893,3572
"86811",4675,935,3740
"86812",4905,981,3924
"86813",4415,883,3532
"86814",4015,803,3212
"86815",5260,1052,4208
"86816",4335,867,3468
"86817",4830,966,3864
"86818",5025,1005,4020
"86819",3985,797,3188
"86820",4655,931,3724
"86821",4160,832,3328
"86822",4120,824,3296
"86823",4685,937,3748
"86824",4075,815,3260
"86825",3695,739,2956
"86826",4660,932,3728
"86827",3460,692,2768
"86828",4155,831,3324
"86829",4755,951,3804
"86830",3650,730,2920
"86831",5050,1010,4040
"86832",4645,929,3716
"86833",4775,955,3820
"86834",5065,1013,4052
"86835",5665,1133,4532
"86836",5950,1190,4760
"86837",5980,1196,4784
"86838",4435,887,3548
"86839",4380,876,3504
"86840",4980,996,3984
"86841",3565,713,2852
"86842",3885,777,3108
"86843",4125,825,3300
"86844",4110,822,3288
"86845",5090,1018,4072
"86846",4390,878,3512
"86847",4805,961,3844
"86848",4775,955,3820
"86849",4915,983,3932
"86850",5785,1157,4628
"86851",5320,1064,4256
"86852",3955,791,3164
"86853",4525,905,3620
"86854",4415,883,3532
"86855",5310,1062,4248
"86856",4175,835,3340
"86857",5020,1004,4016
"86858",4650,930,3720
"86859",4100,820,3280
"86860",3995,799,3196
"86861",4305,861,3444
"86862",5575,1115,4460
"86863",3310,662,2648
"86864",4565,913,3652
"86865",5020,1004,4016
"86866",5075,1015,4060
"86867",4125,825,3300
"86868",4685,937,3748
"86869",5080,1016,4064
"86870",6085,1217,4868
"86871",3895,779,3116
"86872",3990,798,3192
"86873",4785,957,3828
"86874",5955,1191,4764
"86875",3905,781,3124
"86876",4645,929,3716
"86877",4510,902,3608
"86878",5500,1100,4400
"86879",3555,711,2844
"86880",5025,1005,4020
"86881",4035,807,3228
"86882",4015,803,3212
"86883",4615,923,3692
"86884",4430,886,3544
"86885",4500,900,3600
"86886",5175,1035,4140
"86887",5535,1107,4428
"86888",5100,1020,4080
"86889",3835,767,3068
"86890",5565,1113,4452
"86891",4000,800,3200
"86892",3790,758,3032
"86893",6325,1265,5060
"86894",4580,916,3664
"86895",4365,873,3492
"86896",4185,837,3348
"86897",3850,770,3080
"86898",5495,1099,4396
"86899",4195,839,3356
"86900",5270,1054,4216
"86901",3890,778,3112
"86902",4225,845,3380
"86903",4155,831,3324
"86904",5420,1084,4336
"86905",6395,1279,5116
"86906",5680,1136,4544
"86907",3960,792,3168
"86908",3665,733,2932
"86909",5690,1138,4552
"86910",4620,924,3696
"86911",4995,999,3996
"86912",3865,773,3092
"86913",3640,728,2912
"86914",5455,1091,4364
"86915",4320,864,3456
"86916",5350,1070,4280
"86917",4935,987,3948
"86918",4145,829,3316
"86919",4120,824,3296
"86920",4695,939,3756
"86921",4150,830,3320
"86922",5045,1009,4036
"86923",8090,1618,6472
"86924",6355,1271,5084
"86925",4850,970,3880
"86926",3210,642,2568
"86927",4885,977,3908
"86928",3465,693,2772
"86929",4745,949,3796
"86930",4595,919,3676
"86931",4760,952,3808
"86932",4715,943,3772
"86933",3350,670,2680
"86934",3895,779,3116
"86935",4830,966,3864
"86936",4105,821,3284
"86937",4070,814,3256
"86938",4390,878,3512
"86939",6030,1206,4824
"86940",8175,1635,6540
"86941",4260,852,3408
"86942",4225,845,3380
"86943",6120,1224,4896
"86944",4245,849,3396
"86945",4675,935,3740
"86946",3995,799,3196
"86947",5500,1100,4400
"86948",6625,1325,5300
"86949",3515,703,2812
"86950",4250,850,3400
"86951",4335,867,3468
"86952",4875,975,3900
"86953",3555,711,2844
"86954",4680,936,3744
"86955",3785,757,3028
"86956",3380,676,2704
"86957",4935,987,3948
"86958",3645,729,2916
"86959",4240,848,3392
"86960",5295,1059,4236
"86961",3705,741,2964
"86962",4800,960,3840
"86963",4685,937,3748
"86964",3635,727,2908
"86965",5095,1019,4076
"86966",4575,915,3660
"86967",4510,902,3608
"86968",4900,980,3920
"86969",4500,900,3600
"86970",4025,805,3220
"86971",3720,744,2976
"86972",6215,1243,4972
"86973",5175,1035,4140
"86974",6430,1286,5144
"86975",4545,909,3636
"86976",4060,812,3248
"86977",4115,823,3292
"86978",3270,654,2616
"86979",5320,1064,4256
"86980",6720,1344,5376
"86981",4930,986,3944
"86982",5475,1095,4380
"86983",4140,828,3312
"86984",3790,758,3032
"86985",4520,904,3616
"86986",4355,871,3484
"86987",4415,883,3532
"86988",5325,1065,4260
"86989",5595,1119,4476
"86990",4380,876,3504
"86991",6085,1217,4868
"86992",4710,942,3768
"86993",5135,1027,4108
"86994",4410,882,3528
"86995",4475,895,3580
"86996",5500,1100,4400
"86997",7945,1589,6356
"86998",4850,970,3880
"86999",4450,890,3560
"87000",5910,1182,4728
"87001",4745,949,3796
"87002",5310,1062,4248
"87003",3380,676,2704
"87004",5060,1012,4048
"87005",4220,844,3376
"87006",3250,650,2600
"87007",4210,842,3368
"87008",4575,915,3660
"87009",4100,820,3280
"87010",6815,1363,5452
"87011",6950,1390,5560
"87012",4475,895,3580
"87013",3835,767,3068
"87014",5285,1057,4228
"87015",4055,811,3244
"87016",3610,722,2888
"87017",3910,782,3128
"87018",3920,784,3136
"87019",3545,709,2836
"87020",2940,588,2352
"87021",3985,797,3188
"87022",3780,756,3024
"87023",4160,832,3328
"87024",3925,785,3140
"87025",4750,950,3800
"87026",4985,997,3988
"87027",4830,966,3864
"87028",3510,702,2808
"87029",4955,991,3964
"87030",3495,699,2796
"87031",4370,874,3496
"87032",4435,887,3548
"87033",4875,975,3900
"87034",4355,871,3484
"87035",5285,1057,4228
"87036",4180,836,3344
"87037",4165,833,3332
"87038",5295,1059,4236
"87039",5410,1082,4328
"87040",4550,910,3640
"87041",4855,971,3884
"87042",4065,813,3252
"87043",4935,987,3948
"87044",4960,992,3968
"87045",5440,1088,4352
"87046",4245,849,3396
"87047",4085,817,3268
"87048",4220,844,3376
"87049",3970,794,3176
"87050",4000,800,3200
"87051",3795,759,3036
"87052",4995,999,3996
"87053",3270,654,2616
"87054",4675,935,3740
"87055",4430,886,3544
"87056",3710,742,2968
"87057",6235,1247,4988
"87058",3735,747,2988
"87059",3565,713,2852
"87060",4065,813,3252
"87061",5725,1145,4580
"87062",4020,804,3216
"87063",7470,1494,5976
"87064",4490,898,3592
"87065",4085,817,3268
"87066",4020,804,3216
"87067",3990,798,3192
"87068",4090,818,3272
"87069",3835,767,3068
"87070",3800,760,3040
"87071",3945,789,3156
"87072",5150,1030,4120
"87073",5445,1089,4356
"87074",4715,943,3772
"87075",4640,928,3712
"87076",4800,960,3840
"87077",4140,828,3312
"87078",4400,880,3520
"87079",4435,887,3548
"87080",3680,736,2944
"87081",3720,744,2976
"87082",3705,741,2964
"87083",4165,833,3332
"87084",4810,962,3848
"87085",4320,864,3456
"87086",4255,851,3404
"87087",4230,846,3384
"87088",6885,1377,5508
"87089",4010,802,3208
"87090",4780,956,3824
"87091",4580,916,3664
"87092",4700,940,3760
"87093",3840,768,3072
"87094",4290,858,3432
"87095",4525,905,3620
"87096",5625,1125,4500
"87097",4460,892,3568
"87098",3650,730,2920
"87099",3915,783,3132
"87100",3575,715,2860
"87101",4340,868,3472
"87102",4015,803,3212
"87103",4465,893,3572
"87104",4330,866,3464
"87105",4145,829,3316
"87106",6180,1236,4944
"87107",3860,772,3088
"87108",4290,858,3432
"87109",4285,857,3428
"87110",4725,945,3780
"87111",4305,861,3444
"87112",4780,956,3824
"87113",4730,946,3784
"87114",6200,1240,4960
"87115",4085,817,3268
"87116",4315,863,3452
"87117",4350,870,3480
"87118",4965,993,3972
"87119",5190,1038,4152
"87120",4590,918,3672
"87121",3675,735,2940
"87122",3655,731,2924
"87123",5160,1032,4128
"87124",3575,715,2860
"87125",4645,929,3716
"87126",4605,921,3684
"87127",5605,1121,4484
"87128",4030,806,3224
"87129",4600,920,3680
"87130",4310,862,3448
"87131",3565,713,2852
"87132",4285,857,3428
"87133",4040,808,3232
"87134",3910,782,3128
"87135",4730,946,3784
"87136",4370,874,3496
"87137",4835,967,3868
"87138",4280,856,3424
"87139",6040,1208,4832
"87140",3890,778,3112
"87141",4980,996,3984
"87142",4925,985,3940
"87143",4170,834,3336
"87144",3700,740,2960
"87145",3850,770,3080
"87146",5795,1159,4636
"87147",4635,927,3708
"87148",4330,866,3464
"87149",4800,960,3840
"87150",3420,684,2736
"87151",5110,1022,4088
"87152",3715,743,2972
"87153",4775,955,3820
"87154",4575,915,3660
"87155",4980,996,3984
"87156",3810,762,3048
"87157",3860,772,3088
"87158",4005,801,3204
"87159",3325,665,2660
"87160",4635,927,3708
"87161",6595,1319,5276
"87162",5320,1064,4256
"87163",4430,886,3544
"87164",4025,805,3220
"87165",4490,898,3592
"87166",4560,912,3648
"87167",3620,724,2896
"87168",4065,813,3252
"87169",4150,830,3320
"87170",6170,1234,4936
"87171",4285,857,3428
"87172",4275,855,3420
"87173",5705,1141,4564
"87174",4600,920,3680
"87175",3840,768,3072
"87176",4505,901,3604
"87177",3825,765,3060
"87178",4305,861,3444
"87179",4275,855,3420
"87180",5995,1199,4796
"87181",5800,1160,4640
"87182",4820,964,3856
"87183",5790,1158,4632
"87184",3685,737,2948
"87185",5145,1029,4116
"87186",4525,905,3620
"87187",4905,981,3924
"87188",5260,1052,4208
"87189",4670,934,3736
"87190",4115,823,3292
"87191",9550,1910,7640
"87192",5375,1075,4300
"87193",5480,1096,4384
"87194",3665,733,2932
"87195",3935,787,3148
"87196",4950,990,3960
"87197",4975,995,3980
"87198",5525,1105,4420
"87199",3640,728,2912
"87200",5490,1098,4392
"87201",3455,691,2764
"87202",5745,1149,4596
"87203",4595,919,3676
"87204",4395,879,3516
"87205",4650,930,3720
"87206",5375,1075,4300
"87207",4065,813,3252
"87208",5035,1007,4028
"87209",5690,1138,4552
"87210",3700,740,2960
"87211",5295,1059,4236
"87212",4555,911,3644
"87213",6310,1262,5048
"87214",4305,861,3444
"87215",4925,985,3940
"87216",4265,853,3412
"87217",7515,1503,6012
"87218",4610,922,3688
"87219",4150,830,3320
"87220",5745,1149,4596
"87221",5240,1048,4192
"87222",3395,679,2716
"87223",3245,649,2596
"87224",4310,862,3448
"87225",4880,976,3904
"87226",4005,801,3204
"87227",5385,1077,4308
"87228",6590,1318,5272
"87229",3515,703,2812
"87230",4130,826,3304
"87231",4395,879,3516
"87232",7195,1439,5756
"87233",4295,859,3436
"87234",5400,1080,4320
"87235",3885,777,3108
"87236",4630,926,3704
"87237",4520,904,3616
"87238",4225,845,3380
"87239",4295,859,3436
"87240",4855,971,3884
"87241",4995,999,3996
"87242",4695,939,3756
"87243",5415,1083,4332
"87244",4645,929,3716
"87245",5770,1154,4616
"87246",3950,790,3160
"87247",4015,803,3212
"87248",4965,993,3972
"87249",4990,998,3992
"87250",5190,1038,4152
"87251",4225,845,3380
"87252",4605,921,3684
"87253",4915,983,3932
"87254",4015,803,3212
"87255",5420,1084,4336
"87256",3980,796,3184
"87257",5260,1052,4208
"87258",4490,898,3592
"87259",4040,808,3232
"87260",4700,940,3760
"87261",5365,1073,4292
"87262",3585,717,2868
"87263",3625,725,2900
"87264",5290,1058,4232
"87265",3525,705,2820
"87266",4065,813,3252
"87267",4460,892,3568
"87268",5125,1025,4100
"87269",4495,899,3596
"87270",3800,760,3040
"87271",4340,868,3472
"87272",4095,819,3276
"87273",4530,906,3624
"87274",4270,854,3416
"87275",4685,937,3748
"87276",3930,786,3144
"87277",3760,752,3008
"87278",4440,888,3552
"87279",5150,1030,4120
"87280",4970,994,3976
"87281",3625,725,2900
"87282",4890,978,3912
"87283",3880,776,3104
"87284",5670,1134,4536
"87285",3810,762,3048
"87286",4320,864,3456
"87287",4385,877,3508
"87288",4460,892,3568
"87289",4020,804,3216
"87290",7155,1431,5724
"87291",5300,1060,4240
"87292",4635,927,3708
"87293",3940,788,3152
"87294",4665,933,3732
"87295",4020,804,3216
"87296",3955,791,3164
"87297",4800,960,3840
"87298",5335,1067,4268
"87299",4675,935,3740
"87300",6505,1301,5204
"87301",5275,1055,4220
"87302",5040,1008,4032
"87303",4625,925,3700
"87304",3795,759,3036
"87305",4935,987,3948
"87306",4080,816,3264
"87307",3445,689,2756
"87308",5495,1099,4396
"87309",6865,1373,5492
"87310",4595,919,3676
"87311",4230,846,3384
"87312",6555,1311,5244
"87313",3220,644,2576
"87314",5200,1040,4160
"87315",4715,943,3772
"87316",3605,721,2884
"87317",5945,1189,4756
"87318",4585,917,3668
"87319",4525,905,3620
"87320",3295,659,2636
"87321",4765,953,3812
"87322",5230,1046,4184
"87323",5315,1063,4252
"87324",4080,816,3264
"87325",3770,754,3016
"87326",4430,886,3544
"87327",5770,1154,4616
"87328",7940,1588,6352
"87329",4115,823,3292
"87330",4265,853,3412
"87331",3150,630,2520
"87332",4415,883,3532
"87333",3595,719,2876
"87334",4825,965,3860
"87335",3815,763,3052
"87336",4155,831,3324
"87337",4850,970,3880
"87338",3635,727,2908
"87339",4990,998,3992
"87340",5770,1154,4616
"87341",4070,814,3256
"87342",4810,962,3848
"87343",4340,868,3472
"87344",4305,861,3444
"87345",4950,990,3960
"87346",4390,878,3512
"87347",4300,860,3440
"87348",4420,884,3536
"87349",5140,1028,4112
"87350",4630,926,3704
"87351",4625,925,3700
"87352",3885,777,3108
"87353",3835,767,3068
"87354",4225,845,3380
"87355",5650,1130,4520
"87356",3655,731,2924
"87357",3985,797,3188
"87358",6495,1299,5196
"87359",5280,1056,4224
"87360",4045,809,3236
"87361",3855,771,3084
"87362",4240,848,3392
"87363",4070,814,3256
"87364",3960,792,3168
"87365",5380,1076,4304
"87366",6680,1336,5344
"87367",4575,915,3660
"87368",5395,1079,4316
"87369",6025,1205,4820
"87370",4940,988,3952
"87371",4645,929,3716
"87372",4930,986,3944
"87373",4735,947,3788
"87374",3620,724,2896
"87375",5595,1119,4476
"87376",4445,889,3556
"87377",5355,1071,4284
"87378",4910,982,3928
"87379",3640,728,2912
"87380",4500,900,3600
"87381",4785,957,3828
"87382",4225,845,3380
"87383",4550,910,3640
"87384",3960,792,3168
"87385",4635,927,3708
"87386",4735,947,3788
"87387",4105,821,3284
"87388",3920,784,3136
"87389",3385,677,2708
"87390",4335,867,3468
"87391",4465,893,3572
"87392",3985,797,3188
"87393",4995,999,3996
"87394",4725,945,3780
"87395",6655,1331,5324
"87396",4490,898,3592
"87397",6385,1277,5108
"87398",5040,1008,4032
"87399",4025,805,3220
"87400",5150,1030,4120
"87401",4185,837,3348
"87402",3775,755,3020
"87403",4200,840,3360
"87404",4480,896,3584
"87405",4145,829,3316
"87406",4420,884,3536
"87407",4435,887,3548
"87408",5290,1058,4232
"87409",4020,804,3216
"87410",5640,1128,4512
"87411",4585,917,3668
"87412",4875,975,3900
"87413",4335,867,3468
"87414",4815,963,3852
"87415",4890,978,3912
"87416",4115,823,3292
"87417",6240,1248,4992
"87418",3850,770,3080
"87419",6520,1304,5216
"87420",4875,975,3900
"87421",5780,1156,4624
"87422",3650,730,2920
"87423",3860,772,3088
"87424",6905,1381,5524
"87425",4685,937,3748
"87426",6230,1246,4984
"87427",4950,990,3960
"87428",4960,992,3968
"87429",3630,726,2904
"87430",4905,981,3924
"87431",5630,1126,4504
"87432",5210,1042,4168
"87433",4060,812,3248
"87434",4365,873,3492
"87435",5365,1073,4292
"87436",4090,818,3272
"87437",3830,766,3064
"87438",4440,888,3552
"87439",4815,963,3852
"87440",4410,882,3528
"87441",4560,912,3648
"87442",4015,803,3212
"87443",7370,1474,5896
"87444",3705,741,2964
"87445",3940,788,3152
"87446",3795,759,3036
"87447",5445,1089,4356
"87448",4835,967,3868
"87449",4820,964,3856
"87450",4215,843,3372
"87451",4845,969,3876
"87452",4755,951,3804
"87453",5120,1024,4096
"87454",3265,653,2612
"87455",5495,1099,4396
"87456",3870,774,3096
"87457",4755,951,3804
"87458",4815,963,3852
"87459",5310,1062,4248
"87460",3735,747,2988
"87461",4655,931,3724
"87462",4860,972,3888
"87463",5155,1031,4124
"87464",4400,880,3520
"87465",4925,985,3940
"87466",4230,846,3384
"87467",4045,809,3236
"87468",4585,917,3668
"87469",5170,1034,4136
"87470",4275,855,3420
"87471",5890,1178,4712
"87472",4625,925,3700
"87473",3830,766,3064
"87474",5370,1074,4296
"87475",3995,799,3196
"87476",4505,901,3604
"87477",4335,867,3468
"87478",4825,965,3860
"87479",7525,1505,6020
"87480",4325,865,3460
"87481",6175,1235,4940
"87482",3545,709,2836
"87483",6675,1335,5340
"87484",3605,721,2884
"87485",4015,803,3212
"87486",4475,895,3580
"87487",4285,857,3428
"87488",3995,799,3196
"87489",4545,909,3636
"87490",6440,1288,5152
"87491",7150,1430,5720
"87492",4275,855,3420
"87493",4140,828,3312
"87494",6320,1264,5056
"87495",4185,837,3348
"87496",3955,791,3164
"87497",5035,1007,4028
"87498",4215,843,3372
"87499",4120,824,3296
"87500",5195,1039,4156
"87501",5260,1052,4208
"87502",5045,1009,4036
"87503",4310,862,3448
"87504",5890,1178,4712
"87505",4320,864,3456
"87506",4175,835,3340
"87507",4230,846,3384
"87508",4620,924,3696
"87509",6010,1202,4808
"87510",4550,910,3640
"87511",5080,1016,4064
"87512",4655,931,3724
"87513",4715,943,3772
"87514",3830,766,3064
"87515",4545,909,3636
"87516",4730,946,3784
"87517",4755,951,3804
"87518",3950,790,3160
"87519",5005,1001,4004
"87520",4630,926,3704
"87521",5095,1019,4076
"87522",6215,1243,4972
"87523",4850,970,3880
"87524",5375,1075,4300
"87525",3880,776,3104
"87526",5035,1007,4028
"87527",4005,801,3204
"87528",5115,1023,4092
"87529",3985,797,3188
"87530",4830,966,3864
"87531",3970,794,3176
"87532",5845,1169,4676
"87533",4140,828,3312
"87534",3965,793,3172
"87535",5250,1050,4200
"87536",4300,860,3440
"87537",5795,1159,4636
"87538",5050,1010,4040
"87539",4060,812,3248
"87540",4945,989,3956
"87541",4380,876,3504
"87542",3935,787,3148
"87543",5800,1160,4640
"87544",3665,733,2932
"87545",3580,716,2864
"87546",5635,1127,4508
"87547",3875,775,3100
"87548",5320,1064,4256
"87549",4610,922,3688
"87550",6160,1232,4928
"87551",5090,1018,4072
"87552",5335,1067,4268
"87553",4010,802,3208
"87554",4120,824,3296
"87555",3780,756,3024
"87556",3865,773,3092
"87557",4150,830,3320
"87558",4045,809,3236
"87559",4555,911,3644
"87560",5645,1129,4516
"87561",4355,871,3484
"87562",5345,1069,4276
"87563",5335,1067,4268
"87564",4240,848,3392
"87565",4405,881,3524
"87566",3930,786,3144
"87567",5115,1023,4092
"87568",3920,784,3136
"87569",5280,1056,4224
"87570",3920,784,3136
"87571",4100,820,3280
"87572",3765,753,3012
"87573",4865,973,3892
"87574",5295,1059,4236
"87575",4140,828,3312
"87576",4780,956,3824
"87577",4955,991,3964
"87578",3590,718,2872
"87579",8760,1752,7008
"87580",4365,873,3492
"87581",4450,890,3560
"87582",4180,836,3344
"87583",4575,915,3660
"87584",5165,1033,4132
"87585",4700,940,3760
"87586",4200,840,3360
"87587",3970,794,3176
"87588",4695,939,3756
"87589",4040,808,3232
"87590",3420,684,2736
"87591",4905,981,3924
"87592",4550,910,3640
"87593",3785,757,3028
"87594",5855,1171,4684
"87595",4520,904,3616
"87596",4265,853,3412
"87597",4430,886,3544
"87598",4565,913,3652
"87599",4435,887,3548
"87600",5110,1022,4088
"87601",4140,828,3312
"87602",4725,945,3780
"87603",4100,820,3280
"87604",4780,956,3824
"87605",5295,1059,4236
"87606",9410,1882,7528
"87607",3795,759,3036
"87608",4630,926,3704
"87609",4890,978,3912
"87610",4340,868,3472
"87611",4270,854,3416
"87612",3520,704,2816
"87613",4625,925,3700
"87614",3555,711,2844
"87615",5105,1021,4084
"87616",4855,971,3884
"87617",3920,784,3136
"87618",3950,790,3160
"87619",5370,1074,4296
"87620",3235,647,2588
"87621",5740,1148,4592
"87622",4940,988,3952
"87623",4250,850,3400
"87624",5025,1005,4020
"87625",4855,971,3884
"87626",5235,1047,4188
"87627",4220,844,3376
"87628",5565,1113,4452
"87629",5160,1032,4128
"87630",4480,896,3584
"87631",5200,1040,4160
"87632",5375,1075,4300
"87633",4070,814,3256
"87634",3910,782,3128
"87635",5660,1132,4528
"87636",4065,813,3252
"87637",5045,1009,4036
"87638",4205,841,3364
"87639",3345,669,2676
"87640",4480,896,3584
"87641",5230,1046,4184
"87642",4555,911,3644
"87643",4545,909,3636
"87644",5330,1066,4264
"87645",5685,1137,4548
"87646",4010,802,3208
"87647",4310,862,3448
"87648",4115,823,3292
"87649",5160,1032,4128
"87650",4585,917,3668
"87651",4190,838,3352
"87652",4725,945,3780
"87653",4280,856,3424
"87654",4055,811,3244
"87655",8230,1646,6584
"87656",4925,985,3940
"87657",5095,1019,4076
"87658",4690,938,3752
"87659",7240,1448,5792
"87660",5115,1023,4092
"87661",4200,840,3360
"87662",5735,1147,4588
"87663",4455,891,3564
"87664",5120,1024,4096
"87665",5940,1188,4752
"87666",4235,847,3388
"87667",4750,950,3800
"87668",7265,1453,5812
"87669",5075,1015,4060
"87670",8000,1600,6400
"87671",3865,773,3092
"87672",4825,965,3860
"87673",4720,944,3776
"87674",3815,763,3052
"87675",4495,899,3596
"87676",6015,1203,4812
"87677",4450,890,3560
"87678",6070,1214,4856
"87679",5440,1088,4352
"87680",4075,815,3260
"87681",4660,932,3728
"87682",4895,979,3916
"87683",3445,689,2756
"87684",4685,937,3748
"87685",4185,837,3348
"87686",5515,1103,4412
"87687",4455,891,3564
"87688",4415,883,3532
"87689",3810,762,3048
"87690",4055,811,3244
"87691",4450,890,3560
"87692",4315,863,3452
"87693",6095,1219,4876
"87694",4065,813,3252
"87695",4655,931,3724
"87696",4925,985,3940
"87697",4645,929,3716
"87698",7770,1554,6216
"87699",4285,857,3428
"87700",3850,770,3080
"87701",4310,862,3448
"87702",4635,927,3708
"87703",7160,1432,5728
"87704",7000,1400,5600
"87705",5095,1019,4076
"87706",4195,839,3356
"87707",4555,911,3644
"87708",4845,969,3876
"87709",3995,799,3196
"87710",3970,794,3176
"87711",5115,1023,4092
"87712",5065,1013,4052
"87713",5100,1020,4080
"87714",6260,1252,5008
"87715",5400,1080,4320
"87716",5380,1076,4304
"87717",4880,976,3904
"87718",3900,780,3120
"87719",5890,1178,4712
"87720",4725,945,3780
"87721",4785,957,3828
"87722",3960,792,3168
"87723",3345,669,2676
"87724",6985,1397,5588
"87725",4740,948,3792
"87726",4715,943,3772
"87727",5000,1000,4000
"87728",4250,850,3400
"87729",4220,844,3376
"87730",4730,946,3784
"87731",5390,1078,4312
"87732",6010,1202,4808
"87733",4645,929,3716
"87734",5465,1093,4372
"87735",3785,757,3028
"87736",5995,1199,4796
"87737",4610,922,3688
"87738",5240,1048,4192
"87739",4485,897,3588
"87740",5000,1000,4000
"87741",6245,1249,4996
"87742",5960,1192,4768
"87743",4355,871,3484
"87744",4915,983,3932
"87745",5565,1113,4452
"87746",5225,1045,4180
"87747",3645,729,2916
"87748",4395,879,3516
"87749",5350,1070,4280
"87750",4965,993,3972
"87751",4115,823,3292
"87752",4090,818,3272
"87753",4460,892,3568
"87754",5595,1119,4476
"87755",3605,721,2884
"87756",3935,787,3148
"87757",4450,890,3560
"87758",4305,861,3444
"87759",7470,1494,5976
"87760",5500,1100,4400
"87761",5600,1120,4480
"87762",6115,1223,4892
"87763",5110,1022,4088
"87764",4730,946,3784
"87765",6265,1253,5012
"87766",5270,1054,4216
"87767",3900,780,3120
"87768",5140,1028,4112
"87769",5895,1179,4716
"87770",4830,966,3864
"87771",4560,912,3648
"87772",4560,912,3648
"87773",4065,813,3252
"87774",4455,891,3564
"87775",4290,858,3432
"87776",5780,1156,4624
"87777",4805,961,3844
"87778",5200,1040,4160
"87779",7420,1484,5936
"87780",5175,1035,4140
"87781",4415,883,3532
"87782",5180,1036,4144
"87783",6235,1247,4988
"87784",6295,1259,5036
"87785",4145,829,3316
"87786",4990,998,3992
"87787",3595,719,2876
"87788",4765,953,3812
"87789",5095,1019,4076
"87790",3460,692,2768
"87791",5880,1176,4704
"87792",5290,1058,4232
"87793",4245,849,3396
"87794",4905,981,3924
"87795",4215,843,3372
"87796",4440,888,3552
"87797",5465,1093,4372
"87798",4180,836,3344
"87799",5535,1107,4428
"87800",6720,1344,5376
"87801",5280,1056,4224
"87802",5175,1035,4140
"87803",4390,878,3512
"87804",4280,856,3424
"87805",4680,936,3744
"87806",4540,908,3632
"87807",4540,908,3632
"87808",4940,988,3952
"87809",5430,1086,4344
"87810",3645,729,2916
"87811",4825,965,3860
"87812",3980,796,3184
"87813",5665,1133,4532
"87814",6200,1240,4960
"87815",4485,897,3588
"87816",5925,1185,4740
"87817",4705,941,3764
"87818",4040,808,3232
"87819",4460,892,3568
"87820",4375,875,3500
"87821",4365,873,3492
"87822",4240,848,3392
"87823",4400,880,3520
"87824",4145,829,3316
"87825",4575,915,3660
"87826",4975,995,3980
"87827",3610,722,2888
"87828",5235,1047,4188
"87829",3710,742,2968
"87830",5340,1068,4272
"87831",3345,669,2676
"87832",4275,855,3420
"87833",4290,858,3432
"87834",3645,729,2916
"87835",4440,888,3552
"87836",3670,734,2936
"87837",5290,1058,4232
"87838",4970,994,3976
"87839",4415,883,3532
"87840",3700,740,2960
"87841",3465,693,2772
"87842",5180,1036,4144
"87843",3880,776,3104
"87844",4530,906,3624
"87845",4845,969,3876
"87846",6960,1392,5568
"87847",4610,922,3688
"87848",3750,750,3000
"87849",5520,1104,4416
"87850",3705,741,2964
"87851",5740,1148,4592
"87852",4885,977,3908
"87853",5885,1177,4708
"87854",5250,1050,4200
"87855",5115,1023,4092
"87856",3490,698,2792
"87857",4530,906,3624
"87858",4550,910,3640
"87859",5105,1021,4084
"87860",4370,874,3496
"87861",5810,1162,4648
"87862",4200,840,3360
"87863",5375,1075,4300
"87864",5005,1001,4004
"87865",4080,816,3264
"87866",3830,766,3064
"87867",5320,1064,4256
"87868",4645,929,3716
"87869",4500,900,3600
"87870",5230,1046,4184
"87871",4245,849,3396
"87872",4620,924,3696
"87873",4910,982,3928
"87874",6460,1292,5168
"87875",3670,734,2936
"87876",4460,892,3568
"87877",5235,1047,4188
"87878",5665,1133,4532
"87879",6570,1314,5256
"87880",4615,923,3692
"87881",3470,694,2776
"87882",5985,1197,4788
"87883",4280,856,3424
"87884",4325,865,3460
"87885",6050,1210,4840
"87886",4700,940,3760
"87887",3705,741,2964
"87888",4550,910,3640
"87889",4415,883,3532
"87890",4415,883,3532
"87891",4250,850,3400
"87892",6965,1393,5572
"87893",3505,701,2804
"87894",4655,931,3724
"87895",5175,1035,4140
"87896",4990,998,3992
"87897",5415,1083,4332
"87898",4750,950,3800
"87899",5760,1152,4608
"87900",4635,927,3708
"87901",4695,939,3756
"87902",5875,1175,4700
"87903",5160,1032,4128
"87904",4870,974,3896
"87905",4280,856,3424
"87906",4525,905,3620
"87907",4445,889,3556
"87908",6410,1282,5128
"87909",4005,801,3204
"87910",3900,780,3120
"87911",4315,863,3452
"87912",3965,793,3172
"87913",4780,956,3824
"87914",4180,836,3344
"87915",5450,1090,4360
"87916",5340,1068,4272
"87917",4080,816,3264
"87918",4390,878,3512
"87919",3360,672,2688
"87920",4455,891,3564
"87921",6210,1242,4968
"87922",4220,844,3376
"87923",4490,898,3592
"87924",5065,1013,4052
"87925",4165,833,3332
"87926",7360,1472,5888
"87927",5370,1074,4296
"87928",4380,876,3504
"87929",4910,982,3928
"87930",4705,941,3764
"87931",4275,855,3420
"87932",4055,811,3244
"87933",4685,937,3748
"87934",4620,924,3696
"87935",4720,944,3776
"87936",3945,789,3156
"87937",6105,1221,4884
"87938",4320,864,3456
"87939",4045,809,3236
"87940",4425,885,3540
"87941",3620,724,2896
"87942",6235,1247,4988
"87943",4270,854,3416
"87944",8355,1671,6684
"87945",3780,756,3024
"87946",4275,855,3420
"87947",4215,843,3372
"87948",5095,1019,4076
"87949",4735,947,3788
"87950",4110,822,3288
"87951",5605,1121,4484
"87952",6490,1298,5192
"87953",3705,741,2964
"87954",3170,634,2536
"87955",4275,855,3420
"87956",4420,884,3536
"87957",5250,1050,4200
"87958",4310,862,3448
"87959",5965,1193,4772
"87960",5695,1139,4556
"87961",6150,1230,4920
"87962",4250,850,3400
"87963",5280,1056,4224
"87964",3600,720,2880
"87965",4735,947,3788
"87966",4330,866,3464
"87967",4330,866,3464
"87968",5365,1073,4292
"87969",6235,1247,4988
"87970",4175,835,3340
"87971",4000,800,3200
"87972",3945,789,3156
"87973",4505,901,3604
"87974",4115,823,3292
"87975",4620,924,3696
"87976",5035,1007,4028
"87977",4405,881,3524
"87978",5200,1040,4160
"87979",5300,1060,4240
"87980",4225,845,3380
"87981",3850,770,3080
"87982",5315,1063,4252
"87983",5845,1169,4676
"87984",5115,1023,4092
"87985",4670,934,3736
"87986",4835,967,3868
"87987",4125,825,3300
"87988",5010,1002,4008
"87989",3665,733,2932
"87990",6105,1221,4884
"87991",5590,1118,4472
"87992",4510,902,3608
"87993",3985,797,3188
"87994",3960,792,3168
"87995",6195,1239,4956
"87996",6375,1275,5100
"87997",5885,1177,4708
"87998",3600,720,2880
"87999",4985,997,3988
"88000",4665,933,3732
"88001",3905,781,3124
"88002",5055,1011,4044
"88003",4265,853,3412
"88004",4440,888,3552
"88005",3980,796,3184
"88006",4140,828,3312
"88007",6835,1367,5468
"88008",3340,668,2672
"88009",4690,938,3752
"88010",4265,853,3412
"88011",4780,956,3824
"88012",3635,727,2908
"88013",6650,1330,5320
"88014",5110,1022,4088
"88015",5415,1083,4332
"88016",4600,920,3680
"88017",5560,1112,4448
"88018",4095,819,3276
"88019",4325,865,3460
"88020",4280,856,3424
"88021",4120,824,3296
"88022",4485,897,3588
"88023",4860,972,3888
"88024",5415,1083,4332
"88025",4240,848,3392
"88026",4330,866,3464
"88027",5250,1050,4200
"88028",4250,850,3400
"88029",4105,821,3284
"88030",4210,842,3368
"88031",4300,860,3440
"88032",4900,980,3920
"88033",4400,880,3520
"88034",3750,750,3000
"88035",4135,827,3308
"88036",5310,1062,4248
"88037",5415,1083,4332
"88038",4815,963,3852
"88039",4870,974,3896
"88040",5045,1009,4036
"88041",5060,1012,4048
"88042",4845,969,3876
"88043",3640,728,2912
"88044",3920,784,3136
"88045",4305,861,3444
"88046",4865,973,3892
"88047",5380,1076,4304
"88048",4675,935,3740
"88049",5190,1038,4152
"88050",3400,680,2720
"88051",4115,823,3292
"88052",4105,821,3284
"88053",5390,1078,4312
"88054",3960,792,3168
"88055",4460,892,3568
"88056",4545,909,3636
"88057",4675,935,3740
"88058",4940,988,3952
"88059",5290,1058,4232
"88060",4415,883,3532
"88061",4865,973,3892
"88062",3540,708,2832
"88063",4590,918,3672
"88064",4285,857,3428
"88065",5995,1199,4796
"88066",4160,832,3328
"88067",5535,1107,4428
"88068",3560,712,2848
"88069",6000,1200,4800
"88070",4715,943,3772
"88071",3875,775,3100
"88072",5840,1168,4672
"88073",5470,1094,4376
"88074",4875,975,3900
"88075",5345,1069,4276
"88076",6050,1210,4840
"88077",4025,805,3220
"88078",3670,734,2936
"88079",4715,943,3772
"88080",4395,879,3516
"88081",5605,1121,4484
"88082",4680,936,3744
"88083",4480,896,3584
"88084",7590,1518,6072
"88085",4115,823,3292
"88086",3765,753,3012
"88087",4815,963,3852
"88088",6765,1353,5412
"88089",5180,1036,4144
"88090",4850,970,3880
"88091",4615,923,3692
"88092",3905,781,3124
"88093",4365,873,3492
"88094",5805,1161,4644
"88095",4445,889,3556
"88096",4260,852,3408
"88097",3825,765,3060
"88098",5790,1158,4632
"88099",4175,835,3340
"88100",4060,812,3248
"88101",4045,809,3236
"88102",4385,877,3508
"88103",4540,908,3632
"88104",4975,995,3980
"88105",4890,978,3912
"88106",3750,750,3000
"88107",4020,804,3216
"88108",4090,818,3272
"88109",3925,785,3140
"88110",5030,1006,4024
"88111",3970,794,3176
"88112",5215,1043,4172
"88113",5470,1094,4376
"88114",3415,683,2732
"88115",4320,864,3456
"88116",5105,1021,4084
"88117",5410,1082,4328
"88118",3755,751,3004
"88119",4225,845,3380
"88120",3725,745,2980
"88121",6725,1345,5380
"88122",3960,792,3168
"88123",4910,982,3928
"88124",5475,1095,4380
"88125",4090,818,3272
"88126",5460,1092,4368
"88127",5525,1105,4420
"88128",5810,1162,4648
"88129",5650,1130,4520
"88130",5015,1003,4012
"88131",3530,706,2824
"88132",3710,742,2968
"88133",3845,769,3076
"88134",4655,931,3724
"88135",5390,1078,4312
"88136",5405,1081,4324
"88137",4380,876,3504
"88138",4780,956,3824
"88139",4515,903,3612
"88140",4030,806,3224
"88141",5685,1137,4548
"88142",5235,1047,4188
"88143",3445,689,2756
"88144",6555,1311,5244
"88145",4380,876,3504
"88146",5175,1035,4140
"88147",5145,1029,4116
"88148",5390,1078,4312
"88149",4920,984,3936
"88150",4350,870,3480
"88151",4910,982,3928
"88152",3965,793,3172
"88153",4005,801,3204
"88154",3795,759,3036
"88155",4995,999,3996
"88156",7045,1409,5636
"88157",4245,849,3396
"88158",3910,782,3128
"88159",5215,1043,4172
"88160",4025,805,3220
"88161",6105,1221,4884
"88162",6005,1201,4804
"88163",5275,1055,4220
"88164",4330,866,3464
"88165",4575,915,3660
"88166",4085,817,3268
"88167",4495,899,3596
"88168",3485,697,2788
"88169",3820,764,3056
"88170",4950,990,3960
"88171",5915,1183,4732
"88172",4315,863,3452
"88173",3790,758,3032
"88174",4115,823,3292
"88175",3585,717,2868
"88176",4285,857,3428
"88177",4205,841,3364
"88178",5695,1139,4556
"88179",4070,814,3256
"88180",5870,1174,4696
"88181",4275,855,3420
"88182",5740,1148,4592
"88183",3545,709,2836
"88184",3865,773,3092
"88185",5540,1108,4432
"88186",3930,786,3144
"88187",6045,1209,4836
"88188",4675,935,3740
"88189",4855,971,3884
"88190",5760,1152,4608
"88191",3915,783,3132
"88192",6030,1206,4824
"88193",4930,986,3944
"88194",5460,1092,4368
"88195",3215,643,2572
"88196",6245,1249,4996
"88197",4200,840,3360
"88198",6525,1305,5220
"88199",5045,1009,4036
"88200",4595,919,3676
"88201",5750,1150,4600
"88202",4225,845,3380
"88203",3665,733,2932
"88204",3785,757,3028
"88205",6560,1312,5248
"88206",5485,1097,4388
"88207",4315,863,3452
"88208",4000,800,3200
"88209",5350,1070,4280
"88210",3380,676,2704
"88211",4075,815,3260
"88212",4895,979,3916
"88213",4590,918,3672
"88214",4775,955,3820
"88215",4920,984,3936
"88216",4035,807,3228
"88217",5105,1021,4084
"88218",3985,797,3188
"88219",4875,975,3900
"88220",4970,994,3976
"88221",4710,942,3768
"88222",4895,979,3916
"88223",4830,966,3864
"88224",4645,929,3716
"88225",5160,1032,4128
"88226",5900,1180,4720
"88227",4635,927,3708
"88228",4360,872,3488
"88229",4540,908,3632
"88230",3815,763,3052
"88231",6650,1330,5320
"88232",4930,986,3944
"88233",4335,867,3468
"88234",6775,1355,5420
"88235",3935,787,3148
"88236",5590,1118,4472
"88237",3720,744,2976
"88238",5725,1145,4580
"88239",4650,930,3720
"88240",3785,757,3028
"88241",5235,1047,4188
"88242",6245,1249,4996
"88243",4945,989,3956
"88244",4295,859,3436
"88245",7120,1424,5696
"88246",3865,773,3092
"88247",3990,798,3192
"88248",4990,998,3992
"88249",3675,735,2940
"88250",3750,750,3000
"88251",3680,736,2944
"88252",5040,1008,4032
"88253",4555,911,3644
"88254",4365,873,3492
"88255",5470,1094,4376
"88256",4475,895,3580
"88257",4500,900,3600
"88258",4560,912,3648
"88259",5470,1094,4376
"88260",4640,928,3712
"88261",4050,810,3240
"88262",4540,908,3632
"88263",5200,1040,4160
"88264",5760,1152,4608
"88265",4185,837,3348
"88266",5685,1137,4548
"88267",4390,878,3512
"88268",4990,998,3992
"88269",5030,1006,4024
"88270",6020,1204,4816
"88271",4655,931,3724
"88272",3340,668,2672
"88273",6190,1238,4952
"88274",6385,1277,5108
"88275",6345,1269,5076
"88276",4120,824,3296
"88277",4460,892,3568
"88278",4680,936,3744
"88279",4965,993,3972
"88280",3775,755,3020
"88281",3575,715,2860
"88282",3990,798,3192
"88283",5230,1046,4184
"88284",4600,920,3680
"88285",3810,762,3048
"88286",5095,1019,4076
"88287",3665,733,2932
"88288",3820,764,3056
"88289",4500,900,3600
"88290",3845,769,3076
"88291",6140,1228,4912
"88292",3815,763,3052
"88293",3930,786,3144
"88294",4420,884,3536
"88295",6150,1230,4920
"88296",4810,962,3848
"88297",3645,729,2916
"88298",4470,894,3576
"88299",3810,762,3048
"88300",4645,929,3716
"88301",4680,936,3744
"88302",4570,914,3656
"88303",3985,797,3188
"88304",4145,829,3316
"88305",4410,882,3528
"88306",4170,834,3336
"88307",4905,981,3924
"88308",5590,1118,4472
"88309",5350,1070,4280
"88310",4565,913,3652
"88311",5020,1004,4016
"88312",5550,1110,4440
"88313",5395,1079,4316
"88314",5490,1098,4392
"88315",4475,895,3580
"88316",4800,960,3840
"88317",3355,671,2684
"88318",4545,909,3636
"88319",4290,858,3432
"88320",5480,1096,4384
"88321",4025,805,3220
"88322",3540,708,2832
"88323",5940,1188,4752
"88324",4660,932,3728
"88325",4250,850,3400
"88326",5790,1158,4632
"88327",4725,945,3780
"88328",3690,738,2952
"88329",4375,875,3500
"88330",4620,924,3696
"88331",4540,908,3632
"88332",5180,1036,4144
"88333",4510,902,3608
"88334",3775,755,3020
"88335",4935,987,3948
"88336",5390,1078,4312
"88337",4645,929,3716
"88338",5380,1076,4304
"88339",4945,989,3956
"88340",4850,970,3880
"88341",4735,947,3788
"88342",4260,852,3408
"88343",4170,834,3336
"88344",4375,875,3500
"88345",5645,1129,4516
"88346",5090,1018,4072
"88347",4090,818,3272
"88348",3930,786,3144
"88349",5155,1031,4124
"88350",4905,981,3924
"88351",4335,867,3468
"88352",3390,678,2712
"88353",4935,987,3948
"88354",4855,971,3884
"88355",6305,1261,5044
"88356",4900,980,3920
"88357",4135,827,3308
"88358",5715,1143,4572
"88359",3985,797,3188
"88360",3810,762,3048
"88361",4080,816,3264
"88362",3875,775,3100
"88363",4050,810,3240
"88364",5475,1095,4380
"88365",4185,837,3348
"88366",3895,779,3116
"88367",4085,817,3268
"88368",5130,1026,4104
"88369",4835,967,3868
"88370",5130,1026,4104
"88371",4095,819,3276
"88372",3895,779,3116
"88373",5390,1078,4312
"88374",4465,893,3572
"88375",3945,789,3156
"88376",4865,973,3892
"88377",4830,966,3864
"88378",5290,1058,4232
"88379",5150,1030,4120
"88380",5205,1041,4164
"88381",3630,726,2904
"88382",4810,962,3848
"88383",4700,940,3760
"88384",4505,901,3604
"88385",4255,851,3404
"88386",4285,857,3428
"88387",4765,953,3812
"88388",5615,1123,4492
"88389",3995,799,3196
"88390",3685,737,2948
"88391",3965,793,3172
"88392",4305,861,3444
"88393",4500,900,3600
"88394",3665,733,2932
"88395",3875,775,3100
"88396",4020,804,3216
"88397",4125,825,3300
"88398",4605,921,3684
"88399",4285,857,3428
"88400",4625,925,3700
"88401",4050,810,3240
"88402",5295,1059,4236
"88403",5045,1009,4036
"88404",5030,1006,4024
"88405",4050,810,3240
"88406",5390,1078,4312
"88407",3360,672,2688
"88408",5235,1047,4188
"88409",5500,1100,4400
"88410",4760,952,3808
"88411",6850,1370,5480
"88412",4675,935,3740
"88413",4285,857,3428
"88414",3535,707,2828
"88415",6075,1215,4860
"88416",5165,1033,4132
"88417",4285,857,3428
"88418",4545,909,3636
"88419",4420,884,3536
"88420",5695,1139,4556
"88421",4225,845,3380
"88422",4465,893,3572
"88423",5490,1098,4392
"88424",4795,959,3836
"88425",5140,1028,4112
"88426",4650,930,3720
"88427",3925,785,3140
"88428",4555,911,3644
"88429",4205,841,3364
"88430",4915,983,3932
"88431",4605,921,3684
"88432",4715,943,3772
"88433",4040,808,3232
"88434",4410,882,3528
"88435",5380,1076,4304
"88436",4210,842,3368
"88437",5055,1011,4044
"88438",5260,1052,4208
"88439",4705,941,3764
"88440",3785,757,3028
"88441",4140,828,3312
"88442",5395,1079,4316
"88443",3980,796,3184
"88444",4370,874,3496
"88445",4170,834,3336
"88446",4065,813,3252
"88447",4625,925,3700
"88448",4070,814,3256
"88449",4620,924,3696
"88450",4345,869,3476
"88451",4165,833,3332
"88452",4905,981,3924
"88453",6760,1352,5408
"88454",5590,1118,4472
"88455",5650,1130,4520
"88456",4895,979,3916
"88457",4030,806,3224
"88458",4860,972,3888
"88459",4300,860,3440
"88460",4510,902,3608
"88461",4695,939,3756
"88462",4945,989,3956
"88463",4640,928,3712
"88464",3785,757,3028
"88465",4560,912,3648
"88466",5860,1172,4688
"88467",4850,970,3880
"88468",3255,651,2604
"88469",3885,777,3108
"88470",4015,803,3212
"88471",4440,888,3552
"88472",5420,1084,4336
"88473",3890,778,3112
"88474",5805,1161,4644
"88475",3625,725,2900
"88476",4595,919,3676
"88477",4380,876,3504
"88478",4620,924,3696
"88479",5210,1042,4168
"88480",5540,1108,4432
"88481",5775,1155,4620
"88482",4525,905,3620
"88483",4350,870,3480
"88484",4205,841,3364
"88485",6985,1397,5588
"88486",4535,907,3628
"88487",5020,1004,4016
"88488",4565,913,3652
"88489",4100,820,3280
"88490",4070,814,3256
"88491",3660,732,2928
"88492",5740,1148,4592
"88493",5880,1176,4704
"88494",5605,1121,4484
"88495",4900,980,3920
"88496",5360,1072,4288
"88497",4605,921,3684
"88498",3775,755,3020
"88499",6925,1385,5540
"88500",4270,854,3416
"88501",4405,881,3524
"88502",6410,1282,5128
"88503",3965,793,3172
"88504",5750,1150,4600
"88505",4755,951,3804
"88506",4950,990,3960
"88507",7070,1414,5656
"88508",4585,917,3668
"88509",6000,1200,4800
"88510",4705,941,3764
"88511",4510,902,3608
"88512",4455,891,3564
"88513",4725,945,3780
"88514",4290,858,3432
"88515",7185,1437,5748
"88516",3950,790,3160
"88517",7995,1599,6396
"88518",4655,931,3724
"88519",5255,1051,4204
"88520",4580,916,3664
"88521",4905,981,3924
"88522",4740,948,3792
"88523",6295,1259,5036
"88524",4545,909,3636
"88525",4685,937,3748
"88526",4275,855,3420
"88527",4715,943,3772
"88528",3835,767,3068
"88529",3955,791,3164
"88530",5650,1130,4520
"88531",5155,1031,4124
"88532",5510,1102,4408
"88533",4705,941,3764
"88534",4105,821,3284
"88535",4805,961,3844
"88536",4890,978,3912
"88537",4190,838,3352
"88538",4370,874,3496
"88539",5085,1017,4068
"88540",4110,822,3288
"88541",4905,981,3924
"88542",4245,849,3396
"88543",4965,993,3972
"88544",4185,837,3348
"88545",5685,1137,4548
"88546",4080,816,3264
"88547",3195,639,2556
"88548",4850,970,3880
"88549",5685,1137,4548
"88550",5895,1179,4716
"88551",4890,978,3912
"88552",3550,710,2840
"88553",4660,932,3728
"88554",6690,1338,5352
"88555",3765,753,3012
"88556",4250,850,3400
"88557",4045,809,3236
"88558",3535,707,2828
"88559",3635,727,2908
"88560",5315,1063,4252
"88561",5470,1094,4376
"88562",4155,831,3324
"88563",5400,1080,4320
"88564",5565,1113,4452
"88565",4510,902,3608
"88566",5755,1151,4604
"88567",4745,949,3796
"88568",3955,791,3164
"88569",4335,867,3468
"88570",5565,1113,4452
"88571",6185,1237,4948
"88572",4150,830,3320
"88573",3795,759,3036
"88574",5085,1017,4068
"88575",4115,823,3292
"88576",3200,640,2560
"88577",7415,1483,5932
"88578",3475,695,2780
"88579",4835,967,3868
"88580",5545,1109,4436
"88581",4800,960,3840
"88582",3510,702,2808
"88583",4855,971,3884
"88584",4240,848,3392
"88585",3575,715,2860
"88586",4780,956,3824
"88587",4110,822,3288
"88588",4230,846,3384
"88589",4320,864,3456
"88590",4185,837,3348
"88591",4090,818,3272
"88592",4975,995,3980
"88593",4580,916,3664
"88594",4800,960,3840
"88595",4100,820,3280
"88596",5215,1043,4172
"88597",4290,858,3432
"88598",5270,1054,4216
"88599",6800,1360,5440
"88600",5675,1135,4540
"88601",3720,744,2976
"88602",4960,992,3968
"88603",5065,1013,4052
"88604",3795,759,3036
"88605",6335,1267,5068
"88606",5020,1004,4016
"88607",5220,1044,4176
"88608",4940,988,3952
"88609",7300,1460,5840
"88610",4015,803,3212
"88611",4995,999,3996
"88612",5290,1058,4232
"88613",5810,1162,4648
"88614",3930,786,3144
"88615",4840,968,3872
"88616",3490,698,2792
"88617",4205,841,3364
"88618",4660,932,3728
"88619",4530,906,3624
"88620",3980,796,3184
"88621",5380,1076,4304
"88622",6195,1239,4956
"88623",5845,1169,4676
"88624",4470,894,3576
"88625",4510,902,3608
"88626",3745,749,2996
"88627",5600,1120,4480
"88628",4630,926,3704
"88629",4760,952,3808
"88630",5365,1073,4292
"88631",5000,1000,4000
"88632",3615,723,2892
"88633",5940,1188,4752
"88634",4180,836,3344
"88635",5005,1001,4004
"88636",4165,833,3332
"88637",4800,960,3840
"88638",5005,1001,4004
"88639",5050,1010,4040
"88640",4235,847,3388
"88641",4115,823,3292
"88642",4845,969,3876
"88643",4610,922,3688
"88644",5100,1020,4080
"88645",4800,960,3840
"88646",7025,1405,5620
"88647",4715,943,3772
"88648",5240,1048,4192
"88649",4185,837,3348
"88650",4230,846,3384
"88651",3780,756,3024
"88652",4260,852,3408
"88653",5505,1101,4404
"88654",3970,794,3176
"88655",3535,707,2828
"88656",5790,1158,4632
"88657",4720,944,3776
"88658",6320,1264,5056
"88659",3960,792,3168
"88660",5645,1129,4516
"88661",6280,1256,5024
"88662",5290,1058,4232
"88663",5040,1008,4032
"88664",5670,1134,4536
"88665",4960,992,3968
"88666",4900,980,3920
"88667",3805,761,3044
"88668",6710,1342,5368
"88669",5240,1048,4192
"88670",8310,1662,6648
"88671",3730,746,2984
"88672",3700,740,2960
"88673",4370,874,3496
"88674",4780,956,3824
"88675",3665,733,2932
"88676",4410,882,3528
"88677",3860,772,3088
"88678",4210,842,3368
"88679",4575,915,3660
"88680",4715,943,3772
"88681",4595,919,3676
"88682",3555,711,2844
"88683",4435,887,3548
"88684",4435,887,3548
"88685",4200,840,3360
"88686",4015,803,3212
"88687",4705,941,3764
"88688",3470,694,2776
"88689",4190,838,3352
"88690",4605,921,3684
"88691",4745,949,3796
"88692",6390,1278,5112
"88693",5020,1004,4016
"88694",5615,1123,4492
"88695",5025,1005,4020
"88696",4905,981,3924
"88697",5305,1061,4244
"88698",4845,969,3876
"88699",4295,859,3436
"88700",3940,788,3152
"88701",4335,867,3468
"88702",4430,886,3544
"88703",3685,737,2948
"88704",4445,889,3556
"88705",4825,965,3860
"88706",3865,773,3092
"88707",6265,1253,5012
"88708",5235,1047,4188
"88709",3600,720,2880
"88710",4320,864,3456
"88711",4455,891,3564
"88712",4265,853,3412
"88713",4240,848,3392
"88714",4205,841,3364
"88715",4680,936,3744
"88716",4130,826,3304
"88717",3810,762,3048
"88718",3780,756,3024
"88719",5605,1121,4484
"88720",4305,861,3444
"88721",5685,1137,4548
"88722",4910,982,3928
"88723",4185,837,3348
"88724",6220,1244,4976
"88725",3715,743,2972
"88726",5815,1163,4652
"88727",3995,799,3196
"88728",4790,958,3832
"88729",5200,1040,4160
"88730",5905,1181,4724
"88731",4345,869,3476
"88732",6560,1312,5248
"88733",5280,1056,4224
"88734",3600,720,2880
"88735",5030,1006,4024
"88736",5900,1180,4720
"88737",5975,1195,4780
"88738",4925,985,3940
"88739",4000,800,3200
"88740",4105,821,3284
"88741",5035,1007,4028
"88742",4115,823,3292
"88743",4385,877,3508
"88744",3905,781,3124
"88745",3870,774,3096
"88746",4510,902,3608
"88747",3870,774,3096
"88748",4135,827,3308
"88749",4350,870,3480
"88750",4115,823,3292
"88751",3645,729,2916
"88752",5210,1042,4168
"88753",4710,942,3768
"88754",4210,842,3368
"88755",5260,1052,4208
"88756",4370,874,3496
"88757",4590,918,3672
"88758",4415,883,3532
"88759",3590,718,2872
"88760",3995,799,3196
"88761",4735,947,3788
"88762",4165,833,3332
"88763",5095,1019,4076
"88764",4210,842,3368
"88765",5550,1110,4440
"88766",4325,865,3460
"88767",6095,1219,4876
"88768",4130,826,3304
"88769",4670,934,3736
"88770",6160,1232,4928
"88771",5180,1036,4144
"88772",4375,875,3500
"88773",4475,895,3580
"88774",5700,1140,4560
"88775",4555,911,3644
"88776",4350,870,3480
"88777",4005,801,3204
"88778",4625,925,3700
"88779",5145,1029,4116
"88780",4450,890,3560
"88781",5160,1032,4128
"88782",5425,1085,4340
"88783",4705,941,3764
"88784",4260,852,3408
"88785",6725,1345,5380
"88786",4610,922,3688
"88787",4135,827,3308
"88788",4035,807,3228
"88789",3575,715,2860
"88790",3625,725,2900
"88791",4655,931,3724
"88792",3530,706,2824
"88793",4350,870,3480
"88794",5525,1105,4420
"88795",4955,991,3964
"88796",4045,809,3236
"88797",3410,682,2728
"88798",4820,964,3856
"88799",5215,1043,4172
"88800",4090,818,3272
"88801",4055,811,3244
"88802",4465,893,3572
"88803",4540,908,3632
"88804",3685,737,2948
"88805",6100,1220,4880
"88806",4400,880,3520
"88807",4945,989,3956
"88808",4280,856,3424
"88809",4400,880,3520
"88810",5355,1071,4284
"88811",4960,992,3968
"88812",4405,881,3524
"88813",3575,715,2860
"88814",5770,1154,4616
"88815",6980,1396,5584
"88816",5250,1050,4200
"88817",4830,966,3864
"88818",5450,1090,4360
"88819",4745,949,3796
"88820",4170,834,3336
"88821",4115,823,3292
"88822",4630,926,3704
"88823",4230,846,3384
"88824",3970,794,3176
"88825",5930,1186,4744
"88826",4410,882,3528
"88827",8100,1620,6480
"88828",4630,926,3704
"88829",5950,1190,4760
"88830",4890,978,3912
"88831",6900,1380,5520
"88832",6475,1295,5180
"88833",5475,1095,4380
"88834",4710,942,3768
"88835",5175,1035,4140
"88836",3835,767,3068
"88837",5145,1029,4116
"88838",5085,1017,4068
"88839",3785,757,3028
"88840",4845,969,3876
"88841",5615,1123,4492
"88842",7305,1461,5844
"88843",4715,943,3772
"88844",3570,714,2856
"88845",3735,747,2988
"88846",4000,800,3200
"88847",4715,943,3772
"88848",4810,962,3848
"88849",4440,888,3552
"88850",5130,1026,4104
"88851",4020,804,3216
"88852",3870,774,3096
"88853",4015,803,3212
"88854",6750,1350,5400
"88855",4070,814,3256
"88856",3935,787,3148
"88857",4005,801,3204
"88858",5085,1017,4068
"88859",5610,1122,4488
"88860",4940,988,3952
"88861",4300,860,3440
"88862",5390,1078,4312
"88863",4290,858,3432
"88864",8125,1625,6500
"88865",4360,872,3488
"88866",4340,868,3472
"88867",6230,1246,4984
"88868",5945,1189,4756
"88869",4150,830,3320
"88870",4520,904,3616
"88871",5785,1157,4628
"88872",5925,1185,4740
"88873",5310,1062,4248
"88874",4230,846,3384
"88875",5030,1006,4024
"88876",4420,884,3536
"88877",5445,1089,4356
"88878",5420,1084,4336
"88879",5800,1160,4640
"88880",3860,772,3088
"88881",4885,977,3908
"88882",4630,926,3704
"88883",5110,1022,4088
"88884",4855,971,3884
"88885",3730,746,2984
"88886",5600,1120,4480
"88887",4735,947,3788
"88888",4315,863,3452
"88889",4385,877,3508
"88890",5065,1013,4052
"88891",5950,1190,4760
"88892",6825,1365,5460
"88893",5805,1161,4644
"88894",5175,1035,4140
"88895",4240,848,3392
"88896",5920,1184,4736
"88897",5010,1002,4008
"88898",3965,793,3172
"88899",5250,1050,4200
"88900",4280,856,3424
"88901",4900,980,3920
"88902",3855,771,3084
"88903",5975,1195,4780
"88904",4515,903,3612
"88905",4790,958,3832
"88906",6210,1242,4968
"88907",4530,906,3624
"88908",4130,826,3304
"88909",4595,919,3676
"88910",4300,860,3440
"88911",4890,978,3912
"88912",4590,918,3672
"88913",6435,1287,5148
"88914",9155,1831,7324
"88915",5240,1048,4192
"88916",4490,898,3592
"88917",4345,869,3476
"88918",5855,1171,4684
"88919",4605,921,3684
"88920",4960,992,3968
"88921",4665,933,3732
"88922",6845,1369,5476
"88923",5875,1175,4700
"88924",3845,769,3076
"88925",5095,1019,4076
"88926",4515,903,3612
"88927",4945,989,3956
"88928",6420,1284,5136
"88929",4550,910,3640
"88930",5085,1017,4068
"88931",4460,892,3568
"88932",4160,832,3328
"88933",5225,1045,4180
"88934",4480,896,3584
"88935",4695,939,3756
"88936",5025,1005,4020
"88937",5135,1027,4108
"88938",6715,1343,5372
"88939",3960,792,3168
"88940",3870,774,3096
"88941",4420,884,3536
"88942",3730,746,2984
"88943",6005,1201,4804
"88944",4770,954,3816
"88945",3545,709,2836
"88946",5720,1144,4576
"88947",6860,1372,5488
"88948",6330,1266,5064
"88949",5145,1029,4116
"88950",4570,914,3656
"88951",7290,1458,5832
"88952",4485,897,3588
"88953",3905,781,3124
"88954",5515,1103,4412
"88955",5690,1138,4552
"88956",4370,874,3496
"88957",4290,858,3432
"88958",3410,682,2728
"88959",3680,736,2944
"88960",6285,1257,5028
"88961",4070,814,3256
"88962",5170,1034,4136
"88963",3755,751,3004
"88964",6405,1281,5124
"88965",4240,848,3392
"88966",5025,1005,4020
"88967",4350,870,3480
"88968",6360,1272,5088
"88969",4130,826,3304
"88970",4285,857,3428
"88971",5055,1011,4044
"88972",4115,823,3292
"88973",4565,913,3652
"88974",4495,899,3596
"88975",4570,914,3656
"88976",5680,1136,4544
"88977",6365,1273,5092
"88978",6555,1311,5244
"88979",3825,765,3060
"88980",3825,765,3060
"88981",4960,992,3968
"88982",5255,1051,4204
"88983",4670,934,3736
"88984",5350,1070,4280
"88985",4990,998,3992
"88986",4460,892,3568
"88987",4755,951,3804
"88988",5055,1011,4044
"88989",3835,767,3068
"88990",3585,717,2868
"88991",4280,856,3424
"88992",4460,892,3568
"88993",5310,1062,4248
"88994",4905,981,3924
"88995",4325,865,3460
"88996",5095,1019,4076
"88997",3925,785,3140
"88998",6680,1336,5344
"88999",6050,1210,4840
"89000",5520,1104,4416
"89001",4400,880,3520
"89002",5005,1001,4004
"89003",4235,847,3388
"89004",5940,1188,4752
"89005",4305,861,3444
"89006",3470,694,2776
"89007",4080,816,3264
"89008",4620,924,3696
"89009",4585,917,3668
"89010",4660,932,3728
"89011",6130,1226,4904
"89012",4850,970,3880
"89013",3910,782,3128
"89014",4775,955,3820
"89015",4370,874,3496
"89016",6935,1387,5548
"89017",4910,982,3928
"89018",4065,813,3252
"89019",4680,936,3744
"89020",6660,1332,5328
"89021",5010,1002,4008
"89022",6465,1293,5172
"89023",4485,897,3588
"89024",4545,909,3636
"89025",4225,845,3380
"89026",5700,1140,4560
"89027",3650,730,2920
"89028",5770,1154,4616
"89029",3940,788,3152
"89030",5205,1041,4164
"89031",5170,1034,4136
"89032",4100,820,3280
"89033",3620,724,2896
"89034",4020,804,3216
"89035",5230,1046,4184
"89036",5210,1042,4168
"89037",4795,959,3836
"89038",4260,852,3408
"89039",5505,1101,4404
"89040",4270,854,3416
"89041",5085,1017,4068
"89042",5305,1061,4244
"89043",3480,696,2784
"89044",7155,1431,5724
"89045",4255,851,3404
"89046",5335,1067,4268
"89047",6260,1252,5008
"89048",4055,811,3244
"89049",4435,887,3548
"89050",5600,1120,4480
"89051",5285,1057,4228
"89052",4430,886,3544
"89053",7150,1430,5720
"89054",3660,732,2928
"89055",4560,912,3648
"89056",4195,839,3356
"89057",3645,729,2916
"89058",4295,859,3436
"89059",5405,1081,4324
"89060",4600,920,3680
"89061",5305,1061,4244
"89062",4765,953,3812
"89063",6735,1347,5388
"89064",5230,1046,4184
"89065",4570,914,3656
"89066",3055,611,2444
"89067",4040,808,3232
"89068",6310,1262,5048
"89069",3415,683,2732
"89070",4235,847,3388
"89071",5555,1111,4444
"89072",5070,1014,4056
"89073",4765,953,3812
"89074",4740,948,3792
"89075",6270,1254,5016
"89076",4110,822,3288
"89077",5380,1076,4304
"89078",5660,1132,4528
"89079",3945,789,3156
"89080",5265,1053,4212
"89081",4250,850,3400
"89082",4775,955,3820
"89083",5525,1105,4420
"89084",4325,865,3460
"89085",4130,826,3304
"89086",5515,1103,4412
"89087",4125,825,3300
"89088",5140,1028,4112
"89089",3805,761,3044
"89090",5170,1034,4136
"89091",4350,870,3480
"89092",3930,786,3144
"89093",4540,908,3632
"89094",3690,738,2952
"89095",4710,942,3768
"89096",4430,886,3544
"89097",3595,719,2876
"89098",4440,888,3552
"89099",5690,1138,4552
"89100",7525,1505,6020
"89101",4275,855,3420
"89102",4955,991,3964
"89103",4205,841,3364
"89104",5085,1017,4068
"89105",4685,937,3748
"89106",5025,1005,4020
"89107",4985,997,3988
"89108",3955,791,3164
"89109",4975,995,3980
"89110",4620,924,3696
"89111",5065,1013,4052
"89112",4355,871,3484
"89113",4060,812,3248
"89114",4185,837,3348
"89115",6150,1230,4920
"89116",3910,782,3128
"89117",4395,879,3516
"89118",4740,948,3792
"89119",3650,730,2920
"89120",6630,1326,5304
"89121",4115,823,3292
"89122",4175,835,3340
"89123",4620,924,3696
"89124",4475,895,3580
"89125",3470,694,2776
"89126",4295,859,3436
"89127",4575,915,3660
"89128",4960,992,3968
"89129",4535,907,3628
"89130",4645,929,3716
"89131",4650,930,3720
"89132",6425,1285,5140
"89133",4210,842,3368
"89134",4070,814,3256
"89135",4060,812,3248
"89136",4970,994,3976
"89137",4110,822,3288
"89138",3865,773,3092
"89139",4890,978,3912
"89140",4340,868,3472
"89141",3620,724,2896
"89142",3675,735,2940
"89143",4010,802,3208
"89144",4625,925,3700
"89145",5795,1159,4636
"89146",5645,1129,4516
"89147",3800,760,3040
"89148",5665,1133,4532
"89149",3690,738,2952
"89150",5340,1068,4272
"89151",4590,918,3672
"89152",5165,1033,4132
"89153",4675,935,3740
"89154",4320,864,3456
"89155",4690,938,3752
"89156",4080,816,3264
"89157",3725,745,2980
"89158",5305,1061,4244
"89159",3730,746,2984
"89160",6505,1301,5204
"89161",4445,889,3556
"89162",5125,1025,4100
"89163",5920,1184,4736
"89164",4475,895,3580
"89165",4345,869,3476
"89166",4350,870,3480
"89167",4780,956,3824
"89168",5925,1185,4740
"89169",3580,716,2864
"89170",4730,946,3784
"89171",4995,999,3996
"89172",4565,913,3652
"89173",3665,733,2932
"89174",5400,1080,4320
"89175",4370,874,3496
"89176",4810,962,3848
"89177",5295,1059,4236
"89178",4700,940,3760
"89179",3980,796,3184
"89180",5555,1111,4444
"89181",4980,996,3984
"89182",4090,818,3272
"89183",3605,721,2884
"89184",6650,1330,5320
"89185",4165,833,3332
"89186",5455,1091,4364
"89187",4295,859,3436
"89188",5900,1180,4720
"89189",4475,895,3580
"89190",4745,949,3796
"89191",4055,811,3244
"89192",6835,1367,5468
"89193",4780,956,3824
"89194",4080,816,3264
"89195",6105,1221,4884
"89196",3855,771,3084
"89197",4460,892,3568
"89198",4525,905,3620
"89199",3390,678,2712
"89200",5305,1061,4244
"89201",3870,774,3096
"89202",6015,1203,4812
"89203",5035,1007,4028
"89204",3695,739,2956
"89205",3975,795,3180
"89206",4890,978,3912
"89207",4225,845,3380
"89208",3545,709,2836
"89209",3820,764,3056
"89210",4740,948,3792
"89211",4650,930,3720
"89212",6065,1213,4852
"89213",4985,997,3988
"89214",4985,997,3988
"89215",4435,887,3548
"89216",5160,1032,4128
"89217",4585,917,3668
"89218",4515,903,3612
"89219",4505,901,3604
"89220",4165,833,3332
"89221",3295,659,2636
"89222",4925,985,3940
"89223",4340,868,3472
"89224",4180,836,3344
"89225",5690,1138,4552
"89226",4145,829,3316
"89227",5440,1088,4352
"89228",6110,1222,4888
"89229",5775,1155,4620
"89230",5130,1026,4104
"89231",4095,819,3276
"89232",5880,1176,4704
"89233",3570,714,2856
"89234",5665,1133,4532
"89235",7995,1599,6396
"89236",4880,976,3904
"89237",3575,715,2860
"89238",3640,728,2912
"89239",6020,1204,4816
"89240",5160,1032,4128
"89241",4645,929,3716
"89242",4575,915,3660
"89243",4470,894,3576
"89244",4035,807,3228
"89245",4720,944,3776
"89246",4130,826,3304
"89247",5195,1039,4156
"89248",7720,1544,6176
"89249",5545,1109,4436
"89250",4710,942,3768
"89251",5230,1046,4184
"89252",4515,903,3612
"89253",8285,1657,6628
"89254",5620,1124,4496
"89255",3800,760,3040
"89256",5720,1144,4576
"89257",5280,1056,4224
"89258",4055,811,3244
"89259",4505,901,3604
"89260",5255,1051,4204
"89261",4345,869,3476
"89262",4670,934,3736
"89263",4615,923,3692
"89264",4385,877,3508
"89265",4025,805,3220
"89266",4070,814,3256
"89267",5510,1102,4408
"89268",5430,1086,4344
"89269",4890,978,3912
"89270",4685,937,3748
"89271",5850,1170,4680
"89272",5030,1006,4024
"89273",4300,860,3440
"89274",5100,1020,4080
"89275",4160,832,3328
"89276",4505,901,3604
"89277",3970,794,3176
"89278",4495,899,3596
"89279",5710,1142,4568
"89280",4820,964,3856
"89281",3810,762,3048
"89282",4190,838,3352
"89283",4950,990,3960
"89284",4355,871,3484
"89285",5535,1107,4428
"89286",4590,918,3672
"89287",3990,798,3192
"89288",5180,1036,4144
"89289",5430,1086,4344
"89290",3980,796,3184
"89291",4850,970,3880
"89292",5405,1081,4324
"89293",3525,705,2820
"89294",5165,1033,4132
"89295",3775,755,3020
"89296",5285,1057,4228
"89297",4770,954,3816
"89298",4125,825,3300
"89299",5470,1094,4376
"89300",3990,798,3192
"89301",5075,1015,4060
"89302",4155,831,3324
"89303",5795,1159,4636
"89304",4835,967,3868
"89305",3890,778,3112
"89306",5735,1147,4588
"89307",5350,1070,4280
"89308",4505,901,3604
"89309",6470,1294,5176
"89310",5380,1076,4304
"89311",5440,1088,4352
"89312",3790,758,3032
"89313",4215,843,3372
"89314",4085,817,3268
"89315",6180,1236,4944
"89316",4905,981,3924
"89317",4640,928,3712
"89318",4930,986,3944
"89319",3910,782,3128
"89320",5310,1062,4248
"89321",4840,968,3872
"89322",4410,882,3528
"89323",3915,783,3132
"89324",4460,892,3568
"89325",3990,798,3192
"89326",5830,1166,4664
"89327",5605,1121,4484
"89328",4415,883,3532
"89329",5185,1037,4148
"89330",4530,906,3624
"89331",6435,1287,5148
"89332",3735,747,2988
"89333",4540,908,3632
"89334",4590,918,3672
"89335",4740,948,3792
"89336",3630,726,2904
"89337",4715,943,3772
"89338",5695,1139,4556
"89339",4900,980,3920
"89340",5800,1160,4640
"89341",4310,862,3448
"89342",4685,937,3748
"89343",5660,1132,4528
"89344",4585,917,3668
"89345",4405,881,3524
"89346",4540,908,3632
"89347",3720,744,2976
"89348",5110,1022,4088
"89349",4860,972,3888
"89350",3650,730,2920
"89351",4830,966,3864
"89352",4640,928,3712
"89353",4095,819,3276
"89354",5225,1045,4180
"89355",4285,857,3428
"89356",4510,902,3608
"89357",4085,817,3268
"89358",5980,1196,4784
"89359",3600,720,2880
"89360",7485,1497,5988
"89361",3420,684,2736
"89362",3880,776,3104
"89363",4285,857,3428
"89364",4500,900,3600
"89365",3315,663,2652
"89366",5305,1061,4244
"89367",5880,1176,4704
"89368",4395,879,3516
"89369",3930,786,3144
"89370",4220,844,3376
"89371",4595,919,3676
"89372",4100,820,3280
"89373",5605,1121,4484
"89374",5475,1095,4380
"89375",3340,668,2672
"89376",4115,823,3292
"89377",5805,1161,4644
"89378",4810,962,3848
"89379",5340,1068,4272
"89380",3850,770,3080
"89381",4105,821,3284
"89382",4565,913,3652
"89383",4660,932,3728
"89384",4400,880,3520
"89385",3925,785,3140
"89386",4400,880,3520
"89387",4500,900,3600
"89388",3945,789,3156
"89389",4510,902,3608
"89390",3850,770,3080
"89391",3930,786,3144
"89392",4110,822,3288
"89393",3340,668,2672
"89394",4850,970,3880
"89395",4695,939,3756
"89396",4610,922,3688
"89397",5320,1064,4256
"89398",5895,1179,4716
"89399",4680,936,3744
"89400",5805,1161,4644
"89401",6165,1233,4932
"89402",4100,820,3280
"89403",5405,1081,4324
"89404",4750,950,3800
"89405",3970,794,3176
"89406",4680,936,3744
"89407",3970,794,3176
"89408",5520,1104,4416
"89409",4445,889,3556
"89410",6410,1282,5128
"89411",3785,757,3028
"89412",4330,866,3464
"89413",4320,864,3456
"89414",4795,959,3836
"89415",4835,967,3868
"89416",6020,1204,4816
"89417",4670,934,3736
"89418",3610,722,2888
"89419",4905,981,3924
"89420",4785,957,3828
"89421",4770,954,3816
"89422",4450,890,3560
"89423",4100,820,3280
"89424",4270,854,3416
"89425",6420,1284,5136
"89426",5215,1043,4172
"89427",5770,1154,4616
"89428",5495,1099,4396
"89429",4060,812,3248
"89430",4005,801,3204
"89431",5630,1126,4504
"89432",5095,1019,4076
"89433",4540,908,3632
"89434",4455,891,3564
"89435",3650,730,2920
"89436",3685,737,2948
"89437",6530,1306,5224
"89438",4095,819,3276
"89439",5360,1072,4288
"89440",5025,1005,4020
"89441",4175,835,3340
"89442",3805,761,3044
"89443",5130,1026,4104
"89444",6560,1312,5248
"89445",3725,745,2980
"89446",3805,761,3044
"89447",6015,1203,4812
"89448",5255,1051,4204
"89449",5655,1131,4524
"89450",4210,842,3368
"89451",4450,890,3560
"89452",3205,641,2564
"89453",5590,1118,4472
"89454",6685,1337,5348
"89455",7930,1586,6344
"89456",3780,756,3024
"89457",4035,807,3228
"89458",3875,775,3100
"89459",6670,1334,5336
"89460",5005,1001,4004
"89461",5785,1157,4628
"89462",3885,777,3108
"89463",4935,987,3948
"89464",4750,950,3800
"89465",5140,1028,4112
"89466",5105,1021,4084
"89467",4635,927,3708
"89468",4635,927,3708
"89469",4115,823,3292
"89470",4265,853,3412
"89471",4140,828,3312
"89472",3740,748,2992
"89473",4840,968,3872
"89474",4935,987,3948
"89475",5360,1072,4288
"89476",4410,882,3528
"89477",6650,1330,5320
"89478",5730,1146,4584
"89479",5405,1081,4324
"89480",4370,874,3496
"89481",4735,947,3788
"89482",4560,912,3648
"89483",4915,983,3932
"89484",3770,754,3016
"89485",5565,1113,4452
"89486",4780,956,3824
"89487",3630,726,2904
"89488",4605,921,3684
"89489",5195,1039,4156
"89490",4425,885,3540
"89491",5540,1108,4432
"89492",4010,802,3208
"89493",4485,897,3588
"89494",7690,1538,6152
"89495",3720,744,2976
"89496",5660,1132,4528
"89497",7420,1484,5936
"89498",5290,1058,4232
"89499",4105,821,3284
"89500",5265,1053,4212
"89501",6095,1219,4876
"89502",5405,1081,4324
"89503",5140,1028,4112
"89504",4080,816,3264
"89505",4085,817,3268
"89506",3885,777,3108
"89507",4485,897,3588
"89508",3565,713,2852
"89509",4690,938,3752
"89510",4680,936,3744
"89511",6340,1268,5072
"89512",7135,1427,5708
"89513",5210,1042,4168
"89514",3975,795,3180
"89515",4500,900,3600
"89516",4145,829,3316
"89517",5705,1141,4564
"89518",4280,856,3424
"89519",4035,807,3228
"89520",8570,1714,6856
"89521",4890,978,3912
"89522",4135,827,3308
"89523",5260,1052,4208
"89524",4725,945,3780
"89525",5765,1153,4612
"89526",3515,703,2812
"89527",4915,983,3932
"89528",4225,845,3380
"89529",4750,950,3800
"89530",4970,994,3976
"89531",6190,1238,4952
"89532",4020,804,3216
"89533",4375,875,3500
"89534",4020,804,3216
"89535",3835,767,3068
"89536",4425,885,3540
"89537",5050,1010,4040
"89538",4970,994,3976
"89539",3745,749,2996
"89540",4370,874,3496
"89541",4925,985,3940
"89542",4140,828,3312
"89543",4160,832,3328
"89544",4220,844,3376
"89545",5905,1181,4724
"89546",4395,879,3516
"89547",4200,840,3360
"89548",3655,731,2924
"89549",6145,1229,4916
"89550",4135,827,3308
"89551",4175,835,3340
"89552",3350,670,2680
"89553",4845,969,3876
"89554",4945,989,3956
"89555",5220,1044,4176
"89556",4160,832,3328
"89557",5080,1016,4064
"89558",4160,832,3328
"89559",4135,827,3308
"89560",3755,751,3004
"89561",4200,840,3360
"89562",4175,835,3340
"89563",4020,804,3216
"89564",4195,839,3356
"89565",5390,1078,4312
"89566",5575,1115,4460
"89567",3840,768,3072
"89568",5855,1171,4684
"89569",3910,782,3128
"89570",4785,957,3828
"89571",6035,1207,4828
"89572",5000,1000,4000
"89573",5890,1178,4712
"89574",6400,1280,5120
"89575",5480,1096,4384
"89576",6190,1238,4952
"89577",4765,953,3812
"89578",3665,733,2932
"89579",4805,961,3844
"89580",6485,1297,5188
"89581",4245,849,3396
"89582",5265,1053,4212
"89583",4635,927,3708
"89584",6790,1358,5432
"89585",4075,815,3260
"89586",5420,1084,4336
"89587",4760,952,3808
"89588",5505,1101,4404
"89589",5515,1103,4412
"89590",4375,875,3500
"89591",5050,1010,4040
"89592",5515,1103,4412
"89593",4550,910,3640
"89594",4645,929,3716
"89595",3955,791,3164
"89596",3595,719,2876
"89597",5075,1015,4060
"89598",8225,1645,6580
"89599",4615,923,3692
"89600",3925,785,3140
"89601",4055,811,3244
"89602",5145,1029,4116
"89603",3720,744,2976
"89604",5100,1020,4080
"89605",5255,1051,4204
"89606",6325,1265,5060
"89607",6205,1241,4964
"89608",4760,952,3808
"89609",4040,808,3232
"89610",5910,1182,4728
"89611",3720,744,2976
"89612",4280,856,3424
"89613",3980,796,3184
"89614",3280,656,2624
"89615",4490,898,3592
"89616",4660,932,3728
"89617",4790,958,3832
"89618",3715,743,2972
"89619",4155,831,3324
"89620",4300,860,3440
"89621",3810,762,3048
"89622",4715,943,3772
"89623",6385,1277,5108
"89624",5225,1045,4180
"89625",4295,859,3436
"89626",4350,870,3480
"89627",4170,834,3336
"89628",5245,1049,4196
"89629",4430,886,3544
"89630",4390,878,3512
"89631",4485,897,3588
"89632",4850,970,3880
"89633",4675,935,3740
"89634",4680,936,3744
"89635",3385,677,2708
"89636",4530,906,3624
"89637",4860,972,3888
"89638",4405,881,3524
"89639",3925,785,3140
"89640",4345,869,3476
"89641",4015,803,3212
"89642",5240,1048,4192
"89643",4545,909,3636
"89644",3770,754,3016
"89645",5220,1044,4176
"89646",4610,922,3688
"89647",5130,1026,4104
"89648",4530,906,3624
"89649",4065,813,3252
"89650",4315,863,3452
"89651",5265,1053,4212
"89652",6150,1230,4920
"89653",3890,778,3112
"89654",4730,946,3784
"89655",5275,1055,4220
"89656",4925,985,3940
"89657",3780,756,3024
"89658",4710,942,3768
"89659",4885,977,3908
"89660",3455,691,2764
"89661",6325,1265,5060
"89662",5115,1023,4092
"89663",4520,904,3616
"89664",5145,1029,4116
"89665",4675,935,3740
"89666",5675,1135,4540
"89667",4340,868,3472
"89668",4410,882,3528
"89669",3400,680,2720
"89670",4650,930,3720
"89671",4835,967,3868
"89672",4370,874,3496
"89673",4695,939,3756
"89674",6140,1228,4912
"89675",3795,759,3036
"89676",5280,1056,4224
"89677",6215,1243,4972
"89678",3990,798,3192
"89679",3675,735,2940
"89680",4520,904,3616
"89681",5855,1171,4684
"89682",4810,962,3848
"89683",4435,887,3548
"89684",5450,1090,4360
"89685",4250,850,3400
"89686",3865,773,3092
"89687",5090,1018,4072
"89688",4305,861,3444
"89689",5150,1030,4120
"89690",3710,742,2968
"89691",4440,888,3552
"89692",4015,803,3212
"89693",6560,1312,5248
"89694",3455,691,2764
"89695",4230,846,3384
"89696",5100,1020,4080
"89697",3690,738,2952
"89698",5415,1083,4332
"89699",5870,1174,4696
"89700",6865,1373,5492
"89701",5460,1092,4368
"89702",4580,916,3664
"89703",5315,1063,4252
"89704",5825,1165,4660
"89705",3900,780,3120
"89706",5100,1020,4080
"89707",4510,902,3608
"89708",4880,976,3904
"89709",4210,842,3368
"89710",3885,777,3108
"89711",4905,981,3924
"89712",4960,992,3968
"89713",3605,721,2884
"89714",4945,989,3956
"89715",4800,960,3840
"89716",4445,889,3556
"89717",5395,1079,4316
"89718",3910,782,3128
"89719",4495,899,3596
"89720",4655,931,3724
"89721",4740,948,3792
"89722",4170,834,3336
"89723",3620,724,2896
"89724",4010,802,3208
"89725",4240,848,3392
"89726",4710,942,3768
"89727",4395,879,3516
"89728",4815,963,3852
"89729",3935,787,3148
"89730",4050,810,3240
"89731",4845,969,3876
"89732",5680,1136,4544
"89733",5235,1047,4188
"89734",6405,1281,5124
"89735",4670,934,3736
"89736",5895,1179,4716
"89737",6585,1317,5268
"89738",4550,910,3640
"89739",4540,908,3632
"89740",4720,944,3776
"89741",4740,948,3792
"89742",4230,846,3384
"89743",6650,1330,5320
"89744",4835,967,3868
"89745",2925,585,2340
"89746",3560,712,2848
"89747",5535,1107,4428
"89748",4435,887,3548
"89749",3865,773,3092
"89750",5960,1192,4768
"89751",6300,1260,5040
"89752",3890,778,3112
"89753",5030,1006,4024
"89754",4280,856,3424
"89755",3620,724,2896
"89756",4760,952,3808
"89757",4475,895,3580
"89758",5605,1121,4484
"89759",4560,912,3648
"89760",5835,1167,4668
"89761",4215,843,3372
"89762",4720,944,3776
"89763",4220,844,3376
"89764",6815,1363,5452
"89765",3895,779,3116
"89766",4135,827,3308
"89767",4830,966,3864
"89768",3870,774,3096
"89769",5025,1005,4020
"89770",4580,916,3664
"89771",4200,840,3360
"89772",4005,801,3204
"89773",3950,790,3160
"89774",4975,995,3980
"89775",4125,825,3300
"89776",4720,944,3776
"89777",4580,916,3664
"89778",4680,936,3744
"89779",4080,816,3264
"89780",4040,808,3232
"89781",5100,1020,4080
"89782",4510,902,3608
"89783",4925,985,3940
"89784",4615,923,3692
"89785",5080,1016,4064
"89786",5850,1170,4680
"89787",3555,711,2844
"89788",4325,865,3460
"89789",4075,815,3260
"89790",4020,804,3216
"89791",6650,1330,5320
"89792",4425,885,3540
"89793",4910,982,3928
"89794",3980,796,3184
"89795",5095,1019,4076
"89796",4360,872,3488
"89797",3580,716,2864
"89798",4280,856,3424
"89799",6325,1265,5060
"89800",4110,822,3288
"89801",4775,955,3820
"89802",4310,862,3448
"89803",5125,1025,4100
"89804",5095,1019,4076
"89805",4130,826,3304
"89806",5465,1093,4372
"89807",4070,814,3256
"89808",4080,816,3264
"89809",5470,1094,4376
"89810",4785,957,3828
"89811",4005,801,3204
"89812",3615,723,2892
"89813",5295,1059,4236
"89814",5610,1122,4488
"89815",3695,739,2956
"89816",4755,951,3804
"89817",5140,1028,4112
"89818",3840,768,3072
"89819",4865,973,3892
"89820",6015,1203,4812
"89821",6305,1261,5044
"89822",4995,999,3996
"89823",3950,790,3160
"89824",4480,896,3584
"89825",4315,863,3452
"89826",5015,1003,4012
"89827",4725,945,3780
"89828",3815,763,3052
"89829",3855,771,3084
"89830",3785,757,3028
"89831",3700,740,2960
"89832",4630,926,3704
"89833",4690,938,3752
"89834",4655,931,3724
"89835",4585,917,3668
"89836",4750,950,3800
"89837",5035,1007,4028
"89838",3930,786,3144
"89839",4790,958,3832
"89840",4345,869,3476
"89841",4025,805,3220
"89842",7085,1417,5668
"89843",4450,890,3560
"89844",4455,891,3564
"89845",5070,1014,4056
"89846",4805,961,3844
"89847",4460,892,3568
"89848",5960,1192,4768
"89849",4710,942,3768
"89850",4495,899,3596
"89851",4095,819,3276
"89852",4815,963,3852
"89853",5370,1074,4296
"89854",5355,1071,4284
"89855",5185,1037,4148
"89856",4430,886,3544
"89857",5495,1099,4396
"89858",4285,857,3428
"89859",4460,892,3568
"89860",5080,1016,4064
"89861",4445,889,3556
"89862",4405,881,3524
"89863",3945,789,3156
"89864",4120,824,3296
"89865",4555,911,3644
"89866",5045,1009,4036
"89867",4620,924,3696
"89868",4700,940,3760
"89869",4325,865,3460
"89870",3450,690,2760
"89871",3985,797,3188
"89872",4745,949,3796
"89873",4970,994,3976
"89874",4305,861,3444
"89875",4250,850,3400
"89876",6130,1226,4904
"89877",4345,869,3476
"89878",5705,1141,4564
"89879",5265,1053,4212
"89880",4560,912,3648
"89881",4490,898,3592
"89882",3255,651,2604
"89883",4765,953,3812
"89884",5005,1001,4004
"89885",4855,971,3884
"89886",4530,906,3624
"89887",3355,671,2684
"89888",4885,977,3908
"89889",4735,947,3788
"89890",4555,911,3644
"89891",4945,989,3956
"89892",4850,970,3880
"89893",5855,1171,4684
"89894",5405,1081,4324
"89895",4440,888,3552
"89896",7070,1414,5656
"89897",4575,915,3660
"89898",4925,985,3940
"89899",4965,993,3972
"89900",5620,1124,4496
"89901",4375,875,3500
"89902",6535,1307,5228
"89903",5500,1100,4400
"89904",4135,827,3308
"89905",4040,808,3232
"89906",3680,736,2944
"89907",6605,1321,5284
"89908",4505,901,3604
"89909",3980,796,3184
"89910",6850,1370,5480
"89911",4585,917,3668
"89912",6525,1305,5220
"89913",3355,671,2684
"89914",6690,1338,5352
"89915",4430,886,3544
"89916",3570,714,2856
"89917",4610,922,3688
"89918",7670,1534,6136
"89919",3705,741,2964
"89920",5060,1012,4048
"89921",5135,1027,4108
"89922",4460,892,3568
"89923",6450,1290,5160
"89924",6515,1303,5212
"89925",4500,900,3600
"89926",4035,807,3228
"89927",3495,699,2796
"89928",4730,946,3784
"89929",4660,932,3728
"89930",4030,806,3224
"89931",3875,775,3100
"89932",4185,837,3348
"89933",4000,800,3200
"89934",4715,943,3772
"89935",4120,824,3296
"89936",5870,1174,4696
"89937",5195,1039,4156
"89938",4300,860,3440
"89939",5000,1000,4000
"89940",4890,978,3912
"89941",6400,1280,5120
"89942",4620,924,3696
"89943",4685,937,3748
"89944",4150,830,3320
"89945",5320,1064,4256
"89946",4065,813,3252
"89947",4595,919,3676
"89948",5295,1059,4236
"89949",3840,768,3072
"89950",5020,1004,4016
"89951",6075,1215,4860
"89952",4555,911,3644
"89953",5615,1123,4492
"89954",4545,909,3636
"89955",4420,884,3536
"89956",5785,1157,4628
"89957",4200,840,3360
"89958",5695,1139,4556
"89959",7100,1420,5680
"89960",4690,938,3752
"89961",5435,1087,4348
"89962",3590,718,2872
"89963",4690,938,3752
"89964",4665,933,3732
"89965",4755,951,3804
"89966",3670,734,2936
"89967",6180,1236,4944
"89968",6035,1207,4828
"89969",5330,1066,4264
"89970",6155,1231,4924
"89971",5945,1189,4756
"89972",5135,1027,4108
"89973",4170,834,3336
"89974",3860,772,3088
"89975",5295,1059,4236
"89976",5015,1003,4012
"89977",4895,979,3916
"89978",4505,901,3604
"89979",3700,740,2960
"89980",5330,1066,4264
"89981",7445,1489,5956
"89982",3295,659,2636
"89983",3790,758,3032
"89984",4680,936,3744
"89985",4220,844,3376
"89986",4270,854,3416
"89987",3845,769,3076
"89988",4790,958,3832
"89989",5080,1016,4064
"89990",4165,833,3332
"89991",5770,1154,4616
"89992",4370,874,3496
"89993",5260,1052,4208
"89994",4090,818,3272
"89995",4975,995,3980
"89996",5115,1023,4092
"89997",4790,958,3832
"89998",4530,906,3624
"89999",7505,1501,6004
"90000",4490,898,3592
"90001",4255,851,3404
"90002",4585,917,3668
"90003",4415,883,3532
"90004",4845,969,3876
"90005",4745,949,3796
"90006",4040,808,3232
"90007",5145,1029,4116
"90008",4480,896,3584
"90009",4650,930,3720
"90010",4615,923,3692
"90011",5150,1030,4120
"90012",3895,779,3116
"90013",5610,1122,4488
"90014",3840,768,3072
"90015",5310,1062,4248
"90016",4570,914,3656
"90017",4815,963,3852
"90018",5010,1002,4008
"90019",5235,1047,4188
"90020",5385,1077,4308
"90021",4125,825,3300
"90022",5530,1106,4424
"90023",4500,900,3600
"90024",4425,885,3540
"90025",6045,1209,4836
"90026",4280,856,3424
"90027",6005,1201,4804
"90028",5695,1139,4556
"90029",4365,873,3492
"90030",4150,830,3320
"90031",4120,824,3296
"90032",4225,845,3380
"90033",4480,896,3584
"90034",4045,809,3236
"90035",7145,1429,5716
"90036",5175,1035,4140
"90037",5555,1111,4444
"90038",4955,991,3964
"90039",4985,997,3988
"90040",4505,901,3604
"90041",4445,889,3556
"90042",4825,965,3860
"90043",3735,747,2988
"90044",3940,788,3152
"90045",4750,950,3800
"90046",4405,881,3524
"90047",4905,981,3924
"90048",4370,874,3496
"90049",6090,1218,4872
"90050",6025,1205,4820
"90051",6120,1224,4896
"90052",3505,701,2804
"90053",4380,876,3504
"90054",4705,941,3764
"90055",7230,1446,5784
"90056",3670,734,2936
"90057",4470,894,3576
"90058",3845,769,3076
"90059",5650,1130,4520
"90060",3815,763,3052
"90061",3810,762,3048
"90062",3935,787,3148
"90063",5150,1030,4120
"90064",4615,923,3692
"90065",3660,732,2928
"90066",5355,1071,4284
"90067",5695,1139,4556
"90068",5065,1013,4052
"90069",4670,934,3736
"90070",4710,942,3768
"90071",5315,1063,4252
"90072",5575,1115,4460
"90073",3590,718,2872
"90074",4295,859,3436
"90075",5050,1010,4040
"90076",5410,1082,4328
"90077",3310,662,2648
"90078",4370,874,3496
"90079",5120,1024,4096
"90080",6040,1208,4832
"90081",4280,856,3424
"90082",5450,1090,4360
"90083",5120,1024,4096
"90084",4615,923,3692
"90085",4750,950,3800
"90086",4830,966,3864
"90087",6135,1227,4908
"90088",4780,956,3824
"90089",4305,861,3444
"90090",3950,790,3160
"90091",4050,810,3240
"90092",4425,885,3540
"90093",3655,731,2924
"90094",5250,1050,4200
"90095",4215,843,3372
"90096",7540,1508,6032
"90097",4290,858,3432
"90098",5885,1177,4708
"90099",5005,1001,4004
"90100",4235,847,3388
"90101",4990,998,3992
"90102",3910,782,3128
"90103",7200,1440,5760
"90104",8695,1739,6956
"90105",3600,720,2880
"90106",4460,892,3568
"90107",6650,1330,5320
"90108",4825,965,3860
"90109",6260,1252,5008
"90110",3860,772,3088
"90111",4170,834,3336
"90112",4290,858,3432
"90113",5440,1088,4352
"90114",5165,1033,4132
"90115",4850,970,3880
"90116",4770,954,3816
"90117",6150,1230,4920
"90118",5475,1095,4380
"90119",3380,676,2704
"90120",5720,1144,4576
"90121",4680,936,3744
"90122",5455,1091,4364
"90123",4800,960,3840
"90124",4355,871,3484
"90125",5475,1095,4380
"90126",3985,797,3188
"90127",4595,919,3676
"90128",4465,893,3572
"90129",4515,903,3612
"90130",4145,829,3316
"90131",4585,917,3668
"90132",4225,845,3380
"90133",5110,1022,4088
"90134",6350,1270,5080
"90135",3650,730,2920
"90136",4845,969,3876
"90137",6255,1251,5004
"90138",3685,737,2948
"90139",5945,1189,4756
"90140",4575,915,3660
"90141",3395,679,2716
"90142",4680,936,3744
"90143",6550,1310,5240
"90144",4200,840,3360
"90145",5480,1096,4384
"90146",5580,1116,4464
"90147",4845,969,3876
"90148",4700,940,3760
"90149",4440,888,3552
"90150",5300,1060,4240
"90151",4450,890,3560
"90152",4100,820,3280
"90153",4680,936,3744
"90154",4765,953,3812
"90155",5220,1044,4176
"90156",4950,990,3960
"90157",5790,1158,4632
"90158",4805,961,3844
"90159",5930,1186,4744
"90160",4515,903,3612
"90161",4560,912,3648
"90162",3685,737,2948
"90163",4200,840,3360
"90164",5465,1093,4372
"90165",8420,1684,6736
"90166",5445,1089,4356
"90167",5095,1019,4076
"90168",4285,857,3428
"90169",4935,987,3948
"90170",4760,952,3808
"90171",3945,789,3156
"90172",4770,954,3816
"90173",4145,829,3316
"90174",5710,1142,4568
"90175",4700,940,3760
"90176",5220,1044,4176
"90177",4345,869,3476
"90178",5135,1027,4108
"90179",5710,1142,4568
"90180",3605,721,2884
"90181",7580,1516,6064
"90182",4675,935,3740
"90183",5155,1031,4124
"90184",7485,1497,5988
"90185",4465,893,3572
"90186",4335,867,3468
"90187",4025,805,3220
"90188",4695,939,3756
"90189",6280,1256,5024
"90190",5260,1052,4208
"90191",4540,908,3632
"90192",4875,975,3900
"90193",5025,1005,4020
"90194",4550,910,3640
"90195",4770,954,3816
"90196",5240,1048,4192
"90197",4710,942,3768
"90198",4500,900,3600
"90199",4025,805,3220
"90200",6530,1306,5224
"90201",4195,839,3356
"90202",3780,756,3024
"90203",4155,831,3324
"90204",4450,890,3560
"90205",5050,1010,4040
"90206",4420,884,3536
"90207",4420,884,3536
"90208",4760,952,3808
"90209",5405,1081,4324
"90210",4550,910,3640
"90211",6005,1201,4804
"90212",4795,959,3836
"90213",5550,1110,4440
"90214",4900,980,3920
"90215",4990,998,3992
"90216",3180,636,2544
"90217",4670,934,3736
"90218",4090,818,3272
"90219",4295,859,3436
"90220",4655,931,3724
"90221",4905,981,3924
"90222",3910,782,3128
"90223",5200,1040,4160
"90224",5215,1043,4172
"90225",5095,1019,4076
"90226",6680,1336,5344
"90227",5415,1083,4332
"90228",5985,1197,4788
"90229",4625,925,3700
"90230",5655,1131,4524
"90231",4080,816,3264
"90232",6080,1216,4864
"90233",5670,1134,4536
"90234",4290,858,3432
"90235",4470,894,3576
"90236",4280,856,3424
"90237",3565,713,2852
"90238",3850,770,3080
"90239",7015,1403,5612
"90240",3355,671,2684
"90241",4785,957,3828
"90242",5550,1110,4440
"90243",4655,931,3724
"90244",4400,880,3520
"90245",6245,1249,4996
"90246",3660,732,2928
"90247",4340,868,3472
"90248",4505,901,3604
"90249",3875,775,3100
"90250",4280,856,3424
"90251",4815,963,3852
"90252",4140,828,3312
"90253",3865,773,3092
"90254",4210,842,3368
"90255",4860,972,3888
"90256",5325,1065,4260
"90257",4840,968,3872
"90258",4050,810,3240
"90259",3120,624,2496
"90260",5105,1021,4084
"90261",4320,864,3456
"90262",4710,942,3768
"90263",4810,962,3848
"90264",5610,1122,4488
"90265",3625,725,2900
"90266",4210,842,3368
"90267",5500,1100,4400
"90268",4235,847,3388
"90269",3280,656,2624
"90270",4235,847,3388
"90271",4480,896,3584
"90272",4510,902,3608
"90273",4540,908,3632
"90274",3930,786,3144
"90275",4400,880,3520
"90276",3855,771,3084
"90277",4945,989,3956
"90278",7235,1447,5788
"90279",4790,958,3832
"90280",3740,748,2992
"90281",4940,988,3952
"90282",5515,1103,4412
"90283",4305,861,3444
"90284",3135,627,2508
"90285",4280,856,3424
"90286",3670,734,2936
"90287",3925,785,3140
"90288",4255,851,3404
"90289",4430,886,3544
"90290",4040,808,3232
"90291",4130,826,3304
"90292",3770,754,3016
"90293",5950,1190,4760
"90294",5420,1084,4336
"90295",5510,1102,4408
"90296",5170,1034,4136
"90297",4335,867,3468
"90298",4865,973,3892
"90299",4400,880,3520
"90300",3530,706,2824
"90301",4265,853,3412
"90302",4050,810,3240
"90303",5735,1147,4588
"90304",5010,1002,4008
"90305",4360,872,3488
"90306",4760,952,3808
"90307",3760,752,3008
"90308",4325,865,3460
"90309",4000,800,3200
"90310",6540,1308,5232
"90311",4200,840,3360
"90312",5135,1027,4108
"90313",4980,996,3984
"90314",4765,953,3812
"90315",5345,1069,4276
"90316",4290,858,3432
"90317",3765,753,3012
"90318",6110,1222,4888
"90319",4165,833,3332
"90320",3555,711,2844
"90321",5200,1040,4160
"90322",4540,908,3632
"90323",4855,971,3884
"90324",4575,915,3660
"90325",4105,821,3284
"90326",7465,1493,5972
"90327",4930,986,3944
"90328",5395,1079,4316
"90329",6965,1393,5572
"90330",4175,835,3340
"90331",4150,830,3320
"90332",3910,782,3128
"90333",4155,831,3324
"90334",4525,905,3620
"90335",3990,798,3192
"90336",4325,865,3460
"90337",4960,992,3968
"90338",5115,1023,4092
"90339",4170,834,3336
"90340",3290,658,2632
"90341",5135,1027,4108
"90342",4435,887,3548
"90343",3495,699,2796
"90344",3995,799,3196
"90345",4085,817,3268
"90346",4720,944,3776
"90347",5270,1054,4216
"90348",5200,1040,4160
"90349",5330,1066,4264
"90350",3755,751,3004
"90351",3695,739,2956
"90352",5570,1114,4456
"90353",4185,837,3348
"90354",4215,843,3372
"90355",3345,669,2676
"90356",4155,831,3324
"90357",5635,1127,4508
"90358",4775,955,3820
"90359",3715,743,2972
"90360",4340,868,3472
"90361",4195,839,3356
"90362",5145,1029,4116
"90363",5740,1148,4592
"90364",5350,1070,4280
"90365",4070,814,3256
"90366",5720,1144,4576
"90367",4575,915,3660
"90368",4035,807,3228
"90369",5265,1053,4212
"90370",3780,756,3024
"90371",5645,1129,4516
"90372",5875,1175,4700
"90373",4060,812,3248
"90374",4955,991,3964
"90375",3740,748,2992
"90376",4595,919,3676
"90377",3555,711,2844
"90378",4350,870,3480
"90379",3855,771,3084
"90380",3925,785,3140
"90381",4210,842,3368
"90382",4290,858,3432
"90383",5170,1034,4136
"90384",5330,1066,4264
"90385",4705,941,3764
"90386",5145,1029,4116
"90387",4450,890,3560
"90388",4190,838,3352
"90389",5015,1003,4012
"90390",4085,817,3268
"90391",3735,747,2988
"90392",4535,907,3628
"90393",5240,1048,4192
"90394",4485,897,3588
"90395",4475,895,3580
"90396",4140,828,3312
"90397",4115,823,3292
"90398",4855,971,3884
"90399",4985,997,3988
"90400",4195,839,3356
"90401",5250,1050,4200
"90402",4115,823,3292
"90403",4235,847,3388
"90404",5510,1102,4408
"90405",4245,849,3396
"90406",4615,923,3692
"90407",6260,1252,5008
"90408",4870,974,3896
"90409",4985,997,3988
"90410",4550,910,3640
"90411",5145,1029,4116
"90412",4775,955,3820
"90413",5170,1034,4136
"90414",3775,755,3020
"90415",5115,1023,4092
"90416",5130,1026,4104
"90417",5135,1027,4108
"90418",5660,1132,4528
"90419",5230,1046,4184
"90420",4530,906,3624
"90421",5075,1015,4060
"90422",4175,835,3340
"90423",5715,1143,4572
"90424",4790,958,3832
"90425",4075,815,3260
"90426",4075,815,3260
"90427",3480,696,2784
"90428",3725,745,2980
"90429",4295,859,3436
"90430",3710,742,2968
"90431",7415,1483,5932
"90432",4020,804,3216
"90433",4395,879,3516
"90434",4815,963,3852
"90435",5625,1125,4500
"90436",4485,897,3588
"90437",3735,747,2988
"90438",3855,771,3084
"90439",4155,831,3324
"90440",3840,768,3072
"90441",4425,885,3540
"90442",3810,762,3048
"90443",5005,1001,4004
"90444",4120,824,3296
"90445",4210,842,3368
"90446",4945,989,3956
"90447",4035,807,3228
"90448",5530,1106,4424
"90449",3390,678,2712
"90450",3680,736,2944
"90451",6215,1243,4972
"90452",4690,938,3752
"90453",4795,959,3836
"90454",3675,735,2940
"90455",3880,776,3104
"90456",4430,886,3544
"90457",4800,960,3840
"90458",4490,898,3592
"90459",4100,820,3280
"90460",4185,837,3348
"90461",5120,1024,4096
"90462",3835,767,3068
"90463",3525,705,2820
"90464",4280,856,3424
"90465",5940,1188,4752
"90466",6180,1236,4944
"90467",3740,748,2992
"90468",4820,964,3856
"90469",4485,897,3588
"90470",5350,1070,4280
"90471",3880,776,3104
"90472",5255,1051,4204
"90473",4045,809,3236
"90474",3935,787,3148
"90475",3865,773,3092
"90476",4655,931,3724
"90477",5120,1024,4096
"90478",5785,1157,4628
"90479",3815,763,3052
"90480",3890,778,3112
"90481",3770,754,3016
"90482",4715,943,3772
"90483",5095,1019,4076
"90484",4400,880,3520
"90485",4710,942,3768
"90486",5520,1104,4416
"90487",5730,1146,4584
"90488",7550,1510,6040
"90489",4415,883,3532
"90490",5440,1088,4352
"90491",5560,1112,4448
"90492",4125,825,3300
"90493",4980,996,3984
"90494",4435,887,3548
"90495",5780,1156,4624
"90496",3890,778,3112
"90497",4695,939,3756
"90498",5215,1043,4172
"90499",4620,924,3696
"90500",4160,832,3328
"90501",4660,932,3728
"90502",4615,923,3692
"90503",5265,1053,4212
"90504",4570,914,3656
"90505",5020,1004,4016
"90506",3740,748,2992
"90507",4605,921,3684
"90508",3710,742,2968
"90509",4145,829,3316
"90510",4405,881,3524
"90511",5310,1062,4248
"90512",5255,1051,4204
"90513",4090,818,3272
"90514",5020,1004,4016
"90515",5350,1070,4280
"90516",4465,893,3572
"90517",4090,818,3272
"90518",6110,1222,4888
"90519",3960,792,3168
"90520",3615,723,2892
"90521",3770,754,3016
"90522",5000,1000,4000
"90523",6520,1304,5216
"90524",4825,965,3860
"90525",5300,1060,4240
"90526",7550,1510,6040
"90527",3660,732,2928
"90528",5755,1151,4604
"90529",5370,1074,4296
"90530",5520,1104,4416
"90531",5150,1030,4120
"90532",4790,958,3832
"90533",4385,877,3508
"90534",6705,1341,5364
"90535",5420,1084,4336
"90536",5290,1058,4232
"90537",4710,942,3768
"90538",3510,702,2808
"90539",5300,1060,4240
"90540",6365,1273,5092
"90541",3950,790,3160
"90542",4610,922,3688
"90543",4460,892,3568
"90544",10110,2022,8088
"90545",4360,872,3488
"90546",4805,961,3844
"90547",4805,961,3844
"90548",3760,752,3008
"90549",4565,913,3652
"90550",3940,788,3152
"90551",4570,914,3656
"90552",4050,810,3240
"90553",4290,858,3432
"90554",4705,941,3764
"90555",5285,1057,4228
"90556",3890,778,3112
"90557",4665,933,3732
"90558",5595,1119,4476
"90559",4955,991,3964
"90560",4805,961,3844
"90561",4985,997,3988
"90562",4725,945,3780
"90563",4860,972,3888
"90564",5425,1085,4340
"90565",4290,858,3432
"90566",4990,998,3992
"90567",4395,879,3516
"90568",6635,1327,5308
"90569",5395,1079,4316
"90570",4435,887,3548
"90571",4200,840,3360
"90572",4200,840,3360
"90573",5480,1096,4384
"90574",5335,1067,4268
"90575",3985,797,3188
"90576",4555,911,3644
"90577",5135,1027,4108
"90578",5140,1028,4112
"90579",4000,800,3200
"90580",5185,1037,4148
"90581",4415,883,3532
"90582",4370,874,3496
"90583",5670,1134,4536
"90584",5060,1012,4048
"90585",7195,1439,5756
"90586",4830,966,3864
"90587",5700,1140,4560
"90588",5495,1099,4396
"90589",5600,1120,4480
"90590",4920,984,3936
"90591",3690,738,2952
"90592",4955,991,3964
"90593",4060,812,3248
"90594",4015,803,3212
"90595",7340,1468,5872
"90596",5085,1017,4068
"90597",4735,947,3788
"90598",5125,1025,4100
"90599",4400,880,3520
"90600",4620,924,3696
"90601",4130,826,3304
"90602",4175,835,3340
"90603",4200,840,3360
"90604",5945,1189,4756
"90605",4555,911,3644
"90606",4490,898,3592
"90607",4230,846,3384
"90608",3370,674,2696
"90609",3675,735,2940
"90610",4850,970,3880
"90611",4335,867,3468
"90612",5985,1197,4788
"90613",4635,927,3708
"90614",3705,741,2964
"90615",4860,972,3888
"90616",3775,755,3020
"90617",3860,772,3088
"90618",4910,982,3928
"90619",4595,919,3676
"90620",5020,1004,4016
"90621",5090,1018,4072
"90622",4330,866,3464
"90623",3860,772,3088
"90624",3315,663,2652
"90625",5560,1112,4448
"90626",3865,773,3092
"90627",4060,812,3248
"90628",5965,1193,4772
"90629",4935,987,3948
"90630",4450,890,3560
"90631",6230,1246,4984
"90632",3545,709,2836
"90633",7150,1430,5720
"90634",3445,689,2756
"90635",3815,763,3052
"90636",4240,848,3392
"90637",4540,908,3632
"90638",4020,804,3216
"90639",4350,870,3480
"90640",5230,1046,4184
"90641",5655,1131,4524
"90642",5210,1042,4168
"90643",4945,989,3956
"90644",4240,848,3392
"90645",3985,797,3188
"90646",4750,950,3800
"90647",4155,831,3324
"90648",5325,1065,4260
"90649",4135,827,3308
"90650",4000,800,3200
"90651",4115,823,3292
"90652",3995,799,3196
"90653",4305,861,3444
"90654",3300,660,2640
"90655",3680,736,2944
"90656",4355,871,3484
"90657",7830,1566,6264
"90658",5180,1036,4144
"90659",4335,867,3468
"90660",4575,915,3660
"90661",5455,1091,4364
"90662",4255,851,3404
"90663",4615,923,3692
"90664",4580,916,3664
"90665",4175,835,3340
"90666",5735,1147,4588
"90667",4080,816,3264
"90668",5140,1028,4112
"90669",4800,960,3840
"90670",4585,917,3668
"90671",5385,1077,4308
"90672",4860,972,3888
"90673",4945,989,3956
"90674",5485,1097,4388
"90675",3865,773,3092
"90676",5620,1124,4496
"90677",3650,730,2920
"90678",4105,821,3284
"90679",4550,910,3640
"90680",3560,712,2848
"90681",5765,1153,4612
"90682",4265,853,3412
"90683",4210,842,3368
"90684",4460,892,3568
"90685",4790,958,3832
"90686",5920,1184,4736
"90687",4645,929,3716
"90688",3735,747,2988
"90689",3985,797,3188
"90690",3835,767,3068
"90691",4680,936,3744
"90692",3890,778,3112
"90693",5010,1002,4008
"90694",5165,1033,4132
"90695",5100,1020,4080
"90696",4345,869,3476
"90697",3705,741,2964
"90698",5100,1020,4080
"90699",5055,1011,4044
"90700",4475,895,3580
"90701",5150,1030,4120
"90702",4040,808,3232
"90703",3985,797,3188
"90704",4425,885,3540
"90705",5770,1154,4616
"90706",3960,792,3168
"90707",4230,846,3384
"90708",4810,962,3848
"90709",4005,801,3204
"90710",4970,994,3976
"90711",5435,1087,4348
"90712",4370,874,3496
"90713",5025,1005,4020
"90714",4995,999,3996
"90715",3555,711,2844
"90716",5290,1058,4232
"90717",4190,838,3352
"90718",4565,913,3652
"90719",4250,850,3400
"90720",5025,1005,4020
"90721",5400,1080,4320
"90722",3730,746,2984
"90723",4325,865,3460
"90724",4955,991,3964
"90725",4820,964,3856
"90726",3930,786,3144
"90727",4400,880,3520
"90728",4910,982,3928
"90729",4720,944,3776
"90730",4255,851,3404
"90731",4355,871,3484
"90732",3705,741,2964
"90733",4250,850,3400
"90734",3545,709,2836
"90735",4685,937,3748
"90736",4440,888,3552
"90737",4105,821,3284
"90738",4530,906,3624
"90739",5600,1120,4480
"90740",5225,1045,4180
"90741",5615,1123,4492
"90742",5225,1045,4180
"90743",3990,798,3192
"90744",5190,1038,4152
"90745",4480,896,3584
"90746",6110,1222,4888
"90747",4430,886,3544
"90748",5380,1076,4304
"90749",4655,931,3724
"90750",3955,791,3164
"90751",4470,894,3576
"90752",4310,862,3448
"90753",4860,972,3888
"90754",5360,1072,4288
"90755",3805,761,3044
"90756",5025,1005,4020
"90757",6195,1239,4956
"90758",4215,843,3372
"90759",4130,826,3304
"90760",3935,787,3148
"90761",4055,811,3244
"90762",4240,848,3392
"90763",4370,874,3496
"90764",4210,842,3368
"90765",3950,790,3160
"90766",4675,935,3740
"90767",4895,979,3916
"90768",5260,1052,4208
"90769",3875,775,3100
"90770",5405,1081,4324
"90771",4020,804,3216
"90772",4320,864,3456
"90773",3830,766,3064
"90774",4940,988,3952
"90775",5130,1026,4104
"90776",4625,925,3700
"90777",4270,854,3416
"90778",4265,853,3412
"90779",3950,790,3160
"90780",4030,806,3224
"90781",4470,894,3576
"90782",6490,1298,5192
"90783",5900,1180,4720
"90784",5755,1151,4604
"90785",4110,822,3288
"90786",4315,863,3452
"90787",5175,1035,4140
"90788",3755,751,3004
"90789",4775,955,3820
"90790",4635,927,3708
"90791",4035,807,3228
"90792",4835,967,3868
"90793",4115,823,3292
"90794",3900,780,3120
"90795",7745,1549,6196
"90796",5940,1188,4752
"90797",5130,1026,4104
"90798",5135,1027,4108
"90799",4705,941,3764
"90800",4095,819,3276
"90801",6415,1283,5132
"90802",5350,1070,4280
"90803",3865,773,3092
"90804",3905,781,3124
"90805",4230,846,3384
"90806",6250,1250,5000
"90807",5535,1107,4428
"90808",5245,1049,4196
"90809",4650,930,3720
"90810",4455,891,3564
"90811",6230,1246,4984
"90812",4205,841,3364
"90813",4495,899,3596
"90814",8110,1622,6488
"90815",4240,848,3392
"90816",5610,1122,4488
"90817",4235,847,3388
"90818",5560,1112,4448
"90819",3610,722,2888
"90820",4290,858,3432
"90821",4705,941,3764
"90822",4765,953,3812
"90823",4330,866,3464
"90824",4010,802,3208
"90825",5595,1119,4476
"90826",3900,780,3120
"90827",7710,1542,6168
"90828",5385,1077,4308
"90829",4160,832,3328
"90830",4915,983,3932
"90831",4515,903,3612
"90832",6785,1357,5428
"90833",4530,906,3624
"90834",4430,886,3544
"90835",3590,718,2872
"90836",3390,678,2712
"90837",6895,1379,5516
"90838",4750,950,3800
"90839",5205,1041,4164
"90840",5420,1084,4336
"90841",4680,936,3744
"90842",6915,1383,5532
"90843",4840,968,3872
"90844",4420,884,3536
"90845",4925,985,3940
"90846",4720,944,3776
"90847",4105,821,3284
"90848",6000,1200,4800
"90849",4935,987,3948
"90850",5030,1006,4024
"90851",4640,928,3712
"90852",4295,859,3436
"90853",5540,1108,4432
"90854",5445,1089,4356
"90855",5455,1091,4364
"90856",4960,992,3968
"90857",4715,943,3772
"90858",4700,940,3760
"90859",4940,988,3952
"90860",4700,940,3760
"90861",3270,654,2616
"90862",4565,913,3652
"90863",5075,1015,4060
"90864",4560,912,3648
"90865",4535,907,3628
"90866",4975,995,3980
"90867",6565,1313,5252
"90868",4715,943,3772
"90869",4925,985,3940
"90870",4495,899,3596
"90871",3560,712,2848
"90872",5030,1006,4024
"90873",5075,1015,4060
"90874",3555,711,2844
"90875",4820,964,3856
"90876",5100,1020,4080
"90877",4400,880,3520
"90878",5770,1154,4616
"90879",4255,851,3404
"90880",6500,1300,5200
"90881",4840,968,3872
"90882",4890,978,3912
"90883",4650,930,3720
"90884",4440,888,3552
"90885",3855,771,3084
"90886",7240,1448,5792
"90887",4140,828,3312
"90888",4245,849,3396
"90889",4730,946,3784
"90890",4215,843,3372
"90891",4530,906,3624
"90892",4125,825,3300
"90893",3760,752,3008
"90894",5225,1045,4180
"90895",3580,716,2864
"90896",3260,652,2608
"90897",4525,905,3620
"90898",4565,913,3652
"90899",4975,995,3980
"90900",5830,1166,4664
"90901",4240,848,3392
"90902",5980,1196,4784
"90903",5405,1081,4324
"90904",4035,807,3228
"90905",4465,893,3572
"90906",3480,696,2784
"90907",4525,905,3620
"90908",5670,1134,4536
"90909",4375,875,3500
"90910",4340,868,3472
"90911",5105,1021,4084
"90912",3825,765,3060
"90913",3555,711,2844
"90914",4590,918,3672
"90915",4970,994,3976
"90916",3790,758,3032
"90917",4725,945,3780
"90918",4315,863,3452
"90919",4210,842,3368
"90920",4170,834,3336
"90921",4245,849,3396
"90922",3770,754,3016
"90923",4290,858,3432
"90924",6775,1355,5420
"90925",4415,883,3532
"90926",4905,981,3924
"90927",5460,1092,4368
"90928",5245,1049,4196
"90929",5480,1096,4384
"90930",4935,987,3948
"90931",4215,843,3372
"90932",4595,919,3676
"90933",4655,931,3724
"90934",4420,884,3536
"90935",6795,1359,5436
"90936",5910,1182,4728
"90937",5545,1109,4436
"90938",3990,798,3192
"90939",5630,1126,4504
"90940",5430,1086,4344
"90941",4815,963,3852
"90942",6810,1362,5448
"90943",4340,868,3472
"90944",4645,929,3716
"90945",5065,1013,4052
"90946",4405,881,3524
"90947",4580,916,3664
"90948",5250,1050,4200
"90949",5455,1091,4364
"90950",6020,1204,4816
"90951",4680,936,3744
"90952",3945,789,3156
"90953",4770,954,3816
"90954",7135,1427,5708
"90955",4145,829,3316
"90956",5220,1044,4176
"90957",4160,832,3328
"90958",7185,1437,5748
"90959",4630,926,3704
"90960",3770,754,3016
"90961",4280,856,3424
"90962",3600,720,2880
"90963",4830,966,3864
"90964",5770,1154,4616
"90965",5015,1003,4012
"90966",5530,1106,4424
"90967",4810,962,3848
"90968",3850,770,3080
"90969",4470,894,3576
"90970",4620,924,3696
"90971",4325,865,3460
"90972",3750,750,3000
"90973",4150,830,3320
"90974",3840,768,3072
"90975",4470,894,3576
"90976",4020,804,3216
"90977",7355,1471,5884
"90978",4465,893,3572
"90979",5090,1018,4072
"90980",4195,839,3356
"90981",6250,1250,5000
"90982",4850,970,3880
"90983",6470,1294,5176
"90984",4805,961,3844
"90985",4730,946,3784
"90986",3855,771,3084
"90987",4585,917,3668
"90988",5045,1009,4036
"90989",4520,904,3616
"90990",4555,911,3644
"90991",5255,1051,4204
"90992",5220,1044,4176
"90993",5585,1117,4468
"90994",4445,889,3556
"90995",4865,973,3892
"90996",3925,785,3140
"90997",4680,936,3744
"90998",7040,1408,5632
"90999",6675,1335,5340
"91000",4310,862,3448
"91001",4760,952,3808
"91002",4080,816,3264
"91003",3630,726,2904
"91004",6785,1357,5428
"91005",4435,887,3548
"91006",3635,727,2908
"91007",6460,1292,5168
"91008",4330,866,3464
"91009",4865,973,3892
"91010",3735,747,2988
"91011",4120,824,3296
"91012",4045,809,3236
"91013",5255,1051,4204
"91014",4475,895,3580
"91015",5495,1099,4396
"91016",3855,771,3084
"91017",4225,845,3380
"91018",5830,1166,4664
"91019",7120,1424,5696
"91020",4550,910,3640
"91021",4600,920,3680
"91022",4345,869,3476
"91023",4185,837,3348
"91024",3660,732,2928
"91025",5715,1143,4572
"91026",4945,989,3956
"91027",4460,892,3568
"91028",3490,698,2792
"91029",4315,863,3452
"91030",4615,923,3692
"91031",4185,837,3348
"91032",4520,904,3616
"91033",3315,663,2652
"91034",5435,1087,4348
"91035",6175,1235,4940
"91036",5170,1034,4136
"91037",4600,920,3680
"91038",4060,812,3248
"91039",6855,1371,5484
"91040",4250,850,3400
"91041",4705,941,3764
"91042",6105,1221,4884
"91043",5545,1109,4436
"91044",5365,1073,4292
"91045",3715,743,2972
"91046",3830,766,3064
"91047",5220,1044,4176
"91048",4380,876,3504
"91049",4200,840,3360
"91050",4980,996,3984
"91051",4795,959,3836
"91052",4860,972,3888
"91053",4320,864,3456
"91054",5230,1046,4184
"91055",4715,943,3772
"91056",4215,843,3372
"91057",3980,796,3184
"91058",4490,898,3592
"91059",6525,1305,5220
"91060",4565,913,3652
"91061",3910,782,3128
"91062",3210,642,2568
"91063",5225,1045,4180
"91064",4655,931,3724
"91065",4790,958,3832
"91066",4695,939,3756
"91067",4315,863,3452
"91068",4855,971,3884
"91069",5100,1020,4080
"91070",7945,1589,6356
"91071",4985,997,3988
"91072",4805,961,3844
"91073",7645,1529,6116
"91074",4585,917,3668
"91075",4410,882,3528
"91076",4290,858,3432
"91077",4410,882,3528
"91078",4440,888,3552
"91079",4570,914,3656
"91080",4545,909,3636
"91081",5535,1107,4428
"91082",3845,769,3076
"91083",3815,763,3052
"91084",6045,1209,4836
"91085",4895,979,3916
"91086",5320,1064,4256
"91087",4485,897,3588
"91088",4085,817,3268
"91089",5530,1106,4424
"91090",6380,1276,5104
"91091",5115,1023,4092
"91092",4280,856,3424
"91093",4010,802,3208
"91094",5370,1074,4296
"91095",7060,1412,5648
"91096",5085,1017,4068
"91097",4480,896,3584
"91098",4715,943,3772
"91099",5035,1007,4028
"91100",3895,779,3116
"91101",4860,972,3888
"91102",6080,1216,4864
"91103",6070,1214,4856
"91104",4690,938,3752
"91105",4505,901,3604
"91106",4400,880,3520
"91107",4400,880,3520
"91108",4915,983,3932
"91109",5385,1077,4308
"91110",4295,859,3436
"91111",5360,1072,4288
"91112",4085,817,3268
"91113",4495,899,3596
"91114",4710,942,3768
"91115",4290,858,3432
"91116",4625,925,3700
"91117",4570,914,3656
"91118",5825,1165,4660
"91119",3795,759,3036
"91120",3525,705,2820
"91121",4350,870,3480
"91122",4765,953,3812
"91123",5210,1042,4168
"91124",5165,1033,4132
"91125",4585,917,3668
"91126",6265,1253,5012
"91127",4860,972,3888
"91128",3810,762,3048
"91129",5080,1016,4064
"91130",6080,1216,4864
"91131",4975,995,3980
"91132",4840,968,3872
"91133",4255,851,3404
"91134",6395,1279,5116
"91135",4180,836,3344
"91136",6330,1266,5064
"91137",4025,805,3220
"91138",5775,1155,4620
"91139",4985,997,3988
"91140",4370,874,3496
"91141",3710,742,2968
"91142",4395,879,3516
"91143",4135,827,3308
"91144",5440,1088,4352
"91145",3965,793,3172
"91146",3805,761,3044
"91147",4540,908,3632
"91148",3700,740,2960
"91149",5045,1009,4036
"91150",7385,1477,5908
"91151",4675,935,3740
"91152",7375,1475,5900
"91153",4625,925,3700
"91154",4380,876,3504
"91155",6750,1350,5400
"91156",5740,1148,4592
"91157",7385,1477,5908
"91158",4220,844,3376
"91159",5455,1091,4364
"91160",5210,1042,4168
"91161",4685,937,3748
"91162",6435,1287,5148
"91163",4870,974,3896
"91164",4635,927,3708
"91165",5495,1099,4396
"91166",4530,906,3624
"91167",4575,915,3660
"91168",5845,1169,4676
"91169",4665,933,3732
"91170",4300,860,3440
"91171",4515,903,3612
"91172",3565,713,2852
"91173",4355,871,3484
"91174",6655,1331,5324
"91175",4690,938,3752
"91176",7370,1474,5896
"91177",5635,1127,4508
"91178",6580,1316,5264
"91179",7295,1459,5836
"91180",4760,952,3808
"91181",4240,848,3392
"91182",5150,1030,4120
"91183",4680,936,3744
"91184",5455,1091,4364
"91185",4285,857,3428
"91186",5355,1071,4284
"91187",4650,930,3720
"91188",4690,938,3752
"91189",4615,923,3692
"91190",4825,965,3860
"91191",4290,858,3432
"91192",3685,737,2948
"91193",4600,920,3680
"91194",4860,972,3888
"91195",4455,891,3564
"91196",5510,1102,4408
"91197",5160,1032,4128
"91198",5065,1013,4052
"91199",3535,707,2828
"91200",3965,793,3172
"91201",4060,812,3248
"91202",4630,926,3704
"91203",3595,719,2876
"91204",4100,820,3280
"91205",5470,1094,4376
"91206",3740,748,2992
"91207",4470,894,3576
"91208",6425,1285,5140
"91209",4165,833,3332
"91210",4835,967,3868
"91211",3660,732,2928
"91212",3435,687,2748
"91213",4495,899,3596
"91214",6155,1231,4924
"91215",4555,911,3644
"91216",3845,769,3076
"91217",3980,796,3184
"91218",4055,811,3244
"91219",4450,890,3560
"91220",3865,773,3092
"91221",3720,744,2976
"91222",4115,823,3292
"91223",5270,1054,4216
"91224",4205,841,3364
"91225",4280,856,3424
"91226",5110,1022,4088
"91227",3765,753,3012
"91228",4305,861,3444
"91229",4470,894,3576
"91230",5035,1007,4028
"91231",5070,1014,4056
"91232",4510,902,3608
"91233",4875,975,3900
"91234",5410,1082,4328
"91235",4660,932,3728
"91236",4795,959,3836
"91237",4240,848,3392
"91238",4570,914,3656
"91239",3585,717,2868
"91240",7515,1503,6012
"91241",4895,979,3916
"91242",4285,857,3428
"91243",6130,1226,4904
"91244",4790,958,3832
"91245",4690,938,3752
"91246",3335,667,2668
"91247",5555,1111,4444
"91248",4975,995,3980
"91249",4625,925,3700
"91250",4090,818,3272
"91251",3575,715,2860
"91252",4455,891,3564
"91253",4315,863,3452
"91254",3270,654,2616
"91255",5470,1094,4376
"91256",4825,965,3860
"91257",5130,1026,4104
"91258",4045,809,3236
"91259",7025,1405,5620
"91260",4930,986,3944
"91261",4455,891,3564
"91262",4070,814,3256
"91263",5315,1063,4252
"91264",6115,1223,4892
"91265",3395,679,2716
"91266",4695,939,3756
"91267",4545,909,3636
"91268",4595,919,3676
"91269",3925,785,3140
"91270",3815,763,3052
"91271",5585,1117,4468
"91272",5335,1067,4268
"91273",4835,967,3868
"91274",3515,703,2812
"91275",5120,1024,4096
"91276",4040,808,3232
"91277",4670,934,3736
"91278",3820,764,3056
"91279",4505,901,3604
"91280",4900,980,3920
"91281",4240,848,3392
"91282",4595,919,3676
"91283",4995,999,3996
"91284",3800,760,3040
"91285",4300,860,3440
"91286",4685,937,3748
"91287",5805,1161,4644
"91288",4595,919,3676
"91289",6725,1345,5380
"91290",3365,673,2692
"91291",4025,805,3220
"91292",3570,714,2856
"91293",3995,799,3196
"91294",4790,958,3832
"91295",5215,1043,4172
"91296",4910,982,3928
"91297",4085,817,3268
"91298",4610,922,3688
"91299",4650,930,3720
"91300",6450,1290,5160
"91301",6335,1267,5068
"91302",3970,794,3176
"91303",4585,917,3668
"91304",3900,780,3120
"91305",4355,871,3484
"91306",3595,719,2876
"91307",4295,859,3436
"91308",5090,1018,4072
"91309",5205,1041,4164
"91310",6120,1224,4896
"91311",4590,918,3672
"91312",6095,1219,4876
"91313",5505,1101,4404
"91314",4050,810,3240
"91315",7520,1504,6016
"91316",6000,1200,4800
"91317",4560,912,3648
"91318",5000,1000,4000
"91319",3930,786,3144
"91320",3765,753,3012
"91321",5235,1047,4188
"91322",4915,983,3932
"91323",4555,911,3644
"91324",4060,812,3248
"91325",4365,873,3492
"91326",7070,1414,5656
"91327",4455,891,3564
"91328",3390,678,2712
"91329",4130,826,3304
"91330",4265,853,3412
"91331",5010,1002,4008
"91332",5510,1102,4408
"91333",4290,858,3432
"91334",6280,1256,5024
"91335",5385,1077,4308
"91336",4935,987,3948
"91337",4955,991,3964
"91338",5135,1027,4108
"91339",4105,821,3284
"91340",4875,975,3900
"91341",3915,783,3132
"91342",5110,1022,4088
"91343",4275,855,3420
"91344",3945,789,3156
"91345",4385,877,3508
"91346",4045,809,3236
"91347",4460,892,3568
"91348",4430,886,3544
"91349",4685,937,3748
"91350",4365,873,3492
"91351",6180,1236,4944
"91352",5740,1148,4592
"91353",4085,817,3268
"91354",4680,936,3744
"91355",4920,984,3936
"91356",3965,793,3172
"91357",6350,1270,5080
"91358",5995,1199,4796
"91359",4820,964,3856
"91360",5195,1039,4156
"91361",3725,745,2980
"91362",5150,1030,4120
"91363",4540,908,3632
"91364",4230,846,3384
"91365",5175,1035,4140
"91366",5465,1093,4372
"91367",4400,880,3520
"91368",6175,1235,4940
"91369",4330,866,3464
"91370",4495,899,3596
"91371",4945,989,3956
"91372",3965,793,3172
"91373",4975,995,3980
"91374",4700,940,3760
"91375",3745,749,2996
"91376",4495,899,3596
"91377",5075,1015,4060
"91378",4735,947,3788
"91379",3920,784,3136
"91380",6410,1282,5128
"91381",3595,719,2876
"91382",4535,907,3628
"91383",5985,1197,4788
"91384",4130,826,3304
"91385",3835,767,3068
"91386",4110,822,3288
"91387",5400,1080,4320
"91388",4630,926,3704
"91389",4025,805,3220
"91390",4575,915,3660
"91391",5440,1088,4352
"91392",3880,776,3104
"91393",4540,908,3632
"91394",4405,881,3524
"91395",5820,1164,4656
"91396",4780,956,3824
"91397",4410,882,3528
"91398",5010,1002,4008
"91399",5755,1151,4604
"91400",3920,784,3136
"91401",3670,734,2936
"91402",4445,889,3556
"91403",4150,830,3320
"91404",5310,1062,4248
"91405",4305,861,3444
"91406",3760,752,3008
"91407",5780,1156,4624
"91408",3955,791,3164
"91409",5605,1121,4484
"91410",3585,717,2868
"91411",4850,970,3880
"91412",4870,974,3896
"91413",9535,1907,7628
"91414",4635,927,3708
"91415",3670,734,2936
"91416",5255,1051,4204
"91417",3820,764,3056
"91418",3590,718,2872
"91419",5045,1009,4036
"91420",5135,1027,4108
"91421",4925,985,3940
"91422",4115,823,3292
"91423",4630,926,3704
"91424",4275,855,3420
"91425",6110,1222,4888
"91426",3265,653,2612
"91427",4180,836,3344
"91428",4575,915,3660
"91429",3620,724,2896
"91430",3980,796,3184
"91431",4525,905,3620
"91432",4210,842,3368
"91433",4165,833,3332
"91434",4290,858,3432
"91435",4145,829,3316
"91436",4730,946,3784
"91437",3505,701,2804
"91438",5475,1095,4380
"91439",4660,932,3728
"91440",6145,1229,4916
"91441",4540,908,3632
"91442",5240,1048,4192
"91443",5465,1093,4372
"91444",5090,1018,4072
"91445",4505,901,3604
"91446",5940,1188,4752
"91447",4205,841,3364
"91448",4475,895,3580
"91449",4560,912,3648
"91450",3670,734,2936
"91451",6575,1315,5260
"91452",5085,1017,4068
"91453",5830,1166,4664
"91454",5730,1146,4584
"91455",5530,1106,4424
"91456",6055,1211,4844
"91457",5755,1151,4604
"91458",4690,938,3752
"91459",3850,770,3080
"91460",5000,1000,4000
"91461",4490,898,3592
"91462",4330,866,3464
"91463",4655,931,3724
"91464",3970,794,3176
"91465",5700,1140,4560
"91466",4975,995,3980
"91467",4385,877,3508
"91468",4395,879,3516
"91469",5870,1174,4696
"91470",5485,1097,4388
"91471",5540,1108,4432
"91472",3820,764,3056
"91473",4410,882,3528
"91474",4390,878,3512
"91475",4390,878,3512
"91476",4785,957,3828
"91477",4450,890,3560
"91478",4790,958,3832
"91479",4515,903,3612
"91480",4055,811,3244
"91481",5175,1035,4140
"91482",4365,873,3492
"91483",4070,814,3256
"91484",4610,922,3688
"91485",4675,935,3740
"91486",4485,897,3588
"91487",4810,962,3848
"91488",4585,917,3668
"91489",3715,743,2972
"91490",4325,865,3460
"91491",5360,1072,4288
"91492",4350,870,3480
"91493",5085,1017,4068
"91494",5915,1183,4732
"91495",5355,1071,4284
"91496",4415,883,3532
"91497",4620,924,3696
"91498",3180,636,2544
"91499",6895,1379,5516
"91500",4630,926,3704
"91501",5125,1025,4100
"91502",4300,860,3440
"91503",4975,995,3980
"91504",3950,790,3160
"91505",4505,901,3604
"91506",4590,918,3672
"91507",5930,1186,4744
"91508",4820,964,3856
"91509",4920,984,3936
"91510",5365,1073,4292
"91511",5295,1059,4236
"91512",5565,1113,4452
"91513",4960,992,3968
"91514",3650,730,2920
"91515",4570,914,3656
"91516",4735,947,3788
"91517",4940,988,3952
"91518",5185,1037,4148
"91519",4225,845,3380
"91520",4725,945,3780
"91521",4730,946,3784
"91522",3785,757,3028
"91523",4080,816,3264
"91524",3605,721,2884
"91525",4150,830,3320
"91526",4530,906,3624
"91527",3530,706,2824
"91528",5910,1182,4728
"91529",4540,908,3632
"91530",6970,1394,5576
"91531",5755,1151,4604
"91532",4715,943,3772
"91533",6360,1272,5088
"91534",3945,789,3156
"91535",2990,598,2392
"91536",3620,724,2896
"91537",6135,1227,4908
"91538",5300,1060,4240
"91539",4370,874,3496
"91540",6370,1274,5096
"91541",3305,661,2644
"91542",5200,1040,4160
"91543",4700,940,3760
"91544",3900,780,3120
"91545",4095,819,3276
"91546",4405,881,3524
"91547",6150,1230,4920
"91548",3630,726,2904
"91549",5690,1138,4552
"91550",4885,977,3908
"91551",3280,656,2624
"91552",4990,998,3992
"91553",4490,898,3592
"91554",4450,890,3560
"91555",5635,1127,4508
"91556",4025,805,3220
"91557",6810,1362,5448
"91558",4130,826,3304
"91559",4485,897,3588
"91560",4910,982,3928
"91561",4035,807,3228
"91562",4570,914,3656
"91563",4785,957,3828
"91564",6825,1365,5460
"91565",3985,797,3188
"91566",4345,869,3476
"91567",6000,1200,4800
"91568",4625,925,3700
"91569",3590,718,2872
"91570",6810,1362,5448
"91571",5060,1012,4048
"91572",4380,876,3504
"91573",3210,642,2568
"91574",4520,904,3616
"91575",5935,1187,4748
"91576",4300,860,3440
"91577",4455,891,3564
"91578",5715,1143,4572
"91579",3940,788,3152
"91580",4675,935,3740
"91581",4575,915,3660
"91582",4070,814,3256
"91583",4720,944,3776
"91584",3670,734,2936
"91585",3385,677,2708
"91586",4370,874,3496
"91587",4465,893,3572
"91588",4275,855,3420
"91589",6025,1205,4820
"91590",4745,949,3796
"91591",4750,950,3800
"91592",5130,1026,4104
"91593",3620,724,2896
"91594",4385,877,3508
"91595",5145,1029,4116
"91596",5490,1098,4392
"91597",4320,864,3456
"91598",5075,1015,4060
"91599",4545,909,3636
"91600",4510,902,3608
"91601",4650,930,3720
"91602",5040,1008,4032
"91603",5690,1138,4552
"91604",5040,1008,4032
"91605",4410,882,3528
"91606",6460,1292,5168
"91607",5065,1013,4052
"91608",4550,910,3640
"91609",4930,986,3944
"91610",3640,728,2912
"91611",4025,805,3220
"91612",3925,785,3140
"91613",6475,1295,5180
"91614",5795,1159,4636
"91615",3565,713,2852
"91616",4590,918,3672
"91617",3435,687,2748
"91618",4450,890,3560
"91619",3725,745,2980
"91620",4870,974,3896
"91621",4040,808,3232
"91622",5345,1069,4276
"91623",4795,959,3836
"91624",5415,1083,4332
"91625",4815,963,3852
"91626",7780,1556,6224
"91627",5090,1018,4072
"91628",5760,1152,4608
"91629",5630,1126,4504
"91630",5655,1131,4524
"91631",6245,1249,4996
"91632",5185,1037,4148
"91633",4425,885,3540
"91634",5125,1025,4100
"91635",5170,1034,4136
"91636",5100,1020,4080
"91637",3995,799,3196
"91638",5025,1005,4020
"91639",4095,819,3276
"91640",4610,922,3688
"91641",4815,963,3852
"91642",3825,765,3060
"91643",5090,1018,4072
"91644",3565,713,2852
"91645",4230,846,3384
"91646",4215,843,3372
"91647",4695,939,3756
"91648",4905,981,3924
"91649",4850,970,3880
"91650",4830,966,3864
"91651",4215,843,3372
"91652",5220,1044,4176
"91653",5965,1193,4772
"91654",4720,944,3776
"91655",4165,833,3332
"91656",5105,1021,4084
"91657",4950,990,3960
"91658",4155,831,3324
"91659",4855,971,3884
"91660",4590,918,3672
"91661",4775,955,3820
"91662",3915,783,3132
"91663",5900,1180,4720
"91664",4390,878,3512
"91665",4105,821,3284
"91666",6055,1211,4844
"91667",5070,1014,4056
"91668",4335,867,3468
"91669",5325,1065,4260
"91670",4370,874,3496
"91671",6650,1330,5320
"91672",3745,749,2996
"91673",4370,874,3496
"91674",4520,904,3616
"91675",3935,787,3148
"91676",5430,1086,4344
"91677",5195,1039,4156
"91678",5605,1121,4484
"91679",4560,912,3648
"91680",5425,1085,4340
"91681",5680,1136,4544
"91682",4000,800,3200
"91683",6215,1243,4972
"91684",4585,917,3668
"91685",7415,1483,5932
"91686",3945,789,3156
"91687",4315,863,3452
"91688",3835,767,3068
"91689",5920,1184,4736
"91690",4040,808,3232
"91691",4135,827,3308
"91692",4545,909,3636
"91693",5230,1046,4184
"91694",5865,1173,4692
"91695",4390,878,3512
"91696",3840,768,3072
"91697",4195,839,3356
"91698",6280,1256,5024
"91699",4420,884,3536
"91700",4510,902,3608
"91701",4550,910,3640
"91702",4625,925,3700
"91703",4360,872,3488
"91704",5365,1073,4292
"91705",5385,1077,4308
"91706",5895,1179,4716
"91707",5515,1103,4412
"91708",5285,1057,4228
"91709",4320,864,3456
"91710",3455,691,2764
"91711",4540,908,3632
"91712",4120,824,3296
"91713",4705,941,3764
"91714",5520,1104,4416
"91715",4050,810,3240
"91716",5770,1154,4616
"91717",3235,647,2588
"91718",3800,760,3040
"91719",4305,861,3444
"91720",4875,975,3900
"91721",3460,692,2768
"91722",3730,746,2984
"91723",3895,779,3116
"91724",4365,873,3492
"91725",5385,1077,4308
"91726",6050,1210,4840
"91727",4690,938,3752
"91728",4570,914,3656
"91729",4485,897,3588
"91730",5660,1132,4528
"91731",3860,772,3088
"91732",4655,931,3724
"91733",4585,917,3668
"91734",3935,787,3148
"91735",5070,1014,4056
"91736",3470,694,2776
"91737",4335,867,3468
"91738",4370,874,3496
"91739",4260,852,3408
"91740",4340,868,3472
"91741",4790,958,3832
"91742",4185,837,3348
"91743",5505,1101,4404
"91744",4425,885,3540
"91745",5625,1125,4500
"91746",5060,1012,4048
"91747",7250,1450,5800
"91748",4815,963,3852
"91749",4615,923,3692
"91750",4660,932,3728
"91751",4195,839,3356
"91752",5475,1095,4380
"91753",4155,831,3324
"91754",4130,826,3304
"91755",4365,873,3492
"91756",4465,893,3572
"91757",5260,1052,4208
"91758",4120,824,3296
"91759",4940,988,3952
"91760",4905,981,3924
"91761",4840,968,3872
"91762",6550,1310,5240
"91763",4795,959,3836
"91764",5530,1106,4424
"91765",5540,1108,4432
"91766",5545,1109,4436
"91767",5060,1012,4048
"91768",4425,885,3540
"91769",4985,997,3988
"91770",5865,1173,4692
"91771",4340,868,3472
"91772",6815,1363,5452
"91773",6745,1349,5396
"91774",3605,721,2884
"91775",5775,1155,4620
"91776",3625,725,2900
"91777",4475,895,3580
"91778",4835,967,3868
"91779",4580,916,3664
"91780",4265,853,3412
"91781",5780,1156,4624
"91782",4970,994,3976
"91783",3995,799,3196
"91784",3900,780,3120
"91785",4785,957,3828
"91786",4205,841,3364
"91787",3635,727,2908
"91788",6015,1203,4812
"91789",4675,935,3740
"91790",3850,770,3080
"91791",3770,754,3016
"91792",5475,1095,4380
"91793",3840,768,3072
"91794",5010,1002,4008
"91795",5850,1170,4680
"91796",4775,955,3820
"91797",5890,1178,4712
"91798",3985,797,3188
"91799",5130,1026,4104
"91800",5050,1010,4040
"91801",4125,825,3300
"91802",4955,991,3964
"91803",5515,1103,4412
"91804",5625,1125,4500
"91805",5235,1047,4188
"91806",4135,827,3308
"91807",5265,1053,4212
"91808",4835,967,3868
"91809",4795,959,3836
"91810",3945,789,3156
"91811",3690,738,2952
"91812",4035,807,3228
"91813",4810,962,3848
"91814",4705,941,3764
"91815",3170,634,2536
"91816",4105,821,3284
"91817",4350,870,3480
"91818",5025,1005,4020
"91819",5810,1162,4648
"91820",4430,886,3544
"91821",5135,1027,4108
"91822",4930,986,3944
"91823",4725,945,3780
"91824",4390,878,3512
"91825",4440,888,3552
"91826",4630,926,3704
"91827",4545,909,3636
"91828",4120,824,3296
"91829",4640,928,3712
"91830",5000,1000,4000
"91831",4475,895,3580
"91832",3635,727,2908
"91833",4485,897,3588
"91834",5175,1035,4140
"91835",4460,892,3568
"91836",5505,1101,4404
"91837",4390,878,3512
"91838",5100,1020,4080
"91839",7675,1535,6140
"91840",4970,994,3976
"91841",4765,953,3812
"91842",4845,969,3876
"91843",4165,833,3332
"91844",3840,768,3072
"91845",5295,1059,4236
"91846",4510,902,3608
"91847",3790,758,3032
"91848",5075,1015,4060
"91849",5255,1051,4204
"91850",4605,921,3684
"91851",5270,1054,4216
"91852",5720,1144,4576
"91853",4895,979,3916
"91854",5025,1005,4020
"91855",5350,1070,4280
"91856",4570,914,3656
"91857",6200,1240,4960
"91858",5565,1113,4452
"91859",4965,993,3972
"91860",5000,1000,4000
"91861",5145,1029,4116
"91862",5255,1051,4204
"91863",3905,781,3124
"91864",3895,779,3116
"91865",4200,840,3360
"91866",5425,1085,4340
"91867",4590,918,3672
"91868",3945,789,3156
"91869",4380,876,3504
"91870",4560,912,3648
"91871",4570,914,3656
"91872",4240,848,3392
"91873",5720,1144,4576
"91874",5030,1006,4024
"91875",5130,1026,4104
"91876",4890,978,3912
"91877",3995,799,3196
"91878",4615,923,3692
"91879",4310,862,3448
"91880",8150,1630,6520
"91881",3560,712,2848
"91882",4145,829,3316
"91883",4295,859,3436
"91884",7705,1541,6164
"91885",4070,814,3256
"91886",3775,755,3020
"91887",5630,1126,4504
"91888",4695,939,3756
"91889",4865,973,3892
"91890",4960,992,3968
"91891",4370,874,3496
"91892",3580,716,2864
"91893",4265,853,3412
"91894",3885,777,3108
"91895",4855,971,3884
"91896",5965,1193,4772
"91897",5185,1037,4148
"91898",4065,813,3252
"91899",3680,736,2944
"91900",5640,1128,4512
"91901",8385,1677,6708
"91902",4640,928,3712
"91903",5475,1095,4380
"91904",3905,781,3124
"91905",4230,846,3384
"91906",4235,847,3388
"91907",7795,1559,6236
"91908",5005,1001,4004
"91909",4185,837,3348
"91910",4460,892,3568
"91911",3920,784,3136
"91912",4115,823,3292
"91913",4695,939,3756
"91914",4125,825,3300
"91915",4255,851,3404
"91916",3785,757,3028
"91917",5490,1098,4392
"91918",4810,962,3848
"91919",5230,1046,4184
"91920",3505,701,2804
"91921",4020,804,3216
"91922",3975,795,3180
"91923",4840,968,3872
"91924",4195,839,3356
"91925",4950,990,3960
"91926",3980,796,3184
"91927",5740,1148,4592
"91928",5585,1117,4468
"91929",3990,798,3192
"91930",5290,1058,4232
"91931",4600,920,3680
"91932",5900,1180,4720
"91933",4300,860,3440
"91934",5745,1149,4596
"91935",6775,1355,5420
"91936",5445,1089,4356
"91937",5025,1005,4020
"91938",3920,784,3136
"91939",4155,831,3324
"91940",4055,811,3244
"91941",4740,948,3792
"91942",5385,1077,4308
"91943",4165,833,3332
"91944",3810,762,3048
"91945",4200,840,3360
"91946",4565,913,3652
"91947",5135,1027,4108
"91948",4355,871,3484
"91949",5265,1053,4212
"91950",4475,895,3580
"91951",4125,825,3300
"91952",5370,1074,4296
"91953",6260,1252,5008
"91954",4125,825,3300
"91955",4340,868,3472
"91956",5530,1106,4424
"91957",4535,907,3628
"91958",5380,1076,4304
"91959",3725,745,2980
"91960",4390,878,3512
"91961",6840,1368,5472
"91962",4170,834,3336
"91963",4700,940,3760
"91964",6045,1209,4836
"91965",5810,1162,4648
"91966",4915,983,3932
"91967",4390,878,3512
"91968",5725,1145,4580
"91969",3650,730,2920
"91970",4150,830,3320
"91971",3615,723,2892
"91972",3655,731,2924
"91973",3665,733,2932
"91974",4350,870,3480
"91975",4245,849,3396
"91976",4765,953,3812
"91977",4800,960,3840
"91978",6760,1352,5408
"91979",4475,895,3580
"91980",5490,1098,4392
"91981",4485,897,3588
"91982",4890,978,3912
"91983",4125,825,3300
"91984",4760,952,3808
"91985",5195,1039,4156
"91986",4185,837,3348
"91987",6485,1297,5188
"91988",4130,826,3304
"91989",5750,1150,4600
"91990",3770,754,3016
"91991",3235,647,2588
"91992",4590,918,3672
"91993",4340,868,3472
"91994",3975,795,3180
"91995",5835,1167,4668
"91996",4390,878,3512
"91997",5550,1110,4440
"91998",5695,1139,4556
"91999",4365,873,3492
"92000",3075,615,2460
"92001",6660,1332,5328
"92002",3905,781,3124
"92003",4840,968,3872
"92004",4430,886,3544
"92005",4080,816,3264
"92006",5900,1180,4720
"92007",5950,1190,4760
"92008",7180,1436,5744
"92009",5130,1026,4104
"92010",3485,697,2788
"92011",4050,810,3240
"92012",6345,1269,5076
"92013",4165,833,3332
"92014",4805,961,3844
"92015",3865,773,3092
"92016",5295,1059,4236
"92017",4010,802,3208
"92018",5445,1089,4356
"92019",4120,824,3296
"92020",3975,795,3180
"92021",5330,1066,4264
"92022",5570,1114,4456
"92023",3725,745,2980
"92024",5080,1016,4064
"92025",4850,970,3880
"92026",4435,887,3548
"92027",3725,745,2980
"92028",5960,1192,4768
"92029",3895,779,3116
"92030",4330,866,3464
"92031",7010,1402,5608
"92032",5580,1116,4464
"92033",6810,1362,5448
"92034",3905,781,3124
"92035",3490,698,2792
"92036",5925,1185,4740
"92037",5700,1140,4560
"92038",5175,1035,4140
"92039",5255,1051,4204
"92040",5915,1183,4732
"92041",5230,1046,4184
"92042",4590,918,3672
"92043",5985,1197,4788
"92044",4375,875,3500
"92045",4245,849,3396
"92046",4165,833,3332
"92047",5215,1043,4172
"92048",6030,1206,4824
"92049",4070,814,3256
"92050",6260,1252,5008
"92051",5175,1035,4140
"92052",4580,916,3664
"92053",4780,956,3824
"92054",5805,1161,4644
"92055",4620,924,3696
"92056",4000,800,3200
"92057",4540,908,3632
"92058",3480,696,2784
"92059",4295,859,3436
"92060",4255,851,3404
"92061",5350,1070,4280
"92062",3565,713,2852
"92063",4540,908,3632
"92064",4720,944,3776
"92065",6330,1266,5064
"92066",4470,894,3576
"92067",4015,803,3212
"92068",5470,1094,4376
"92069",4735,947,3788
"92070",4380,876,3504
"92071",4830,966,3864
"92072",3375,675,2700
"92073",4100,820,3280
"92074",6070,1214,4856
"92075",4740,948,3792
"92076",4025,805,3220
"92077",4465,893,3572
"92078",5235,1047,4188
"92079",4115,823,3292
"92080",5155,1031,4124
"92081",5490,1098,4392
"92082",5745,1149,4596
"92083",4425,885,3540
"92084",5635,1127,4508
"92085",4045,809,3236
"92086",4470,894,3576
"92087",5085,1017,4068
"92088",4600,920,3680
"92089",3950,790,3160
"92090",5080,1016,4064
"92091",4390,878,3512
"92092",5445,1089,4356
"92093",4150,830,3320
"92094",3705,741,2964
"92095",5615,1123,4492
"92096",4790,958,3832
"92097",3540,708,2832
"92098",4050,810,3240
"92099",6525,1305,5220
"92100",4045,809,3236
"92101",5740,1148,4592
"92102",3820,764,3056
"92103",4425,885,3540
"92104",5050,1010,4040
"92105",4520,904,3616
"92106",5130,1026,4104
"92107",4860,972,3888
"92108",4215,843,3372
"92109",4930,986,3944
"92110",5030,1006,4024
"92111",4120,824,3296
"92112",4180,836,3344
"92113",3895,779,3116
"92114",3990,798,3192
"92115",5115,1023,4092
"92116",4690,938,3752
"92117",4645,929,3716
"92118",4875,975,3900
"92119",3920,784,3136
"92120",5325,1065,4260
"92121",3240,648,2592
"92122",6255,1251,5004
"92123",4355,871,3484
"92124",5640,1128,4512
"92125",4030,806,3224
"92126",4625,925,3700
"92127",4510,902,3608
"92128",3905,781,3124
"92129",4970,994,3976
"92130",4680,936,3744
"92131",4545,909,3636
"92132",4560,912,3648
"92133",5680,1136,4544
"92134",6290,1258,5032
"92135",5055,1011,4044
"92136",4695,939,3756
"92137",4420,884,3536
"92138",4465,893,3572
"92139",3630,726,2904
"92140",5375,1075,4300
"92141",4820,964,3856
"92142",4565,913,3652
"92143",4270,854,3416
"92144",7140,1428,5712
"92145",6180,1236,4944
"92146",5140,1028,4112
"92147",5135,1027,4108
"92148",6015,1203,4812
"92149",5675,1135,4540
"92150",4435,887,3548
"92151",4615,923,3692
"92152",4115,823,3292
"92153",6605,1321,5284
"92154",4155,831,3324
"92155",4090,818,3272
"92156",4330,866,3464
"92157",4295,859,3436
"92158",3990,798,3192
"92159",5300,1060,4240
"92160",5925,1185,4740
"92161",6965,1393,5572
"92162",3900,780,3120
"92163",3625,725,2900
"92164",3740,748,2992
"92165",4240,848,3392
"92166",4835,967,3868
"92167",4015,803,3212
"92168",9000,1800,7200
"92169",5605,1121,4484
"92170",4710,942,3768
"92171",4815,963,3852
"92172",4460,892,3568
"92173",5955,1191,4764
"92174",4080,816,3264
"92175",4560,912,3648
"92176",4205,841,3364
"92177",6320,1264,5056
"92178",4520,904,3616
"92179",8180,1636,6544
"92180",4880,976,3904
"92181",4565,913,3652
"92182",3870,774,3096
"92183",4485,897,3588
"92184",5275,1055,4220
"92185",4315,863,3452
"92186",5680,1136,4544
"92187",4380,876,3504
"92188",4360,872,3488
"92189",4630,926,3704
"92190",4755,951,3804
"92191",5315,1063,4252
"92192",6300,1260,5040
"92193",5275,1055,4220
"92194",4110,822,3288
"92195",4495,899,3596
"92196",3805,761,3044
"92197",8000,1600,6400
"92198",4050,810,3240
"92199",5640,1128,4512
"92200",4500,900,3600
"92201",4150,830,3320
"92202",4090,818,3272
"92203",5520,1104,4416
"92204",3770,754,3016
"92205",5595,1119,4476
"92206",4015,803,3212
"92207",3685,737,2948
"92208",4545,909,3636
"92209",4785,957,3828
"92210",4590,918,3672
"92211",5550,1110,4440
"92212",5200,1040,4160
"92213",5100,1020,4080
"92214",5295,1059,4236
"92215",5005,1001,4004
"92216",4745,949,3796
"92217",5175,1035,4140
"92218",6975,1395,5580
"92219",3945,789,3156
"92220",5860,1172,4688
"92221",4445,889,3556
"92222",6245,1249,4996
"92223",4795,959,3836
"92224",4375,875,3500
"92225",4570,914,3656
"92226",4485,897,3588
"92227",4355,871,3484
"92228",4545,909,3636
"92229",5315,1063,4252
"92230",4675,935,3740
"92231",5690,1138,4552
"92232",3905,781,3124
"92233",4060,812,3248
"92234",5205,1041,4164
"92235",6570,1314,5256
"92236",3550,710,2840
"92237",3745,749,2996
"92238",4350,870,3480
"92239",5020,1004,4016
"92240",5415,1083,4332
"92241",4785,957,3828
"92242",6205,1241,4964
"92243",6690,1338,5352
"92244",5280,1056,4224
"92245",4480,896,3584
"92246",5440,1088,4352
"92247",4730,946,3784
"92248",3785,757,3028
"92249",3690,738,2952
"92250",4685,937,3748
"92251",4105,821,3284
"92252",4145,829,3316
"92253",6850,1370,5480
"92254",4240,848,3392
"92255",4240,848,3392
"92256",4340,868,3472
"92257",4050,810,3240
"92258",4695,939,3756
"92259",7130,1426,5704
"92260",5440,1088,4352
"92261",4690,938,3752
"92262",4010,802,3208
"92263",5240,1048,4192
"92264",4095,819,3276
"92265",4325,865,3460
"92266",4220,844,3376
"92267",3665,733,2932
"92268",6565,1313,5252
"92269",4020,804,3216
"92270",6115,1223,4892
"92271",5275,1055,4220
"92272",3925,785,3140
"92273",4950,990,3960
"92274",4715,943,3772
"92275",3515,703,2812
"92276",4070,814,3256
"92277",5695,1139,4556
"92278",4640,928,3712
"92279",4560,912,3648
"92280",4975,995,3980
"92281",4115,823,3292
"92282",3625,725,2900
"92283",4710,942,3768
"92284",4625,925,3700
"92285",4670,934,3736
"92286",5350,1070,4280
"92287",4455,891,3564
"92288",5195,1039,4156
"92289",5055,1011,4044
"92290",4935,987,3948
"92291",4920,984,3936
"92292",4875,975,3900
"92293",5165,1033,4132
"92294",3960,792,3168
"92295",4605,921,3684
"92296",3495,699,2796
"92297",3505,701,2804
"92298",5360,1072,4288
"92299",3885,777,3108
"92300",4460,892,3568
"92301",4990,998,3992
"92302",5345,1069,4276
"92303",4100,820,3280
"92304",5100,1020,4080
"92305",4095,819,3276
"92306",4815,963,3852
"92307",3295,659,2636
"92308",5330,1066,4264
"92309",5285,1057,4228
"92310",3160,632,2528
"92311",5085,1017,4068
"92312",4385,877,3508
"92313",4855,971,3884
"92314",4105,821,3284
"92315",4435,887,3548
"92316",6640,1328,5312
"92317",4020,804,3216
"92318",4960,992,3968
"92319",3890,778,3112
"92320",4775,955,3820
"92321",4310,862,3448
"92322",5740,1148,4592
"92323",4300,860,3440
"92324",4010,802,3208
"92325",4935,987,3948
"92326",5225,1045,4180
"92327",8270,1654,6616
"92328",4320,864,3456
"92329",6100,1220,4880
"92330",4105,821,3284
"92331",3765,753,3012
"92332",5055,1011,4044
"92333",5150,1030,4120
"92334",4825,965,3860
"92335",4325,865,3460
"92336",4165,833,3332
"92337",3515,703,2812
"92338",7605,1521,6084
"92339",4985,997,3988
"92340",4555,911,3644
"92341",5710,1142,4568
"92342",4700,940,3760
"92343",4270,854,3416
"92344",3700,740,2960
"92345",3905,781,3124
"92346",4690,938,3752
"92347",3975,795,3180
"92348",4565,913,3652
"92349",4330,866,3464
"92350",6975,1395,5580
"92351",4820,964,3856
"92352",4115,823,3292
"92353",5255,1051,4204
"92354",3735,747,2988
"92355",5215,1043,4172
"92356",5075,1015,4060
"92357",4615,923,3692
"92358",3835,767,3068
"92359",4185,837,3348
"92360",5860,1172,4688
"92361",3770,754,3016
"92362",4835,967,3868
"92363",4725,945,3780
"92364",4275,855,3420
"92365",3850,770,3080
"92366",3365,673,2692
"92367",5130,1026,4104
"92368",5870,1174,4696
"92369",3875,775,3100
"92370",5735,1147,4588
"92371",3740,748,2992
"92372",3860,772,3088
"92373",5625,1125,4500
"92374",4700,940,3760
"92375",4310,862,3448
"92376",4895,979,3916
"92377",6415,1283,5132
"92378",4590,918,3672
"92379",7405,1481,5924
"92380",6460,1292,5168
"92381",4585,917,3668
"92382",4705,941,3764
"92383",5695,1139,4556
"92384",6295,1259,5036
"92385",4855,971,3884
"92386",6585,1317,5268
"92387",4825,965,3860
"92388",4540,908,3632
"92389",3925,785,3140
"92390",4700,940,3760
"92391",5420,1084,4336
"92392",4965,993,3972
"92393",3735,747,2988
"92394",4065,813,3252
"92395",4590,918,3672
"92396",4095,819,3276
"92397",4385,877,3508
"92398",3960,792,3168
"92399",6550,1310,5240
"92400",5410,1082,4328
"92401",4515,903,3612
"92402",6355,1271,5084
"92403",5385,1077,4308
"92404",5080,1016,4064
"92405",5720,1144,4576
"92406",6015,1203,4812
"92407",5835,1167,4668
"92408",4950,990,3960
"92409",5125,1025,4100
"92410",5585,1117,4468
"92411",4145,829,3316
"92412",5290,1058,4232
"92413",4850,970,3880
"92414",3735,747,2988
"92415",4510,902,3608
"92416",4275,855,3420
"92417",5160,1032,4128
"92418",4240,848,3392
"92419",3740,748,2992
"92420",5040,1008,4032
"92421",4370,874,3496
"92422",3815,763,3052
"92423",5365,1073,4292
"92424",5170,1034,4136
"92425",3785,757,3028
"92426",4715,943,3772
"92427",3770,754,3016
"92428",4890,978,3912
"92429",5945,1189,4756
"92430",4600,920,3680
"92431",6280,1256,5024
"92432",4975,995,3980
"92433",4760,952,3808
"92434",5360,1072,4288
"92435",4245,849,3396
"92436",5145,1029,4116
"92437",5280,1056,4224
"92438",4450,890,3560
"92439",5125,1025,4100
"92440",4490,898,3592
"92441",4225,845,3380
"92442",5400,1080,4320
"92443",4440,888,3552
"92444",7390,1478,5912
"92445",3730,746,2984
"92446",5270,1054,4216
"92447",3815,763,3052
"92448",3680,736,2944
"92449",4135,827,3308
"92450",5080,1016,4064
"92451",4785,957,3828
"92452",5100,1020,4080
"92453",3980,796,3184
"92454",6295,1259,5036
"92455",4845,969,3876
"92456",5140,1028,4112
"92457",4905,981,3924
"92458",4850,970,3880
"92459",4460,892,3568
"92460",4805,961,3844
"92461",3760,752,3008
"92462",4085,817,3268
"92463",3830,766,3064
"92464",4980,996,3984
"92465",3435,687,2748
"92466",3280,656,2624
"92467",6030,1206,4824
"92468",5430,1086,4344
"92469",6055,1211,4844
"92470",3955,791,3164
"92471",5445,1089,4356
"92472",5880,1176,4704
"92473",3315,663,2652
"92474",4260,852,3408
"92475",6405,1281,5124
"92476",4835,967,3868
"92477",6485,1297,5188
"92478",6225,1245,4980
"92479",5030,1006,4024
"92480",4725,945,3780
"92481",4720,944,3776
"92482",5015,1003,4012
"92483",5030,1006,4024
"92484",4950,990,3960
"92485",4495,899,3596
"92486",3925,785,3140
"92487",4630,926,3704
"92488",5970,1194,4776
"92489",4700,940,3760
"92490",4770,954,3816
"92491",5290,1058,4232
"92492",4635,927,3708
"92493",5275,1055,4220
"92494",4265,853,3412
"92495",3760,752,3008
"92496",5055,1011,4044
"92497",4105,821,3284
"92498",5960,1192,4768
"92499",4890,978,3912
"92500",5320,1064,4256
"92501",6365,1273,5092
"92502",4400,880,3520
"92503",4880,976,3904
"92504",3370,674,2696
"92505",4175,835,3340
"92506",4750,950,3800
"92507",4340,868,3472
"92508",4170,834,3336
"92509",3805,761,3044
"92510",4630,926,3704
"92511",4485,897,3588
"92512",4265,853,3412
"92513",4995,999,3996
"92514",6555,1311,5244
"92515",4170,834,3336
"92516",4035,807,3228
"92517",4100,820,3280
"92518",4960,992,3968
"92519",4155,831,3324
"92520",3705,741,2964
"92521",5235,1047,4188
"92522",4510,902,3608
"92523",4330,866,3464
"92524",4445,889,3556
"92525",4275,855,3420
"92526",5200,1040,4160
"92527",4360,872,3488
"92528",3855,771,3084
"92529",5600,1120,4480
"92530",4120,824,3296
"92531",3915,783,3132
"92532",5640,1128,4512
"92533",4815,963,3852
"92534",5280,1056,4224
"92535",3290,658,2632
"92536",4180,836,3344
"92537",4155,831,3324
"92538",4180,836,3344
"92539",4615,923,3692
"92540",5260,1052,4208
"92541",5780,1156,4624
"92542",4065,813,3252
"92543",4370,874,3496
"92544",6415,1283,5132
"92545",3590,718,2872
"92546",4150,830,3320
"92547",7170,1434,5736
"92548",4820,964,3856
"92549",5880,1176,4704
"92550",3875,775,3100
"92551",3420,684,2736
"92552",3785,757,3028
"92553",4020,804,3216
"92554",5200,1040,4160
"92555",4355,871,3484
"92556",5215,1043,4172
"92557",5365,1073,4292
"92558",4485,897,3588
"92559",4755,951,3804
"92560",5030,1006,4024
"92561",5590,1118,4472
"92562",4355,871,3484
"92563",4010,802,3208
"92564",5790,1158,4632
"92565",5125,1025,4100
"92566",3995,799,3196
"92567",4860,972,3888
"92568",6800,1360,5440
"92569",4930,986,3944
"92570",4805,961,3844
"92571",4195,839,3356
"92572",4220,844,3376
"92573",4580,916,3664
"92574",4585,917,3668
"92575",6805,1361,5444
"92576",4830,966,3864
"92577",5765,1153,4612
"92578",4810,962,3848
"92579",5835,1167,4668
"92580",4040,808,3232
"92581",5870,1174,4696
"92582",5030,1006,4024
"92583",4185,837,3348
"92584",3615,723,2892
"92585",4635,927,3708
"92586",3475,695,2780
"92587",3595,719,2876
"92588",4315,863,3452
"92589",4420,884,3536
"92590",5855,1171,4684
"92591",4740,948,3792
"92592",4320,864,3456
"92593",4300,860,3440
"92594",4595,919,3676
"92595",5650,1130,4520
"92596",4985,997,3988
"92597",4915,983,3932
"92598",5730,1146,4584
"92599",5625,1125,4500
"92600",4325,865,3460
"92601",4490,898,3592
"92602",4700,940,3760
"92603",4055,811,3244
"92604",4925,985,3940
"92605",4760,952,3808
"92606",3790,758,3032
"92607",5095,1019,4076
"92608",5980,1196,4784
"92609",5305,1061,4244
"92610",3800,760,3040
"92611",4160,832,3328
"92612",4400,880,3520
"92613",4595,919,3676
"92614",9805,1961,7844
"92615",4590,918,3672
"92616",3505,701,2804
"92617",4295,859,3436
"92618",5060,1012,4048
"92619",4150,830,3320
"92620",3700,740,2960
"92621",4520,904,3616
"92622",3600,720,2880
"92623",4435,887,3548
"92624",4015,803,3212
"92625",5365,1073,4292
"92626",3945,789,3156
"92627",4440,888,3552
"92628",4145,829,3316
"92629",5100,1020,4080
"92630",5525,1105,4420
"92631",4345,869,3476
"92632",3925,785,3140
"92633",4250,850,3400
"92634",4780,956,3824
"92635",4645,929,3716
"92636",5895,1179,4716
"92637",5190,1038,4152
"92638",5155,1031,4124
"92639",3755,751,3004
"92640",4290,858,3432
"92641",4295,859,3436
"92642",4895,979,3916
"92643",7045,1409,5636
"92644",5820,1164,4656
"92645",5695,1139,4556
"92646",4870,974,3896
"92647",4335,867,3468
"92648",5885,1177,4708
"92649",4660,932,3728
"92650",5005,1001,4004
"92651",6630,1326,5304
"92652",4405,881,3524
"92653",5015,1003,4012
"92654",4915,983,3932
"92655",4115,823,3292
"92656",5165,1033,4132
"92657",6200,1240,4960
"92658",5770,1154,4616
"92659",5455,1091,4364
"92660",5440,1088,4352
"92661",5480,1096,4384
"92662",4460,892,3568
"92663",4415,883,3532
"92664",4315,863,3452
"92665",5820,1164,4656
"92666",5155,1031,4124
"92667",3960,792,3168
"92668",4325,865,3460
"92669",3975,795,3180
"92670",4595,919,3676
"92671",5185,1037,4148
"92672",5330,1066,4264
"92673",3905,781,3124
"92674",5715,1143,4572
"92675",5365,1073,4292
"92676",5195,1039,4156
"92677",4775,955,3820
"92678",4295,859,3436
"92679",5435,1087,4348
"92680",3925,785,3140
"92681",5160,1032,4128
"92682",5290,1058,4232
"92683",3520,704,2816
"92684",5045,1009,4036
"92685",4490,898,3592
"92686",6665,1333,5332
"92687",3930,786,3144
"92688",5395,1079,4316
"92689",3685,737,2948
"92690",4920,984,3936
"92691",4045,809,3236
"92692",5470,1094,4376
"92693",4260,852,3408
"92694",4230,846,3384
"92695",4850,970,3880
"92696",3385,677,2708
"92697",4390,878,3512
"92698",4395,879,3516
"92699",5990,1198,4792
"92700",4835,967,3868
"92701",4510,902,3608
"92702",4970,994,3976
"92703",6340,1268,5072
"92704",3705,741,2964
"92705",4425,885,3540
"92706",5025,1005,4020
"92707",3860,772,3088
"92708",3880,776,3104
"92709",6875,1375,5500
"92710",4605,921,3684
"92711",4295,859,3436
"92712",5450,1090,4360
"92713",4190,838,3352
"92714",4105,821,3284
"92715",4790,958,3832
"92716",5355,1071,4284
"92717",3940,788,3152
"92718",3230,646,2584
"92719",3790,758,3032
"92720",4580,916,3664
"92721",4390,878,3512
"92722",4580,916,3664
"92723",5215,1043,4172
"92724",6225,1245,4980
"92725",5140,1028,4112
"92726",4785,957,3828
"92727",5070,1014,4056
"92728",5770,1154,4616
"92729",5840,1168,4672
"92730",6010,1202,4808
"92731",5630,1126,4504
"92732",5275,1055,4220
"92733",5455,1091,4364
"92734",6800,1360,5440
"92735",4445,889,3556
"92736",3670,734,2936
"92737",3800,760,3040
"92738",6590,1318,5272
"92739",4395,879,3516
"92740",5295,1059,4236
"92741",4865,973,3892
"92742",4955,991,3964
"92743",5485,1097,4388
"92744",4920,984,3936
"92745",4365,873,3492
"92746",6530,1306,5224
"92747",4360,872,3488
"92748",6185,1237,4948
"92749",4385,877,3508
"92750",4475,895,3580
"92751",4550,910,3640
"92752",5915,1183,4732
"92753",4700,940,3760
"92754",3870,774,3096
"92755",3995,799,3196
"92756",4155,831,3324
"92757",4225,845,3380
"92758",4455,891,3564
"92759",4100,820,3280
"92760",6230,1246,4984
"92761",4630,926,3704
"92762",4495,899,3596
"92763",4520,904,3616
"92764",5295,1059,4236
"92765",4375,875,3500
"92766",3915,783,3132
"92767",4335,867,3468
"92768",4225,845,3380
"92769",5180,1036,4144
"92770",5080,1016,4064
"92771",5020,1004,4016
"92772",4405,881,3524
"92773",5185,1037,4148
"92774",4495,899,3596
"92775",3820,764,3056
"92776",4870,974,3896
"92777",6135,1227,4908
"92778",5915,1183,4732
"92779",3875,775,3100
"92780",4935,987,3948
"92781",4775,955,3820
"92782",4840,968,3872
"92783",4575,915,3660
"92784",5135,1027,4108
"92785",4725,945,3780
"92786",4845,969,3876
"92787",4820,964,3856
"92788",4920,984,3936
"92789",4090,818,3272
"92790",4515,903,3612
"92791",4690,938,3752
"92792",4640,928,3712
"92793",4550,910,3640
"92794",6225,1245,4980
"92795",3525,705,2820
"92796",5440,1088,4352
"92797",7530,1506,6024
"92798",4955,991,3964
"92799",3910,782,3128
"92800",4520,904,3616
"92801",7310,1462,5848
"92802",5005,1001,4004
"92803",5220,1044,4176
"92804",5585,1117,4468
"92805",3510,702,2808
"92806",6205,1241,4964
"92807",4045,809,3236
"92808",4785,957,3828
"92809",3885,777,3108
"92810",5845,1169,4676
"92811",5525,1105,4420
"92812",4580,916,3664
"92813",5145,1029,4116
"92814",6020,1204,4816
"92815",5450,1090,4360
"92816",4360,872,3488
"92817",4770,954,3816
"92818",4940,988,3952
"92819",5010,1002,4008
"92820",4725,945,3780
"92821",4045,809,3236
"92822",4035,807,3228
"92823",4315,863,3452
"92824",4750,950,3800
"92825",4110,822,3288
"92826",4985,997,3988
"92827",5185,1037,4148
"92828",3765,753,3012
"92829",5460,1092,4368
"92830",5445,1089,4356
"92831",5430,1086,4344
"92832",5430,1086,4344
"92833",4895,979,3916
"92834",8140,1628,6512
"92835",4155,831,3324
"92836",7675,1535,6140
"92837",4715,943,3772
"92838",4580,916,3664
"92839",4875,975,3900
"92840",5365,1073,4292
"92841",5650,1130,4520
"92842",7840,1568,6272
"92843",3765,753,3012
"92844",4415,883,3532
"92845",5025,1005,4020
"92846",4560,912,3648
"92847",5160,1032,4128
"92848",4175,835,3340
"92849",6410,1282,5128
"92850",4460,892,3568
"92851",4855,971,3884
"92852",4550,910,3640
"92853",4450,890,3560
"92854",3775,755,3020
"92855",3925,785,3140
"92856",4360,872,3488
"92857",6785,1357,5428
"92858",5545,1109,4436
"92859",4705,941,3764
"92860",4640,928,3712
"92861",4280,856,3424
"92862",3795,759,3036
"92863",4855,971,3884
"92864",5380,1076,4304
"92865",4540,908,3632
"92866",4465,893,3572
"92867",3720,744,2976
"92868",5055,1011,4044
"92869",3975,795,3180
"92870",4610,922,3688
"92871",4975,995,3980
"92872",4695,939,3756
"92873",4590,918,3672
"92874",5170,1034,4136
"92875",3995,799,3196
"92876",5920,1184,4736
"92877",3685,737,2948
"92878",3620,724,2896
"92879",3975,795,3180
"92880",3750,750,3000
"92881",4665,933,3732
"92882",4620,924,3696
"92883",4470,894,3576
"92884",7135,1427,5708
"92885",5900,1180,4720
"92886",4310,862,3448
"92887",6135,1227,4908
"92888",6090,1218,4872
"92889",5415,1083,4332
"92890",5150,1030,4120
"92891",4090,818,3272
"92892",4940,988,3952
"92893",4825,965,3860
"92894",4095,819,3276
"92895",5780,1156,4624
"92896",4470,894,3576
"92897",8480,1696,6784
"92898",4235,847,3388
"92899",4610,922,3688
"92900",4120,824,3296
"92901",3845,769,3076
"92902",6000,1200,4800
"92903",4245,849,3396
"92904",4685,937,3748
"92905",5400,1080,4320
"92906",5855,1171,4684
"92907",4610,922,3688
"92908",4025,805,3220
"92909",7070,1414,5656
"92910",4650,930,3720
"92911",4525,905,3620
"92912",5080,1016,4064
"92913",4585,917,3668
"92914",5490,1098,4392
"92915",3850,770,3080
"92916",4060,812,3248
"92917",4285,857,3428
"92918",4010,802,3208
"92919",6320,1264,5056
"92920",5280,1056,4224
"92921",6060,1212,4848
"92922",4325,865,3460
"92923",4645,929,3716
"92924",5760,1152,4608
"92925",4765,953,3812
"92926",5400,1080,4320
"92927",3580,716,2864
"92928",5310,1062,4248
"92929",4510,902,3608
"92930",4290,858,3432
"92931",5810,1162,4648
"92932",7055,1411,5644
"92933",4785,957,3828
"92934",4465,893,3572
"92935",4730,946,3784
"92936",4445,889,3556
"92937",5305,1061,4244
"92938",4695,939,3756
"92939",4330,866,3464
"92940",4920,984,3936
"92941",4690,938,3752
"92942",5665,1133,4532
"92943",3665,733,2932
"92944",7935,1587,6348
"92945",4345,869,3476
"92946",4435,887,3548
"92947",5310,1062,4248
"92948",4680,936,3744
"92949",4430,886,3544
"92950",3600,720,2880
"92951",3950,790,3160
"92952",4375,875,3500
"92953",5230,1046,4184
"92954",5065,1013,4052
"92955",5240,1048,4192
"92956",4370,874,3496
"92957",3495,699,2796
"92958",5680,1136,4544
"92959",4290,858,3432
"92960",5060,1012,4048
"92961",4290,858,3432
"92962",5175,1035,4140
"92963",4085,817,3268
"92964",4640,928,3712
"92965",4640,928,3712
"92966",5735,1147,4588
"92967",5330,1066,4264
"92968",4300,860,3440
"92969",5335,1067,4268
"92970",3800,760,3040
"92971",6015,1203,4812
"92972",3840,768,3072
"92973",5055,1011,4044
"92974",4720,944,3776
"92975",3690,738,2952
"92976",4280,856,3424
"92977",5635,1127,4508
"92978",4845,969,3876
"92979",4750,950,3800
"92980",4705,941,3764
"92981",4735,947,3788
"92982",4350,870,3480
"92983",5905,1181,4724
"92984",5640,1128,4512
"92985",5830,1166,4664
"92986",5000,1000,4000
"92987",5290,1058,4232
"92988",4010,802,3208
"92989",3835,767,3068
"92990",6430,1286,5144
"92991",5175,1035,4140
"92992",3510,702,2808
"92993",5005,1001,4004
"92994",4105,821,3284
"92995",5025,1005,4020
"92996",3195,639,2556
"92997",4195,839,3356
"92998",4135,827,3308
"92999",3585,717,2868
"93000",3570,714,2856
"93001",5620,1124,4496
"93002",4180,836,3344
"93003",4825,965,3860
"93004",4740,948,3792
"93005",5835,1167,4668
"93006",4985,997,3988
"93007",6220,1244,4976
"93008",5000,1000,4000
"93009",6265,1253,5012
"93010",3885,777,3108
"93011",4525,905,3620
"93012",5480,1096,4384
"93013",5775,1155,4620
"93014",4380,876,3504
"93015",6155,1231,4924
"93016",5570,1114,4456
"93017",4325,865,3460
"93018",5620,1124,4496
"93019",7325,1465,5860
"93020",4705,941,3764
"93021",4095,819,3276
"93022",3845,769,3076
"93023",5325,1065,4260
"93024",5035,1007,4028
"93025",4380,876,3504
"93026",5030,1006,4024
"93027",4465,893,3572
"93028",3970,794,3176
"93029",5765,1153,4612
"93030",5205,1041,4164
"93031",4250,850,3400
"93032",5315,1063,4252
"93033",3820,764,3056
"93034",6370,1274,5096
"93035",5635,1127,4508
"93036",4740,948,3792
"93037",5300,1060,4240
"93038",3650,730,2920
"93039",5145,1029,4116
"93040",4755,951,3804
"93041",7065,1413,5652
"93042",3860,772,3088
"93043",5055,1011,4044
"93044",5180,1036,4144
"93045",4095,819,3276
"93046",5230,1046,4184
"93047",6275,1255,5020
"93048",4525,905,3620
"93049",4345,869,3476
"93050",5525,1105,4420
"93051",4300,860,3440
"93052",5535,1107,4428
"93053",5010,1002,4008
"93054",4820,964,3856
"93055",4420,884,3536
"93056",3805,761,3044
"93057",4830,966,3864
"93058",6575,1315,5260
"93059",3725,745,2980
"93060",4815,963,3852
"93061",4030,806,3224
"93062",4555,911,3644
"93063",4785,957,3828
"93064",4815,963,3852
"93065",4960,992,3968
"93066",4820,964,3856
"93067",4805,961,3844
"93068",4690,938,3752
"93069",3435,687,2748
"93070",5165,1033,4132
"93071",4340,868,3472
"93072",5550,1110,4440
"93073",4055,811,3244
"93074",4190,838,3352
"93075",4415,883,3532
"93076",4970,994,3976
"93077",3795,759,3036
"93078",5100,1020,4080
"93079",4345,869,3476
"93080",4920,984,3936
"93081",5450,1090,4360
"93082",4975,995,3980
"93083",5670,1134,4536
"93084",4940,988,3952
"93085",5115,1023,4092
"93086",4505,901,3604
"93087",4210,842,3368
"93088",4560,912,3648
"93089",4140,828,3312
"93090",3590,718,2872
"93091",3555,711,2844
"93092",4975,995,3980
"93093",3500,700,2800
"93094",4640,928,3712
"93095",4125,825,3300
"93096",3920,784,3136
"93097",4610,922,3688
"93098",4365,873,3492
"93099",4510,902,3608
"93100",4725,945,3780
"93101",3510,702,2808
"93102",4650,930,3720
"93103",3810,762,3048
"93104",5515,1103,4412
"93105",3835,767,3068
"93106",4560,912,3648
"93107",4405,881,3524
"93108",3400,680,2720
"93109",4900,980,3920
"93110",4400,880,3520
"93111",5100,1020,4080
"93112",4490,898,3592
"93113",5255,1051,4204
"93114",5220,1044,4176
"93115",4190,838,3352
"93116",5205,1041,4164
"93117",3675,735,2940
"93118",5375,1075,4300
"93119",4900,980,3920
"93120",4215,843,3372
"93121",3870,774,3096
"93122",6520,1304,5216
"93123",5000,1000,4000
"93124",7565,1513,6052
"93125",4570,914,3656
"93126",4525,905,3620
"93127",4150,830,3320
"93128",5690,1138,4552
"93129",4005,801,3204
"93130",6040,1208,4832
"93131",3595,719,2876
"93132",4145,829,3316
"93133",4245,849,3396
"93134",5145,1029,4116
"93135",3900,780,3120
"93136",6225,1245,4980
"93137",6105,1221,4884
"93138",6965,1393,5572
"93139",3510,702,2808
"93140",4320,864,3456
"93141",4400,880,3520
"93142",3930,786,3144
"93143",4135,827,3308
"93144",4605,921,3684
"93145",4565,913,3652
"93146",4180,836,3344
"93147",3430,686,2744
"93148",5285,1057,4228
"93149",4670,934,3736
"93150",5205,1041,4164
"93151",5895,1179,4716
"93152",6460,1292,5168
"93153",5460,1092,4368
"93154",6515,1303,5212
"93155",4665,933,3732
"93156",5155,1031,4124
"93157",3810,762,3048
"93158",4485,897,3588
"93159",4810,962,3848
"93160",5890,1178,4712
"93161",3610,722,2888
"93162",5095,1019,4076
"93163",5545,1109,4436
"93164",3980,796,3184
"93165",4895,979,3916
"93166",7455,1491,5964
"93167",3535,707,2828
"93168",3965,793,3172
"93169",4805,961,3844
"93170",6085,1217,4868
"93171",6520,1304,5216
"93172",5620,1124,4496
"93173",6995,1399,5596
"93174",4155,831,3324
"93175",4560,912,3648
"93176",7265,1453,5812
"93177",3995,799,3196
"93178",4005,801,3204
"93179",3795,759,3036
"93180",5005,1001,4004
"93181",3515,703,2812
"93182",4830,966,3864
"93183",5355,1071,4284
"93184",6490,1298,5192
"93185",4375,875,3500
"93186",5245,1049,4196
"93187",4880,976,3904
"93188",3445,689,2756
"93189",4605,921,3684
"93190",4815,963,3852
"93191",3330,666,2664
"93192",3760,752,3008
"93193",5835,1167,4668
"93194",5175,1035,4140
"93195",5195,1039,4156
"93196",5380,1076,4304
"93197",5200,1040,4160
"93198",5185,1037,4148
"93199",4555,911,3644
"93200",4215,843,3372
"93201",3745,749,2996
"93202",5435,1087,4348
"93203",5675,1135,4540
"93204",4730,946,3784
"93205",5130,1026,4104
"93206",4675,935,3740
"93207",3750,750,3000
"93208",4500,900,3600
"93209",3730,746,2984
"93210",5910,1182,4728
"93211",6245,1249,4996
"93212",5940,1188,4752
"93213",5720,1144,4576
"93214",5300,1060,4240
"93215",4070,814,3256
"93216",4390,878,3512
"93217",4380,876,3504
"93218",4080,816,3264
"93219",3860,772,3088
"93220",4675,935,3740
"93221",4485,897,3588
"93222",5030,1006,4024
"93223",4725,945,3780
"93224",4890,978,3912
"93225",6410,1282,5128
"93226",4875,975,3900
"93227",5335,1067,4268
"93228",3910,782,3128
"93229",4205,841,3364
"93230",5375,1075,4300
"93231",5020,1004,4016
"93232",5020,1004,4016
"93233",5355,1071,4284
"93234",4335,867,3468
"93235",5655,1131,4524
"93236",4100,820,3280
"93237",4350,870,3480
"93238",4885,977,3908
"93239",5640,1128,4512
"93240",4725,945,3780
"93241",3755,751,3004
"93242",4580,916,3664
"93243",3980,796,3184
"93244",5045,1009,4036
"93245",5905,1181,4724
"93246",3805,761,3044
"93247",5445,1089,4356
"93248",3965,793,3172
"93249",4525,905,3620
"93250",3590,718,2872
"93251",5090,1018,4072
"93252",5045,1009,4036
"93253",5415,1083,4332
"93254",3855,771,3084
"93255",4800,960,3840
"93256",4210,842,3368
"93257",5185,1037,4148
"93258",3970,794,3176
"93259",4445,889,3556
"93260",6280,1256,5024
"93261",4185,837,3348
"93262",4105,821,3284
"93263",4610,922,3688
"93264",3685,737,2948
"93265",6080,1216,4864
"93266",5365,1073,4292
"93267",5340,1068,4272
"93268",3985,797,3188
"93269",7205,1441,5764
"93270",4310,862,3448
"93271",6425,1285,5140
"93272",4810,962,3848
"93273",4610,922,3688
"93274",5165,1033,4132
"93275",4790,958,3832
"93276",5285,1057,4228
"93277",4725,945,3780
"93278",4190,838,3352
"93279",5480,1096,4384
"93280",5540,1108,4432
"93281",3430,686,2744
"93282",6365,1273,5092
"93283",5220,1044,4176
"93284",4880,976,3904
"93285",4670,934,3736
"93286",4375,875,3500
"93287",4255,851,3404
"93288",3760,752,3008
"93289",4605,921,3684
"93290",5040,1008,4032
"93291",4990,998,3992
"93292",5035,1007,4028
"93293",3350,670,2680
"93294",4485,897,3588
"93295",5015,1003,4012
"93296",6140,1228,4912
"93297",4105,821,3284
"93298",7505,1501,6004
"93299",3990,798,3192
"93300",4685,937,3748
"93301",3820,764,3056
"93302",3955,791,3164
"93303",4370,874,3496
"93304",5980,1196,4784
"93305",4265,853,3412
"93306",6325,1265,5060
"93307",4095,819,3276
"93308",4805,961,3844
"93309",4340,868,3472
"93310",4385,877,3508
"93311",5060,1012,4048
"93312",5740,1148,4592
"93313",5270,1054,4216
"93314",5110,1022,4088
"93315",4385,877,3508
"93316",4570,914,3656
"93317",4205,841,3364
"93318",4055,811,3244
"93319",5630,1126,4504
"93320",3865,773,3092
"93321",4075,815,3260
"93322",3685,737,2948
"93323",4695,939,3756
"93324",4535,907,3628
"93325",4140,828,3312
"93326",5490,1098,4392
"93327",4270,854,3416
"93328",3625,725,2900
"93329",4345,869,3476
"93330",4720,944,3776
"93331",4020,804,3216
"93332",3930,786,3144
"93333",5410,1082,4328
"93334",3730,746,2984
"93335",5730,1146,4584
"93336",4190,838,3352
"93337",4720,944,3776
"93338",4495,899,3596
"93339",4730,946,3784
"93340",6460,1292,5168
"93341",4835,967,3868
"93342",4140,828,3312
"93343",4330,866,3464
"93344",4855,971,3884
"93345",6100,1220,4880
"93346",8060,1612,6448
"93347",4110,822,3288
"93348",5670,1134,4536
"93349",4655,931,3724
"93350",4520,904,3616
"93351",5795,1159,4636
"93352",5640,1128,4512
"93353",4810,962,3848
"93354",3905,781,3124
"93355",4100,820,3280
"93356",4830,966,3864
"93357",4555,911,3644
"93358",4090,818,3272
"93359",4945,989,3956
"93360",4880,976,3904
"93361",4155,831,3324
"93362",4945,989,3956
"93363",4270,854,3416
"93364",5365,1073,4292
"93365",5570,1114,4456
"93366",6465,1293,5172
"93367",3855,771,3084
"93368",4940,988,3952
"93369",3980,796,3184
"93370",6270,1254,5016
"93371",4945,989,3956
"93372",3985,797,3188
"93373",5700,1140,4560
"93374",6830,1366,5464
"93375",4845,969,3876
"93376",4480,896,3584
"93377",4390,878,3512
"93378",4930,986,3944
"93379",4290,858,3432
"93380",4245,849,3396
"93381",4460,892,3568
"93382",4980,996,3984
"93383",4250,850,3400
"93384",5235,1047,4188
"93385",3535,707,2828
"93386",5110,1022,4088
"93387",4770,954,3816
"93388",3915,783,3132
"93389",3935,787,3148
"93390",7935,1587,6348
"93391",5035,1007,4028
"93392",3270,654,2616
"93393",3710,742,2968
"93394",4405,881,3524
"93395",4660,932,3728
"93396",4030,806,3224
"93397",4815,963,3852
"93398",3915,783,3132
"93399",4260,852,3408
"93400",4460,892,3568
"93401",5480,1096,4384
"93402",6885,1377,5508
"93403",5045,1009,4036
"93404",7185,1437,5748
"93405",4525,905,3620
"93406",4205,841,3364
"93407",3960,792,3168
"93408",6165,1233,4932
"93409",5055,1011,4044
"93410",3935,787,3148
"93411",5200,1040,4160
"93412",3545,709,2836
"93413",4705,941,3764
"93414",5370,1074,4296
"93415",3700,740,2960
"93416",3885,777,3108
"93417",5050,1010,4040
"93418",4265,853,3412
"93419",4315,863,3452
"93420",4530,906,3624
"93421",4620,924,3696
"93422",3805,761,3044
"93423",4765,953,3812
"93424",5205,1041,4164
"93425",6450,1290,5160
"93426",5290,1058,4232
"93427",3800,760,3040
"93428",3245,649,2596
"93429",4085,817,3268
"93430",4635,927,3708
"93431",5830,1166,4664
"93432",4515,903,3612
"93433",5580,1116,4464
"93434",4255,851,3404
"93435",5475,1095,4380
"93436",4455,891,3564
"93437",3520,704,2816
"93438",5085,1017,4068
"93439",4700,940,3760
"93440",5750,1150,4600
"93441",4295,859,3436
"93442",4345,869,3476
"93443",5955,1191,4764
"93444",4405,881,3524
"93445",6475,1295,5180
"93446",3530,706,2824
"93447",4650,930,3720
"93448",3965,793,3172
"93449",6425,1285,5140
"93450",5710,1142,4568
"93451",3965,793,3172
"93452",5470,1094,4376
"93453",6025,1205,4820
"93454",4090,818,3272
"93455",4505,901,3604
"93456",4730,946,3784
"93457",7800,1560,6240
"93458",5440,1088,4352
"93459",4830,966,3864
"93460",4745,949,3796
"93461",5675,1135,4540
"93462",3975,795,3180
"93463",5040,1008,4032
"93464",3700,740,2960
"93465",3680,736,2944
"93466",6215,1243,4972
"93467",5865,1173,4692
"93468",4450,890,3560
"93469",6130,1226,4904
"93470",6585,1317,5268
"93471",4775,955,3820
"93472",7120,1424,5696
"93473",4205,841,3364
"93474",4630,926,3704
"93475",4070,814,3256
"93476",4515,903,3612
"93477",4095,819,3276
"93478",5440,1088,4352
"93479",6990,1398,5592
"93480",4625,925,3700
"93481",4665,933,3732
"93482",4645,929,3716
"93483",5170,1034,4136
"93484",4045,809,3236
"93485",5220,1044,4176
"93486",5045,1009,4036
"93487",6175,1235,4940
"93488",5560,1112,4448
"93489",4540,908,3632
"93490",4735,947,3788
"93491",3755,751,3004
"93492",4555,911,3644
"93493",4110,822,3288
"93494",4535,907,3628
"93495",4695,939,3756
"93496",4060,812,3248
"93497",4765,953,3812
"93498",3535,707,2828
"93499",4340,868,3472
"93500",4855,971,3884
"93501",4120,824,3296
"93502",5425,1085,4340
"93503",5070,1014,4056
"93504",4540,908,3632
"93505",5890,1178,4712
"93506",3390,678,2712
"93507",4705,941,3764
"93508",3830,766,3064
"93509",4890,978,3912
"93510",4665,933,3732
"93511",4505,901,3604
"93512",4525,905,3620
"93513",4555,911,3644
"93514",5070,1014,4056
"93515",3870,774,3096
"93516",4785,957,3828
"93517",4370,874,3496
"93518",5645,1129,4516
"93519",5000,1000,4000
"93520",6375,1275,5100
"93521",5650,1130,4520
"93522",4665,933,3732
"93523",4210,842,3368
"93524",5400,1080,4320
"93525",5690,1138,4552
"93526",6810,1362,5448
"93527",6240,1248,4992
"93528",4805,961,3844
"93529",4550,910,3640
"93530",3700,740,2960
"93531",4095,819,3276
"93532",4220,844,3376
"93533",6010,1202,4808
"93534",4410,882,3528
"93535",5310,1062,4248
"93536",4965,993,3972
"93537",4140,828,3312
"93538",6155,1231,4924
"93539",3795,759,3036
"93540",3990,798,3192
"93541",3750,750,3000
"93542",6640,1328,5312
"93543",3740,748,2992
"93544",4585,917,3668
"93545",6180,1236,4944
"93546",3805,761,3044
"93547",4415,883,3532
"93548",4875,975,3900
"93549",5490,1098,4392
"93550",3930,786,3144
"93551",4445,889,3556
"93552",6090,1218,4872
"93553",4230,846,3384
"93554",4065,813,3252
"93555",4910,982,3928
"93556",4600,920,3680
"93557",5010,1002,4008
"93558",4175,835,3340
"93559",6340,1268,5072
"93560",3770,754,3016
"93561",4090,818,3272
"93562",4880,976,3904
"93563",4395,879,3516
"93564",5075,1015,4060
"93565",4340,868,3472
"93566",4120,824,3296
"93567",4900,980,3920
"93568",3330,666,2664
"93569",5015,1003,4012
"93570",5155,1031,4124
"93571",6350,1270,5080
"93572",2990,598,2392
"93573",4630,926,3704
"93574",6395,1279,5116
"93575",5035,1007,4028
"93576",3875,775,3100
"93577",4660,932,3728
"93578",4235,847,3388
"93579",4040,808,3232
"93580",5365,1073,4292
"93581",5035,1007,4028
"93582",3990,798,3192
"93583",4240,848,3392
"93584",4375,875,3500
"93585",4505,901,3604
"93586",4095,819,3276
"93587",4870,974,3896
"93588",3700,740,2960
"93589",5075,1015,4060
"93590",4215,843,3372
"93591",4145,829,3316
"93592",4480,896,3584
"93593",4375,875,3500
"93594",4160,832,3328
"93595",3995,799,3196
"93596",4370,874,3496
"93597",5485,1097,4388
"93598",4595,919,3676
"93599",5535,1107,4428
"93600",5480,1096,4384
"93601",5415,1083,4332
"93602",3735,747,2988
"93603",5745,1149,4596
"93604",5450,1090,4360
"93605",6340,1268,5072
"93606",4560,912,3648
"93607",4375,875,3500
"93608",4630,926,3704
"93609",5330,1066,4264
"93610",6115,1223,4892
"93611",5360,1072,4288
"93612",3590,718,2872
"93613",5035,1007,4028
"93614",5850,1170,4680
"93615",4810,962,3848
"93616",3440,688,2752
"93617",5505,1101,4404
"93618",4905,981,3924
"93619",4105,821,3284
"93620",5730,1146,4584
"93621",4365,873,3492
"93622",5545,1109,4436
"93623",3945,789,3156
"93624",7550,1510,6040
"93625",4820,964,3856
"93626",6665,1333,5332
"93627",4440,888,3552
"93628",4115,823,3292
"93629",4335,867,3468
"93630",4130,826,3304
"93631",4540,908,3632
"93632",4465,893,3572
"93633",4715,943,3772
"93634",4245,849,3396
"93635",3640,728,2912
"93636",5690,1138,4552
"93637",6720,1344,5376
"93638",4345,869,3476
"93639",4905,981,3924
"93640",5055,1011,4044
"93641",5020,1004,4016
"93642",4520,904,3616
"93643",4480,896,3584
"93644",4080,816,3264
"93645",5705,1141,4564
"93646",4695,939,3756
"93647",6305,1261,5044
"93648",4430,886,3544
"93649",4320,864,3456
"93650",3800,760,3040
"93651",3520,704,2816
"93652",5700,1140,4560
"93653",4085,817,3268
"93654",5720,1144,4576
"93655",4095,819,3276
"93656",4280,856,3424
"93657",6910,1382,5528
"93658",3605,721,2884
"93659",4525,905,3620
"93660",4625,925,3700
"93661",4455,891,3564
"93662",5390,1078,4312
"93663",5325,1065,4260
"93664",5210,1042,4168
"93665",3885,777,3108
"93666",4170,834,3336
"93667",4480,896,3584
"93668",4660,932,3728
"93669",3455,691,2764
"93670",4570,914,3656
"93671",3860,772,3088
"93672",5420,1084,4336
"93673",5145,1029,4116
"93674",5640,1128,4512
"93675",4205,841,3364
"93676",4400,880,3520
"93677",5025,1005,4020
"93678",5695,1139,4556
"93679",5165,1033,4132
"93680",5340,1068,4272
"93681",5765,1153,4612
"93682",4685,937,3748
"93683",5230,1046,4184
"93684",4265,853,3412
"93685",4770,954,3816
"93686",5345,1069,4276
"93687",4455,891,3564
"93688",5885,1177,4708
"93689",6755,1351,5404
"93690",3600,720,2880
"93691",3490,698,2792
"93692",4590,918,3672
"93693",4630,926,3704
"93694",4955,991,3964
"93695",6240,1248,4992
"93696",4360,872,3488
"93697",5400,1080,4320
"93698",4655,931,3724
"93699",4295,859,3436
"93700",3965,793,3172
"93701",5615,1123,4492
"93702",4930,986,3944
"93703",4725,945,3780
"93704",4365,873,3492
"93705",4935,987,3948
"93706",5495,1099,4396
"93707",5075,1015,4060
"93708",4740,948,3792
"93709",5585,1117,4468
"93710",7790,1558,6232
"93711",4940,988,3952
"93712",3675,735,2940
"93713",5755,1151,4604
"93714",4515,903,3612
"93715",4110,822,3288
"93716",3785,757,3028
"93717",5060,1012,4048
"93718",4965,993,3972
"93719",3890,778,3112
"93720",5790,1158,4632
"93721",4590,918,3672
"93722",4555,911,3644
"93723",3560,712,2848
"93724",4380,876,3504
"93725",4945,989,3956
"93726",3970,794,3176
"93727",3400,680,2720
"93728",4455,891,3564
"93729",4235,847,3388
"93730",4210,842,3368
"93731",4070,814,3256
"93732",4300,860,3440
"93733",4335,867,3468
"93734",4215,843,3372
"93735",4115,823,3292
"93736",4415,883,3532
"93737",4865,973,3892
"93738",3925,785,3140
"93739",4715,943,3772
"93740",4465,893,3572
"93741",5460,1092,4368
"93742",3415,683,2732
"93743",5545,1109,4436
"93744",4005,801,3204
"93745",4770,954,3816
"93746",4075,815,3260
"93747",5725,1145,4580
"93748",4505,901,3604
"93749",4205,841,3364
"93750",4570,914,3656
"93751",4595,919,3676
"93752",4175,835,3340
"93753",3790,758,3032
"93754",4515,903,3612
"93755",4285,857,3428
"93756",4380,876,3504
"93757",4760,952,3808
"93758",5255,1051,4204
"93759",5320,1064,4256
"93760",4500,900,3600
"93761",4415,883,3532
"93762",4730,946,3784
"93763",3875,775,3100
"93764",5775,1155,4620
"93765",6005,1201,4804
"93766",6110,1222,4888
"93767",4120,824,3296
"93768",6275,1255,5020
"93769",4925,985,3940
"93770",4595,919,3676
"93771",3680,736,2944
"93772",4280,856,3424
"93773",4620,924,3696
"93774",6270,1254,5016
"93775",6510,1302,5208
"93776",5260,1052,4208
"93777",4535,907,3628
"93778",4500,900,3600
"93779",4610,922,3688
"93780",4105,821,3284
"93781",4515,903,3612
"93782",4650,930,3720
"93783",6575,1315,5260
"93784",6435,1287,5148
"93785",5485,1097,4388
"93786",4220,844,3376
"93787",4750,950,3800
"93788",4895,979,3916
"93789",4795,959,3836
"93790",4645,929,3716
"93791",6210,1242,4968
"93792",4385,877,3508
"93793",4985,997,3988
"93794",4585,917,3668
"93795",4475,895,3580
"93796",4805,961,3844
"93797",4770,954,3816
"93798",3885,777,3108
"93799",4550,910,3640
"93800",3790,758,3032
"93801",4910,982,3928
"93802",5120,1024,4096
"93803",4215,843,3372
"93804",3885,777,3108
"93805",5350,1070,4280
"93806",5420,1084,4336
"93807",4445,889,3556
"93808",4325,865,3460
"93809",6220,1244,4976
"93810",3710,742,2968
"93811",5260,1052,4208
"93812",4740,948,3792
"93813",4010,802,3208
"93814",6330,1266,5064
"93815",5310,1062,4248
"93816",6245,1249,4996
"93817",4125,825,3300
"93818",7015,1403,5612
"93819",4245,849,3396
"93820",6480,1296,5184
"93821",4465,893,3572
"93822",4565,913,3652
"93823",4140,828,3312
"93824",4435,887,3548
"93825",5155,1031,4124
"93826",3740,748,2992
"93827",5965,1193,4772
"93828",10365,2073,8292
"93829",3945,789,3156
"93830",4765,953,3812
"93831",5480,1096,4384
"93832",5840,1168,4672
"93833",6000,1200,4800
"93834",5655,1131,4524
"93835",4680,936,3744
"93836",3685,737,2948
"93837",4645,929,3716
"93838",3795,759,3036
"93839",4285,857,3428
"93840",4145,829,3316
"93841",5075,1015,4060
"93842",5245,1049,4196
"93843",4905,981,3924
"93844",5095,1019,4076
"93845",3950,790,3160
"93846",5280,1056,4224
"93847",4115,823,3292
"93848",4805,961,3844
"93849",3855,771,3084
"93850",4360,872,3488
"93851",5600,1120,4480
"93852",4035,807,3228
"93853",6000,1200,4800
"93854",4480,896,3584
"93855",4145,829,3316
"93856",4295,859,3436
"93857",3940,788,3152
"93858",4085,817,3268
"93859",5580,1116,4464
"93860",4635,927,3708
"93861",5435,1087,4348
"93862",4375,875,3500
"93863",3815,763,3052
"93864",4595,919,3676
"93865",3745,749,2996
"93866",4835,967,3868
"93867",5240,1048,4192
"93868",6700,1340,5360
"93869",4820,964,3856
"93870",4540,908,3632
"93871",4200,840,3360
"93872",4440,888,3552
"93873",4795,959,3836
"93874",4190,838,3352
"93875",5705,1141,4564
"93876",4335,867,3468
"93877",4910,982,3928
"93878",6335,1267,5068
"93879",5485,1097,4388
"93880",4120,824,3296
"93881",7960,1592,6368
"93882",5715,1143,4572
"93883",5375,1075,4300
"93884",4315,863,3452
"93885",5305,1061,4244
"93886",4210,842,3368
"93887",5185,1037,4148
"93888",5015,1003,4012
"93889",6015,1203,4812
"93890",5655,1131,4524
"93891",6585,1317,5268
"93892",6175,1235,4940
"93893",5050,1010,4040
"93894",4165,833,3332
"93895",5575,1115,4460
"93896",5145,1029,4116
"93897",4675,935,3740
"93898",4375,875,3500
"93899",4805,961,3844
"93900",4175,835,3340
"93901",4550,910,3640
"93902",4865,973,3892
"93903",4440,888,3552
"93904",4015,803,3212
"93905",5075,1015,4060
"93906",4760,952,3808
"93907",5385,1077,4308
"93908",4220,844,3376
"93909",5650,1130,4520
"93910",4405,881,3524
"93911",3630,726,2904
"93912",4630,926,3704
"93913",3820,764,3056
"93914",5515,1103,4412
"93915",5355,1071,4284
"93916",5745,1149,4596
"93917",4145,829,3316
"93918",4795,959,3836
"93919",5830,1166,4664
"93920",4500,900,3600
"93921",4635,927,3708
"93922",5470,1094,4376
"93923",4125,825,3300
"93924",4705,941,3764
"93925",5190,1038,4152
"93926",5005,1001,4004
"93927",5315,1063,4252
"93928",4125,825,3300
"93929",4910,982,3928
"93930",6515,1303,5212
"93931",4735,947,3788
"93932",4620,924,3696
"93933",4110,822,3288
"93934",4965,993,3972
"93935",4650,930,3720
"93936",4235,847,3388
"93937",3820,764,3056
"93938",3715,743,2972
"93939",3845,769,3076
"93940",4345,869,3476
"93941",4810,962,3848
"93942",7640,1528,6112
"93943",5475,1095,4380
"93944",3795,759,3036
"93945",4725,945,3780
"93946",3760,752,3008
"93947",2920,584,2336
"93948",4665,933,3732
"93949",6400,1280,5120
"93950",3680,736,2944
"93951",4980,996,3984
"93952",4035,807,3228
"93953",6940,1388,5552
"93954",4730,946,3784
"93955",4535,907,3628
"93956",5295,1059,4236
"93957",4420,884,3536
"93958",3860,772,3088
"93959",5485,1097,4388
"93960",4815,963,3852
"93961",3620,724,2896
"93962",4705,941,3764
"93963",4860,972,3888
"93964",4685,937,3748
"93965",3920,784,3136
"93966",5860,1172,4688
"93967",4720,944,3776
"93968",4095,819,3276
"93969",5210,1042,4168
"93970",3750,750,3000
"93971",5765,1153,4612
"93972",5535,1107,4428
"93973",5000,1000,4000
"93974",3895,779,3116
"93975",4155,831,3324
"93976",4505,901,3604
"93977",3870,774,3096
"93978",4205,841,3364
"93979",4350,870,3480
"93980",4575,915,3660
"93981",4165,833,3332
"93982",4900,980,3920
"93983",5020,1004,4016
"93984",5075,1015,4060
"93985",3775,755,3020
"93986",2890,578,2312
"93987",3765,753,3012
"93988",4975,995,3980
"93989",4170,834,3336
"93990",3760,752,3008
"93991",4910,982,3928
"93992",3835,767,3068
"93993",4055,811,3244
"93994",5510,1102,4408
"93995",4910,982,3928
"93996",6255,1251,5004
"93997",5285,1057,4228
"93998",6200,1240,4960
"93999",4680,936,3744
"94000",5315,1063,4252
"94001",3745,749,2996
"94002",3960,792,3168
"94003",3940,788,3152
"94004",4655,931,3724
"94005",4140,828,3312
"94006",4215,843,3372
"94007",5710,1142,4568
"94008",4655,931,3724
"94009",5275,1055,4220
"94010",3890,778,3112
"94011",4605,921,3684
"94012",4605,921,3684
"94013",4370,874,3496
"94014",5705,1141,4564
"94015",4580,916,3664
"94016",3485,697,2788
"94017",4720,944,3776
"94018",4665,933,3732
"94019",4355,871,3484
"94020",4470,894,3576
"94021",6420,1284,5136
"94022",3935,787,3148
"94023",5625,1125,4500
"94024",3690,738,2952
"94025",4635,927,3708
"94026",4370,874,3496
"94027",5215,1043,4172
"94028",4155,831,3324
"94029",4260,852,3408
"94030",5215,1043,4172
"94031",3415,683,2732
"94032",5290,1058,4232
"94033",4930,986,3944
"94034",4335,867,3468
"94035",4575,915,3660
"94036",5485,1097,4388
"94037",6415,1283,5132
"94038",4990,998,3992
"94039",4640,928,3712
"94040",4235,847,3388
"94041",3875,775,3100
"94042",4360,872,3488
"94043",6110,1222,4888
"94044",4810,962,3848
"94045",3550,710,2840
"94046",5720,1144,4576
"94047",3600,720,2880
"94048",5915,1183,4732
"94049",4480,896,3584
"94050",4835,967,3868
"94051",3560,712,2848
"94052",4595,919,3676
"94053",6170,1234,4936
"94054",5965,1193,4772
"94055",5660,1132,4528
"94056",4100,820,3280
"94057",3450,690,2760
"94058",5130,1026,4104
"94059",5560,1112,4448
"94060",6200,1240,4960
"94061",4690,938,3752
"94062",6375,1275,5100
"94063",5355,1071,4284
"94064",6625,1325,5300
"94065",5610,1122,4488
"94066",4680,936,3744
"94067",6925,1385,5540
"94068",4720,944,3776
"94069",5465,1093,4372
"94070",3310,662,2648
"94071",4495,899,3596
"94072",4725,945,3780
"94073",4240,848,3392
"94074",5790,1158,4632
"94075",5065,1013,4052
"94076",4180,836,3344
"94077",6110,1222,4888
"94078",3345,669,2676
"94079",5185,1037,4148
"94080",4415,883,3532
"94081",3750,750,3000
"94082",3900,780,3120
"94083",4210,842,3368
"94084",6550,1310,5240
"94085",5755,1151,4604
"94086",4510,902,3608
"94087",4990,998,3992
"94088",4835,967,3868
"94089",3730,746,2984
"94090",4550,910,3640
"94091",6160,1232,4928
"94092",6325,1265,5060
"94093",4410,882,3528
"94094",5750,1150,4600
"94095",5590,1118,4472
"94096",3960,792,3168
"94097",5020,1004,4016
"94098",4125,825,3300
"94099",5835,1167,4668
"94100",4090,818,3272
"94101",6995,1399,5596
"94102",6540,1308,5232
"94103",4205,841,3364
"94104",4625,925,3700
"94105",7005,1401,5604
"94106",4870,974,3896
"94107",4755,951,3804
"94108",6630,1326,5304
"94109",4525,905,3620
"94110",3120,624,2496
"94111",4380,876,3504
"94112",6550,1310,5240
"94113",4335,867,3468
"94114",4060,812,3248
"94115",5295,1059,4236
"94116",4020,804,3216
"94117",4160,832,3328
"94118",4410,882,3528
"94119",3940,788,3152
"94120",4725,945,3780
"94121",3975,795,3180
"94122",4355,871,3484
"94123",6690,1338,5352
"94124",6305,1261,5044
"94125",3615,723,2892
"94126",3475,695,2780
"94127",4890,978,3912
"94128",5220,1044,4176
"94129",4460,892,3568
"94130",4175,835,3340
"94131",5870,1174,4696
"94132",4130,826,3304
"94133",3945,789,3156
"94134",5600,1120,4480
"94135",4450,890,3560
"94136",5525,1105,4420
"94137",4420,884,3536
"94138",4725,945,3780
"94139",4690,938,3752
"94140",5715,1143,4572
"94141",4570,914,3656
"94142",3770,754,3016
"94143",4620,924,3696
"94144",4725,945,3780
"94145",3605,721,2884
"94146",4290,858,3432
"94147",5530,1106,4424
"94148",5275,1055,4220
"94149",4830,966,3864
"94150",5045,1009,4036
"94151",3745,749,2996
"94152",3925,785,3140
"94153",4975,995,3980
"94154",5540,1108,4432
"94155",5275,1055,4220
"94156",4715,943,3772
"94157",7065,1413,5652
"94158",6250,1250,5000
"94159",4955,991,3964
"94160",4650,930,3720
"94161",6565,1313,5252
"94162",5155,1031,4124
"94163",4045,809,3236
"94164",4710,942,3768
"94165",5680,1136,4544
"94166",5340,1068,4272
"94167",4255,851,3404
"94168",3970,794,3176
"94169",5020,1004,4016
"94170",3940,788,3152
"94171",4000,800,3200
"94172",4060,812,3248
"94173",3520,704,2816
"94174",4090,818,3272
"94175",5325,1065,4260
"94176",4080,816,3264
"94177",5015,1003,4012
"94178",3780,756,3024
"94179",5265,1053,4212
"94180",3680,736,2944
"94181",4295,859,3436
"94182",4290,858,3432
"94183",5645,1129,4516
"94184",3850,770,3080
"94185",4050,810,3240
"94186",4290,858,3432
"94187",4480,896,3584
"94188",4545,909,3636
"94189",3790,758,3032
"94190",3960,792,3168
"94191",5140,1028,4112
"94192",3555,711,2844
"94193",4775,955,3820
"94194",4795,959,3836
"94195",3935,787,3148
"94196",5085,1017,4068
"94197",4145,829,3316
"94198",5060,1012,4048
"94199",5045,1009,4036
"94200",4985,997,3988
"94201",3840,768,3072
"94202",3700,740,2960
"94203",3745,749,2996
"94204",5350,1070,4280
"94205",5090,1018,4072
"94206",6270,1254,5016
"94207",3970,794,3176
"94208",3985,797,3188
"94209",3510,702,2808
"94210",4845,969,3876
"94211",4680,936,3744
"94212",3760,752,3008
"94213",4635,927,3708
"94214",4215,843,3372
"94215",4180,836,3344
"94216",4610,922,3688
"94217",4745,949,3796
"94218",3580,716,2864
"94219",7785,1557,6228
"94220",3805,761,3044
"94221",5060,1012,4048
"94222",4755,951,3804
"94223",4260,852,3408
"94224",3790,758,3032
"94225",4585,917,3668
"94226",3660,732,2928
"94227",3780,756,3024
"94228",4830,966,3864
"94229",3645,729,2916
"94230",5575,1115,4460
"94231",4140,828,3312
"94232",4295,859,3436
"94233",3990,798,3192
"94234",3805,761,3044
"94235",5175,1035,4140
"94236",4705,941,3764
"94237",4180,836,3344
"94238",5000,1000,4000
"94239",4715,943,3772
"94240",5225,1045,4180
"94241",5370,1074,4296
"94242",5465,1093,4372
"94243",4470,894,3576
"94244",3785,757,3028
"94245",5595,1119,4476
"94246",5260,1052,4208
"94247",4770,954,3816
"94248",6870,1374,5496
"94249",4760,952,3808
"94250",4840,968,3872
"94251",5895,1179,4716
"94252",5085,1017,4068
"94253",4460,892,3568
"94254",5035,1007,4028
"94255",4130,826,3304
"94256",3815,763,3052
"94257",3685,737,2948
"94258",3445,689,2756
"94259",4705,941,3764
"94260",3995,799,3196
"94261",4205,841,3364
"94262",3115,623,2492
"94263",3795,759,3036
"94264",6375,1275,5100
"94265",6195,1239,4956
"94266",4695,939,3756
"94267",4585,917,3668
"94268",4385,877,3508
"94269",4220,844,3376
"94270",4940,988,3952
"94271",4410,882,3528
"94272",4565,913,3652
"94273",4750,950,3800
"94274",4855,971,3884
"94275",4385,877,3508
"94276",6380,1276,5104
"94277",4115,823,3292
"94278",3820,764,3056
"94279",4920,984,3936
"94280",4190,838,3352
"94281",3700,740,2960
"94282",3545,709,2836
"94283",5265,1053,4212
"94284",6845,1369,5476
"94285",4385,877,3508
"94286",4445,889,3556
"94287",4575,915,3660
"94288",5010,1002,4008
"94289",5180,1036,4144
"94290",3955,791,3164
"94291",4305,861,3444
"94292",4695,939,3756
"94293",7530,1506,6024
"94294",3635,727,2908
"94295",5585,1117,4468
"94296",4985,997,3988
"94297",5005,1001,4004
"94298",4610,922,3688
"94299",3455,691,2764
"94300",5730,1146,4584
"94301",5475,1095,4380
"94302",6505,1301,5204
"94303",4140,828,3312
"94304",4895,979,3916
"94305",3660,732,2928
"94306",4320,864,3456
"94307",3605,721,2884
"94308",4955,991,3964
"94309",4275,855,3420
"94310",5020,1004,4016
"94311",4580,916,3664
"94312",4540,908,3632
"94313",5315,1063,4252
"94314",4135,827,3308
"94315",4650,930,3720
"94316",6480,1296,5184
"94317",5565,1113,4452
"94318",4080,816,3264
"94319",5970,1194,4776
"94320",6685,1337,5348
"94321",4515,903,3612
"94322",3955,791,3164
"94323",4245,849,3396
"94324",4400,880,3520
"94325",4370,874,3496
"94326",4100,820,3280
"94327",4345,869,3476
"94328",4480,896,3584
"94329",4055,811,3244
"94330",4690,938,3752
"94331",6335,1267,5068
"94332",4715,943,3772
"94333",5780,1156,4624
"94334",5565,1113,4452
"94335",4450,890,3560
"94336",3515,703,2812
"94337",4040,808,3232
"94338",6470,1294,5176
"94339",4110,822,3288
"94340",4785,957,3828
"94341",6255,1251,5004
"94342",5630,1126,4504
"94343",6090,1218,4872
"94344",4055,811,3244
"94345",4740,948,3792
"94346",4255,851,3404
"94347",3885,777,3108
"94348",4265,853,3412
"94349",5560,1112,4448
"94350",4190,838,3352
"94351",4175,835,3340
"94352",4340,868,3472
"94353",4855,971,3884
"94354",5150,1030,4120
"94355",3690,738,2952
"94356",3790,758,3032
"94357",4300,860,3440
"94358",5235,1047,4188
"94359",4235,847,3388
"94360",3990,798,3192
"94361",4835,967,3868
"94362",5360,1072,4288
"94363",4750,950,3800
"94364",4045,809,3236
"94365",5350,1070,4280
"94366",5795,1159,4636
"94367",4655,931,3724
"94368",4435,887,3548
"94369",4195,839,3356
"94370",3865,773,3092
"94371",5805,1161,4644
"94372",5235,1047,4188
"94373",5450,1090,4360
"94374",4670,934,3736
"94375",3550,710,2840
"94376",4755,951,3804
"94377",4640,928,3712
"94378",5335,1067,4268
"94379",5525,1105,4420
"94380",4290,858,3432
"94381",3750,750,3000
"94382",4725,945,3780
"94383",4605,921,3684
"94384",6315,1263,5052
"94385",4820,964,3856
"94386",6080,1216,4864
"94387",4665,933,3732
"94388",3805,761,3044
"94389",4410,882,3528
"94390",4335,867,3468
"94391",5125,1025,4100
"94392",5775,1155,4620
"94393",4905,981,3924
"94394",4090,818,3272
"94395",4010,802,3208
"94396",5865,1173,4692
"94397",6095,1219,4876
"94398",4580,916,3664
"94399",5495,1099,4396
"94400",4595,919,3676
"94401",4965,993,3972
"94402",4650,930,3720
"94403",3910,782,3128
"94404",6310,1262,5048
"94405",5515,1103,4412
"94406",4655,931,3724
"94407",3805,761,3044
"94408",6675,1335,5340
"94409",5550,1110,4440
"94410",4720,944,3776
"94411",4960,992,3968
"94412",4525,905,3620
"94413",4960,992,3968
"94414",4120,824,3296
"94415",3695,739,2956
"94416",3935,787,3148
"94417",4695,939,3756
"94418",4315,863,3452
"94419",3675,735,2940
"94420",7075,1415,5660
"94421",4050,810,3240
"94422",4975,995,3980
"94423",4940,988,3952
"94424",4535,907,3628
"94425",5090,1018,4072
"94426",5220,1044,4176
"94427",3715,743,2972
"94428",3890,778,3112
"94429",5670,1134,4536
"94430",4020,804,3216
"94431",4125,825,3300
"94432",4105,821,3284
"94433",4615,923,3692
"94434",4150,830,3320
"94435",3620,724,2896
"94436",4390,878,3512
"94437",4560,912,3648
"94438",4785,957,3828
"94439",6805,1361,5444
"94440",3670,734,2936
"94441",3855,771,3084
"94442",3880,776,3104
"94443",6175,1235,4940
"94444",4915,983,3932
"94445",5250,1050,4200
"94446",4195,839,3356
"94447",4295,859,3436
"94448",3865,773,3092
"94449",4960,992,3968
"94450",4375,875,3500
"94451",5505,1101,4404
"94452",3715,743,2972
"94453",4485,897,3588
"94454",5005,1001,4004
"94455",4450,890,3560
"94456",4270,854,3416
"94457",5795,1159,4636
"94458",5950,1190,4760
"94459",5245,1049,4196
"94460",4815,963,3852
"94461",5385,1077,4308
"94462",7805,1561,6244
"94463",3940,788,3152
"94464",5255,1051,4204
"94465",4215,843,3372
"94466",4390,878,3512
"94467",4090,818,3272
"94468",3980,796,3184
"94469",4195,839,3356
"94470",5835,1167,4668
"94471",4335,867,3468
"94472",4020,804,3216
"94473",3790,758,3032
"94474",3660,732,2928
"94475",4395,879,3516
"94476",4405,881,3524
"94477",4815,963,3852
"94478",4220,844,3376
"94479",3620,724,2896
"94480",5380,1076,4304
"94481",7315,1463,5852
"94482",4595,919,3676
"94483",4660,932,3728
"94484",5370,1074,4296
"94485",5275,1055,4220
"94486",4470,894,3576
"94487",4680,936,3744
"94488",3915,783,3132
"94489",3605,721,2884
"94490",4780,956,3824
"94491",3440,688,2752
"94492",4970,994,3976
"94493",3390,678,2712
"94494",3660,732,2928
"94495",4630,926,3704
"94496",4740,948,3792
"94497",6490,1298,5192
"94498",3950,790,3160
"94499",3670,734,2936
"94500",4350,870,3480
"94501",6100,1220,4880
"94502",5015,1003,4012
"94503",4840,968,3872
"94504",4130,826,3304
"94505",6730,1346,5384
"94506",4235,847,3388
"94507",4060,812,3248
"94508",3580,716,2864
"94509",3990,798,3192
"94510",4815,963,3852
"94511",4935,987,3948
"94512",4715,943,3772
"94513",4105,821,3284
"94514",4225,845,3380
"94515",4655,931,3724
"94516",4385,877,3508
"94517",4705,941,3764
"94518",4175,835,3340
"94519",5210,1042,4168
"94520",4545,909,3636
"94521",4230,846,3384
"94522",5345,1069,4276
"94523",5565,1113,4452
"94524",4240,848,3392
"94525",4560,912,3648
"94526",4705,941,3764
"94527",4310,862,3448
"94528",4020,804,3216
"94529",3630,726,2904
"94530",5790,1158,4632
"94531",4835,967,3868
"94532",4770,954,3816
"94533",3550,710,2840
"94534",6760,1352,5408
"94535",3630,726,2904
"94536",5915,1183,4732
"94537",4300,860,3440
"94538",4210,842,3368
"94539",4090,818,3272
"94540",5070,1014,4056
"94541",4955,991,3964
"94542",5380,1076,4304
"94543",5150,1030,4120
"94544",5730,1146,4584
"94545",4255,851,3404
"94546",4390,878,3512
"94547",4745,949,3796
"94548",6955,1391,5564
"94549",4485,897,3588
"94550",4225,845,3380
"94551",4110,822,3288
"94552",3865,773,3092
"94553",4795,959,3836
"94554",4860,972,3888
"94555",4645,929,3716
"94556",4505,901,3604
"94557",5900,1180,4720
"94558",3545,709,2836
"94559",4095,819,3276
"94560",5465,1093,4372
"94561",3545,709,2836
"94562",4820,964,3856
"94563",3955,791,3164
"94564",3985,797,3188
"94565",5010,1002,4008
"94566",4925,985,3940
"94567",4315,863,3452
"94568",4845,969,3876
"94569",3735,747,2988
"94570",4310,862,3448
"94571",4455,891,3564
"94572",7700,1540,6160
"94573",8750,1750,7000
"94574",5110,1022,4088
"94575",3755,751,3004
"94576",4535,907,3628
"94577",4690,938,3752
"94578",4340,868,3472
"94579",4410,882,3528
"94580",4255,851,3404
"94581",5835,1167,4668
"94582",5665,1133,4532
"94583",4220,844,3376
"94584",4680,936,3744
"94585",4310,862,3448
"94586",4335,867,3468
"94587",6230,1246,4984
"94588",3715,743,2972
"94589",6435,1287,5148
"94590",4305,861,3444
"94591",4290,858,3432
"94592",4225,845,3380
"94593",5420,1084,4336
"94594",7150,1430,5720
"94595",4535,907,3628
"94596",4175,835,3340
"94597",5820,1164,4656
"94598",4620,924,3696
"94599",3965,793,3172
"94600",5555,1111,4444
"94601",4990,998,3992
"94602",4370,874,3496
"94603",4825,965,3860
"94604",4945,989,3956
"94605",6380,1276,5104
"94606",3990,798,3192
"94607",5655,1131,4524
"94608",4935,987,3948
"94609",5025,1005,4020
"94610",3165,633,2532
"94611",6020,1204,4816
"94612",5790,1158,4632
"94613",3995,799,3196
"94614",4375,875,3500
"94615",4740,948,3792
"94616",4235,847,3388
"94617",5090,1018,4072
"94618",5220,1044,4176
"94619",3650,730,2920
"94620",4685,937,3748
"94621",5035,1007,4028
"94622",4345,869,3476
"94623",3510,702,2808
"94624",5985,1197,4788
"94625",4955,991,3964
"94626",4655,931,3724
"94627",3835,767,3068
"94628",4570,914,3656
"94629",3770,754,3016
"94630",5420,1084,4336
"94631",6720,1344,5376
"94632",6060,1212,4848
"94633",4615,923,3692
"94634",4240,848,3392
"94635",4825,965,3860
"94636",4735,947,3788
"94637",4710,942,3768
"94638",4330,866,3464
"94639",4660,932,3728
"94640",4210,842,3368
"94641",4870,974,3896
"94642",4685,937,3748
"94643",4515,903,3612
"94644",4900,980,3920
"94645",4460,892,3568
"94646",4785,957,3828
"94647",3845,769,3076
"94648",5285,1057,4228
"94649",6880,1376,5504
"94650",4185,837,3348
"94651",4430,886,3544
"94652",4195,839,3356
"94653",5640,1128,4512
"94654",4175,835,3340
"94655",7285,1457,5828
"94656",6180,1236,4944
"94657",4860,972,3888
"94658",4340,868,3472
"94659",4700,940,3760
"94660",5310,1062,4248
"94661",4280,856,3424
"94662",4450,890,3560
"94663",4035,807,3228
"94664",4965,993,3972
"94665",6160,1232,4928
"94666",5095,1019,4076
"94667",4520,904,3616
"94668",4430,886,3544
"94669",3515,703,2812
"94670",5365,1073,4292
"94671",3830,766,3064
"94672",5275,1055,4220
"94673",3815,763,3052
"94674",3920,784,3136
"94675",3650,730,2920
"94676",4490,898,3592
"94677",4740,948,3792
"94678",5850,1170,4680
"94679",4740,948,3792
"94680",3625,725,2900
"94681",5055,1011,4044
"94682",4040,808,3232
"94683",3930,786,3144
"94684",7560,1512,6048
"94685",4435,887,3548
"94686",4175,835,3340
"94687",7690,1538,6152
"94688",4425,885,3540
"94689",4585,917,3668
"94690",5190,1038,4152
"94691",4905,981,3924
"94692",4370,874,3496
"94693",3975,795,3180
"94694",4620,924,3696
"94695",4020,804,3216
"94696",4175,835,3340
"94697",3635,727,2908
"94698",3955,791,3164
"94699",4700,940,3760
"94700",3645,729,2916
"94701",5120,1024,4096
"94702",5260,1052,4208
"94703",4425,885,3540
"94704",4950,990,3960
"94705",5985,1197,4788
"94706",5250,1050,4200
"94707",4665,933,3732
"94708",3955,791,3164
"94709",5410,1082,4328
"94710",5220,1044,4176
"94711",3905,781,3124
"94712",5355,1071,4284
"94713",5375,1075,4300
"94714",3615,723,2892
"94715",4390,878,3512
"94716",5910,1182,4728
"94717",3475,695,2780
"94718",3685,737,2948
"94719",5040,1008,4032
"94720",3860,772,3088
"94721",3725,745,2980
"94722",4170,834,3336
"94723",4280,856,3424
"94724",7870,1574,6296
"94725",4075,815,3260
"94726",3845,769,3076
"94727",4005,801,3204
"94728",4095,819,3276
"94729",4040,808,3232
"94730",4690,938,3752
"94731",3610,722,2888
"94732",4660,932,3728
"94733",4770,954,3816
"94734",4425,885,3540
"94735",3925,785,3140
"94736",4245,849,3396
"94737",4890,978,3912
"94738",4475,895,3580
"94739",4825,965,3860
"94740",6110,1222,4888
"94741",3470,694,2776
"94742",5010,1002,4008
"94743",3970,794,3176
"94744",7300,1460,5840
"94745",6195,1239,4956
"94746",4015,803,3212
"94747",5890,1178,4712
"94748",4340,868,3472
"94749",6715,1343,5372
"94750",3920,784,3136
"94751",5505,1101,4404
"94752",4965,993,3972
"94753",4415,883,3532
"94754",6605,1321,5284
"94755",3580,716,2864
"94756",3710,742,2968
"94757",6605,1321,5284
"94758",4445,889,3556
"94759",4480,896,3584
"94760",3750,750,3000
"94761",3880,776,3104
"94762",4005,801,3204
"94763",4190,838,3352
"94764",4365,873,3492
"94765",4550,910,3640
"94766",4500,900,3600
"94767",4650,930,3720
"94768",3605,721,2884
"94769",4050,810,3240
"94770",5470,1094,4376
"94771",6605,1321,5284
"94772",4490,898,3592
"94773",7905,1581,6324
"94774",5010,1002,4008
"94775",4575,915,3660
"94776",4780,956,3824
"94777",3855,771,3084
"94778",4550,910,3640
"94779",3870,774,3096
"94780",3825,765,3060
"94781",4215,843,3372
"94782",5315,1063,4252
"94783",4320,864,3456
"94784",5265,1053,4212
"94785",3990,798,3192
"94786",5060,1012,4048
"94787",4510,902,3608
"94788",3865,773,3092
"94789",4580,916,3664
"94790",4370,874,3496
"94791",4820,964,3856
"94792",5300,1060,4240
"94793",4725,945,3780
"94794",4400,880,3520
"94795",4105,821,3284
"94796",5820,1164,4656
"94797",6300,1260,5040
"94798",4090,818,3272
"94799",5985,1197,4788
"94800",4270,854,3416
"94801",5170,1034,4136
"94802",4575,915,3660
"94803",3615,723,2892
"94804",4480,896,3584
"94805",5135,1027,4108
"94806",3980,796,3184
"94807",5070,1014,4056
"94808",5410,1082,4328
"94809",4530,906,3624
"94810",4160,832,3328
"94811",4660,932,3728
"94812",4785,957,3828
"94813",3595,719,2876
"94814",4715,943,3772
"94815",4205,841,3364
"94816",4890,978,3912
"94817",3435,687,2748
"94818",5115,1023,4092
"94819",5000,1000,4000
"94820",4825,965,3860
"94821",5545,1109,4436
"94822",7245,1449,5796
"94823",5145,1029,4116
"94824",4020,804,3216
"94825",4160,832,3328
"94826",6315,1263,5052
"94827",5305,1061,4244
"94828",5850,1170,4680
"94829",4050,810,3240
"94830",5390,1078,4312
"94831",4900,980,3920
"94832",5190,1038,4152
"94833",4230,846,3384
"94834",4145,829,3316
"94835",4840,968,3872
"94836",4600,920,3680
"94837",4135,827,3308
"94838",4275,855,3420
"94839",3970,794,3176
"94840",4805,961,3844
"94841",4605,921,3684
"94842",4025,805,3220
"94843",4745,949,3796
"94844",4520,904,3616
"94845",5060,1012,4048
"94846",5775,1155,4620
"94847",3630,726,2904
"94848",3705,741,2964
"94849",4540,908,3632
"94850",4005,801,3204
"94851",4660,932,3728
"94852",5335,1067,4268
"94853",3775,755,3020
"94854",4540,908,3632
"94855",4080,816,3264
"94856",5545,1109,4436
"94857",4605,921,3684
"94858",4430,886,3544
"94859",3210,642,2568
"94860",3605,721,2884
"94861",4395,879,3516
"94862",6455,1291,5164
"94863",3700,740,2960
"94864",6215,1243,4972
"94865",3955,791,3164
"94866",4175,835,3340
"94867",4290,858,3432
"94868",3670,734,2936
"94869",4360,872,3488
"94870",3970,794,3176
"94871",3855,771,3084
"94872",4220,844,3376
"94873",4715,943,3772
"94874",5190,1038,4152
"94875",5025,1005,4020
"94876",6755,1351,5404
"94877",3875,775,3100
"94878",5555,1111,4444
"94879",3835,767,3068
"94880",5015,1003,4012
"94881",6075,1215,4860
"94882",4760,952,3808
"94883",4380,876,3504
"94884",5540,1108,4432
"94885",3795,759,3036
"94886",5575,1115,4460
"94887",4680,936,3744
"94888",5425,1085,4340
"94889",5130,1026,4104
"94890",5270,1054,4216
"94891",5630,1126,4504
"94892",4585,917,3668
"94893",5300,1060,4240
"94894",4130,826,3304
"94895",4250,850,3400
"94896",5460,1092,4368
"94897",5420,1084,4336
"94898",4525,905,3620
"94899",3745,749,2996
"94900",6310,1262,5048
"94901",4425,885,3540
"94902",4845,969,3876
"94903",4730,946,3784
"94904",4510,902,3608
"94905",6955,1391,5564
"94906",5630,1126,4504
"94907",3875,775,3100
"94908",3845,769,3076
"94909",4225,845,3380
"94910",4435,887,3548
"94911",5945,1189,4756
"94912",5690,1138,4552
"94913",3585,717,2868
"94914",4510,902,3608
"94915",4570,914,3656
"94916",6300,1260,5040
"94917",5800,1160,4640
"94918",4660,932,3728
"94919",4720,944,3776
"94920",3855,771,3084
"94921",5510,1102,4408
"94922",4305,861,3444
"94923",5720,1144,4576
"94924",3820,764,3056
"94925",4475,895,3580
"94926",3705,741,2964
"94927",4635,927,3708
"94928",8190,1638,6552
"94929",6965,1393,5572
"94930",3805,761,3044
"94931",4680,936,3744
"94932",4585,917,3668
"94933",3510,702,2808
"94934",4235,847,3388
"94935",5500,1100,4400
"94936",4450,890,3560
"94937",4400,880,3520
"94938",6580,1316,5264
"94939",5305,1061,4244
"94940",4400,880,3520
"94941",4830,966,3864
"94942",3415,683,2732
"94943",5215,1043,4172
"94944",4360,872,3488
"94945",3940,788,3152
"94946",5900,1180,4720
"94947",5560,1112,4448
"94948",6225,1245,4980
"94949",4560,912,3648
"94950",5170,1034,4136
"94951",5080,1016,4064
"94952",4345,869,3476
"94953",4695,939,3756
"94954",3495,699,2796
"94955",5145,1029,4116
"94956",6435,1287,5148
"94957",4555,911,3644
"94958",4730,946,3784
"94959",4050,810,3240
"94960",4735,947,3788
"94961",5525,1105,4420
"94962",4890,978,3912
"94963",3540,708,2832
"94964",5180,1036,4144
"94965",4675,935,3740
"94966",7515,1503,6012
"94967",4260,852,3408
"94968",4260,852,3408
"94969",4610,922,3688
"94970",5580,1116,4464
"94971",4370,874,3496
"94972",4930,986,3944
"94973",6155,1231,4924
"94974",5055,1011,4044
"94975",4805,961,3844
"94976",5230,1046,4184
"94977",5875,1175,4700
"94978",4445,889,3556
"94979",4390,878,3512
"94980",4465,893,3572
"94981",5955,1191,4764
"94982",5160,1032,4128
"94983",5945,1189,4756
"94984",3755,751,3004
"94985",4475,895,3580
"94986",4410,882,3528
"94987",4895,979,3916
"94988",4660,932,3728
"94989",4765,953,3812
"94990",6030,1206,4824
"94991",4710,942,3768
"94992",3505,701,2804
"94993",4000,800,3200
"94994",4205,841,3364
"94995",6155,1231,4924
"94996",3600,720,2880
"94997",6765,1353,5412
"94998",4200,840,3360
"94999",5145,1029,4116
"95000",3475,695,2780
"95001",4955,991,3964
"95002",6990,1398,5592
"95003",3265,653,2612
"95004",7140,1428,5712
"95005",4295,859,3436
"95006",3910,782,3128
"95007",4605,921,3684
"95008",4450,890,3560
"95009",4125,825,3300
"95010",5220,1044,4176
"95011",3935,787,3148
"95012",5175,1035,4140
"95013",3720,744,2976
"95014",4070,814,3256
"95015",4610,922,3688
"95016",5230,1046,4184
"95017",5755,1151,4604
"95018",5925,1185,4740
"95019",4260,852,3408
"95020",3990,798,3192
"95021",6025,1205,4820
"95022",4475,895,3580
"95023",7120,1424,5696
"95024",6155,1231,4924
"95025",4465,893,3572
"95026",3990,798,3192
"95027",4705,941,3764
"95028",5835,1167,4668
"95029",5280,1056,4224
"95030",4120,824,3296
"95031",4205,841,3364
"95032",5760,1152,4608
"95033",3685,737,2948
"95034",4515,903,3612
"95035",5005,1001,4004
"95036",4640,928,3712
"95037",4290,858,3432
"95038",6345,1269,5076
"95039",3910,782,3128
"95040",4255,851,3404
"95041",7120,1424,5696
"95042",5885,1177,4708
"95043",4310,862,3448
"95044",5070,1014,4056
"95045",6930,1386,5544
"95046",3750,750,3000
"95047",5690,1138,4552
"95048",5070,1014,4056
"95049",4115,823,3292
"95050",4140,828,3312
"95051",5165,1033,4132
"95052",4220,844,3376
"95053",4675,935,3740
"95054",4570,914,3656
"95055",4370,874,3496
"95056",5760,1152,4608
"95057",5410,1082,4328
"95058",4110,822,3288
"95059",3725,745,2980
"95060",4265,853,3412
"95061",4625,925,3700
"95062",4580,916,3664
"95063",3925,785,3140
"95064",4445,889,3556
"95065",4485,897,3588
"95066",5740,1148,4592
"95067",4770,954,3816
"95068",5675,1135,4540
"95069",4750,950,3800
"95070",4305,861,3444
"95071",4330,866,3464
"95072",4395,879,3516
"95073",4615,923,3692
"95074",5865,1173,4692
"95075",3720,744,2976
"95076",6670,1334,5336
"95077",4750,950,3800
"95078",4500,900,3600
"95079",4465,893,3572
"95080",4345,869,3476
"95081",5180,1036,4144
"95082",4275,855,3420
"95083",3980,796,3184
"95084",4275,855,3420
"95085",5520,1104,4416
"95086",5295,1059,4236
"95087",3910,782,3128
"95088",3710,742,2968
"95089",6025,1205,4820
"95090",4280,856,3424
"95091",4600,920,3680
"95092",4755,951,3804
"95093",3715,743,2972
"95094",4255,851,3404
"95095",5655,1131,4524
"95096",5115,1023,4092
"95097",3750,750,3000
"95098",8235,1647,6588
"95099",5345,1069,4276
"95100",4720,944,3776
"95101",3755,751,3004
"95102",4545,909,3636
"95103",4495,899,3596
"95104",4185,837,3348
"95105",5210,1042,4168
"95106",4755,951,3804
"95107",4235,847,3388
"95108",3950,790,3160
"95109",4095,819,3276
"95110",4150,830,3320
"95111",4260,852,3408
"95112",5235,1047,4188
"95113",5305,1061,4244
"95114",4295,859,3436
"95115",6355,1271,5084
"95116",5260,1052,4208
"95117",4155,831,3324
"95118",4515,903,3612
"95119",4220,844,3376
"95120",5460,1092,4368
"95121",4020,804,3216
"95122",4115,823,3292
"95123",5565,1113,4452
"95124",3630,726,2904
"95125",3595,719,2876
"95126",4765,953,3812
"95127",4950,990,3960
"95128",3785,757,3028
"95129",5095,1019,4076
"95130",4525,905,3620
"95131",4605,921,3684
"95132",4595,919,3676
"95133",5490,1098,4392
"95134",3435,687,2748
"95135",5500,1100,4400
"95136",5045,1009,4036
"95137",4615,923,3692
"95138",4390,878,3512
"95139",5370,1074,4296
"95140",4680,936,3744
"95141",3395,679,2716
"95142",3515,703,2812
"95143",3785,757,3028
"95144",5675,1135,4540
"95145",5165,1033,4132
"95146",3845,769,3076
"95147",5630,1126,4504
"95148",4975,995,3980
"95149",5045,1009,4036
"95150",6020,1204,4816
"95151",3875,775,3100
"95152",7080,1416,5664
"95153",4530,906,3624
"95154",3585,717,2868
"95155",5570,1114,4456
"95156",5330,1066,4264
"95157",6405,1281,5124
"95158",3985,797,3188
"95159",3495,699,2796
"95160",3495,699,2796
"95161",4410,882,3528
"95162",4660,932,3728
"95163",4880,976,3904
"95164",5135,1027,4108
"95165",5490,1098,4392
"95166",5330,1066,4264
"95167",5310,1062,4248
"95168",4865,973,3892
"95169",4110,822,3288
"95170",4625,925,3700
"95171",5890,1178,4712
"95172",6220,1244,4976
"95173",7335,1467,5868
"95174",4540,908,3632
"95175",4495,899,3596
"95176",5440,1088,4352
"95177",4470,894,3576
"95178",4535,907,3628
"95179",5095,1019,4076
"95180",5830,1166,4664
"95181",4930,986,3944
"95182",4405,881,3524
"95183",4735,947,3788
"95184",3665,733,2932
"95185",4340,868,3472
"95186",5140,1028,4112
"95187",4735,947,3788
"95188",5945,1189,4756
"95189",4435,887,3548
"95190",6520,1304,5216
"95191",3835,767,3068
"95192",5495,1099,4396
"95193",5650,1130,4520
"95194",4530,906,3624
"95195",3990,798,3192
"95196",4590,918,3672
"95197",4820,964,3856
"95198",5535,1107,4428
"95199",4325,865,3460
"95200",4135,827,3308
"95201",4895,979,3916
"95202",5830,1166,4664
"95203",4965,993,3972
"95204",3985,797,3188
"95205",3960,792,3168
"95206",4550,910,3640
"95207",4445,889,3556
"95208",4020,804,3216
"95209",4120,824,3296
"95210",3890,778,3112
"95211",3655,731,2924
"95212",4330,866,3464
"95213",4395,879,3516
"95214",4970,994,3976
"95215",4145,829,3316
"95216",4250,850,3400
"95217",5360,1072,4288
"95218",4425,885,3540
"95219",5565,1113,4452
"95220",4105,821,3284
"95221",3980,796,3184
"95222",4000,800,3200
"95223",4595,919,3676
"95224",4075,815,3260
"95225",4970,994,3976
"95226",5745,1149,4596
"95227",5465,1093,4372
"95228",4445,889,3556
"95229",3605,721,2884
"95230",5005,1001,4004
"95231",3695,739,2956
"95232",5905,1181,4724
"95233",3720,744,2976
"95234",4495,899,3596
"95235",4510,902,3608
"95236",4520,904,3616
"95237",5405,1081,4324
"95238",5280,1056,4224
"95239",5460,1092,4368
"95240",5075,1015,4060
"95241",3910,782,3128
"95242",7505,1501,6004
"95243",4195,839,3356
"95244",4660,932,3728
"95245",5205,1041,4164
"95246",4280,856,3424
"95247",3875,775,3100
"95248",4405,881,3524
"95249",4100,820,3280
"95250",3790,758,3032
"95251",4225,845,3380
"95252",4905,981,3924
"95253",3735,747,2988
"95254",4910,982,3928
"95255",5320,1064,4256
"95256",4290,858,3432
"95257",5280,1056,4224
"95258",5590,1118,4472
"95259",4880,976,3904
"95260",3875,775,3100
"95261",4975,995,3980
"95262",3425,685,2740
"95263",5305,1061,4244
"95264",5300,1060,4240
"95265",3895,779,3116
"95266",5930,1186,4744
"95267",4950,990,3960
"95268",4270,854,3416
"95269",3850,770,3080
"95270",3970,794,3176
"95271",4100,820,3280
"95272",5830,1166,4664
"95273",5245,1049,4196
"95274",3760,752,3008
"95275",4550,910,3640
"95276",3775,755,3020
"95277",5465,1093,4372
"95278",4695,939,3756
"95279",5600,1120,4480
"95280",4475,895,3580
"95281",4840,968,3872
"95282",5565,1113,4452
"95283",4960,992,3968
"95284",4300,860,3440
"95285",4765,953,3812
"95286",6015,1203,4812
"95287",5745,1149,4596
"95288",4010,802,3208
"95289",5830,1166,4664
"95290",4530,906,3624
"95291",4505,901,3604
"95292",5100,1020,4080
"95293",3830,766,3064
"95294",5305,1061,4244
"95295",4460,892,3568
"95296",5365,1073,4292
"95297",4730,946,3784
"95298",4795,959,3836
"95299",6845,1369,5476
"95300",5095,1019,4076
"95301",4910,982,3928
"95302",4370,874,3496
"95303",4180,836,3344
"95304",6145,1229,4916
"95305",5570,1114,4456
"95306",6280,1256,5024
"95307",4180,836,3344
"95308",3920,784,3136
"95309",4940,988,3952
"95310",5045,1009,4036
"95311",4840,968,3872
"95312",5185,1037,4148
"95313",6695,1339,5356
"95314",4095,819,3276
"95315",5250,1050,4200
"95316",5855,1171,4684
"95317",5545,1109,4436
"95318",4840,968,3872
"95319",5010,1002,4008
"95320",4455,891,3564
"95321",5280,1056,4224
"95322",5540,1108,4432
"95323",5480,1096,4384
"95324",3985,797,3188
"95325",4885,977,3908
"95326",4450,890,3560
"95327",4200,840,3360
"95328",6365,1273,5092
"95329",4120,824,3296
"95330",4925,985,3940
"95331",6080,1216,4864
"95332",3805,761,3044
"95333",4315,863,3452
"95334",4290,858,3432
"95335",5450,1090,4360
"95336",4825,965,3860
"95337",4520,904,3616
"95338",4670,934,3736
"95339",3555,711,2844
"95340",4150,830,3320
"95341",5125,1025,4100
"95342",4770,954,3816
"95343",4055,811,3244
"95344",4520,904,3616
"95345",4250,850,3400
"95346",4245,849,3396
"95347",4100,820,3280
"95348",5515,1103,4412
"95349",5150,1030,4120
"95350",4145,829,3316
"95351",3895,779,3116
"95352",5770,1154,4616
"95353",4195,839,3356
"95354",5005,1001,4004
"95355",5500,1100,4400
"95356",4960,992,3968
"95357",4055,811,3244
"95358",4620,924,3696
"95359",3680,736,2944
"95360",4345,869,3476
"95361",4055,811,3244
"95362",5550,1110,4440
"95363",3855,771,3084
"95364",3925,785,3140
"95365",4915,983,3932
"95366",4540,908,3632
"95367",5540,1108,4432
"95368",4170,834,3336
"95369",3780,756,3024
"95370",4735,947,3788
"95371",4445,889,3556
"95372",3960,792,3168
"95373",5415,1083,4332
"95374",3830,766,3064
"95375",3935,787,3148
"95376",4335,867,3468
"95377",4060,812,3248
"95378",4105,821,3284
"95379",6495,1299,5196
"95380",4420,884,3536
"95381",5225,1045,4180
"95382",4585,917,3668
"95383",4705,941,3764
"95384",4565,913,3652
"95385",3605,721,2884
"95386",4300,860,3440
"95387",4305,861,3444
"95388",3950,790,3160
"95389",5165,1033,4132
"95390",4450,890,3560
"95391",4690,938,3752
"95392",4170,834,3336
"95393",4100,820,3280
"95394",5050,1010,4040
"95395",4090,818,3272
"95396",5415,1083,4332
"95397",5045,1009,4036
"95398",4950,990,3960
"95399",4880,976,3904
"95400",5555,1111,4444
"95401",3875,775,3100
"95402",4390,878,3512
"95403",5195,1039,4156
"95404",4395,879,3516
"95405",5655,1131,4524
"95406",5085,1017,4068
"95407",4410,882,3528
"95408",4850,970,3880
"95409",4670,934,3736
"95410",4705,941,3764
"95411",5185,1037,4148
"95412",4375,875,3500
"95413",4575,915,3660
"95414",5475,1095,4380
"95415",3990,798,3192
"95416",5505,1101,4404
"95417",3750,750,3000
"95418",5005,1001,4004
"95419",4085,817,3268
"95420",3665,733,2932
"95421",4210,842,3368
"95422",3450,690,2760
"95423",6045,1209,4836
"95424",5170,1034,4136
"95425",4055,811,3244
"95426",5295,1059,4236
"95427",5175,1035,4140
"95428",4735,947,3788
"95429",5500,1100,4400
"95430",3575,715,2860
"95431",3930,786,3144
"95432",5935,1187,4748
"95433",5905,1181,4724
"95434",3890,778,3112
"95435",6720,1344,5376
"95436",5310,1062,4248
"95437",4115,823,3292
"95438",4670,934,3736
"95439",4555,911,3644
"95440",4025,805,3220
"95441",4335,867,3468
"95442",4690,938,3752
"95443",4250,850,3400
"95444",5345,1069,4276
"95445",3805,761,3044
"95446",5010,1002,4008
"95447",4605,921,3684
"95448",4655,931,3724
"95449",3745,749,2996
"95450",4515,903,3612
"95451",4300,860,3440
"95452",5250,1050,4200
"95453",6230,1246,4984
"95454",5115,1023,4092
"95455",5885,1177,4708
"95456",3995,799,3196
"95457",8735,1747,6988
"95458",4490,898,3592
"95459",4105,821,3284
"95460",5445,1089,4356
"95461",5830,1166,4664
"95462",5240,1048,4192
"95463",4195,839,3356
"95464",4130,826,3304
"95465",4055,811,3244
"95466",4650,930,3720
"95467",4035,807,3228
"95468",5845,1169,4676
"95469",5110,1022,4088
"95470",3360,672,2688
"95471",5415,1083,4332
"95472",3575,715,2860
"95473",3415,683,2732
"95474",6430,1286,5144
"95475",4210,842,3368
"95476",3915,783,3132
"95477",3520,704,2816
"95478",4200,840,3360
"95479",4225,845,3380
"95480",4345,869,3476
"95481",6030,1206,4824
"95482",6565,1313,5252
"95483",4185,837,3348
"95484",3970,794,3176
"95485",4170,834,3336
"95486",5535,1107,4428
"95487",4220,844,3376
"95488",5910,1182,4728
"95489",3675,735,2940
"95490",4030,806,3224
"95491",4725,945,3780
"95492",4765,953,3812
"95493",3870,774,3096
"95494",5465,1093,4372
"95495",3865,773,3092
"95496",5160,1032,4128
"95497",4900,980,3920
"95498",5365,1073,4292
"95499",5870,1174,4696
"95500",3045,609,2436
"95501",4910,982,3928
"95502",5545,1109,4436
"95503",4380,876,3504
"95504",4120,824,3296
"95505",5370,1074,4296
"95506",5980,1196,4784
"95507",5660,1132,4528
"95508",5040,1008,4032
"95509",4935,987,3948
"95510",4615,923,3692
"95511",4215,843,3372
"95512",4255,851,3404
"95513",4425,885,3540
"95514",5000,1000,4000
"95515",3880,776,3104
"95516",3775,755,3020
"95517",4510,902,3608
"95518",4010,802,3208
"95519",3845,769,3076
"95520",4615,923,3692
"95521",5975,1195,4780
"95522",4010,802,3208
"95523",4080,816,3264
"95524",3725,745,2980
"95525",4765,953,3812
"95526",4510,902,3608
"95527",3775,755,3020
"95528",3095,619,2476
"95529",4175,835,3340
"95530",4985,997,3988
"95531",6475,1295,5180
"95532",5695,1139,4556
"95533",4805,961,3844
"95534",5255,1051,4204
"95535",4730,946,3784
"95536",3570,714,2856
"95537",5635,1127,4508
"95538",4740,948,3792
"95539",4735,947,3788
"95540",6475,1295,5180
"95541",3860,772,3088
"95542",4530,906,3624
"95543",6315,1263,5052
"95544",5555,1111,4444
"95545",6725,1345,5380
"95546",5790,1158,4632
"95547",4255,851,3404
"95548",6305,1261,5044
"95549",5605,1121,4484
"95550",5225,1045,4180
"95551",4250,850,3400
"95552",4835,967,3868
"95553",4590,918,3672
"95554",4570,914,3656
"95555",5755,1151,4604
"95556",4850,970,3880
"95557",6945,1389,5556
"95558",4385,877,3508
"95559",4145,829,3316
"95560",5705,1141,4564
"95561",4495,899,3596
"95562",5460,1092,4368
"95563",3820,764,3056
"95564",4875,975,3900
"95565",5125,1025,4100
"95566",4125,825,3300
"95567",4800,960,3840
"95568",4985,997,3988
"95569",5210,1042,4168
"95570",4765,953,3812
"95571",3875,775,3100
"95572",4090,818,3272
"95573",5595,1119,4476
"95574",5310,1062,4248
"95575",5220,1044,4176
"95576",4690,938,3752
"95577",4950,990,3960
"95578",3925,785,3140
"95579",5995,1199,4796
"95580",7330,1466,5864
"95581",6490,1298,5192
"95582",5020,1004,4016
"95583",5245,1049,4196
"95584",4640,928,3712
"95585",4965,993,3972
"95586",5015,1003,4012
"95587",4365,873,3492
"95588",4825,965,3860
"95589",4615,923,3692
"95590",6055,1211,4844
"95591",4985,997,3988
"95592",4460,892,3568
"95593",4640,928,3712
"95594",5160,1032,4128
"95595",4655,931,3724
"95596",4925,985,3940
"95597",4530,906,3624
"95598",4785,957,3828
"95599",5340,1068,4272
"95600",4625,925,3700
"95601",5220,1044,4176
"95602",5450,1090,4360
"95603",3470,694,2776
"95604",4490,898,3592
"95605",3790,758,3032
"95606",3620,724,2896
"95607",3605,721,2884
"95608",5755,1151,4604
"95609",4415,883,3532
"95610",4285,857,3428
"95611",4365,873,3492
"95612",5365,1073,4292
"95613",3580,716,2864
"95614",5045,1009,4036
"95615",5865,1173,4692
"95616",3585,717,2868
"95617",4520,904,3616
"95618",3670,734,2936
"95619",3460,692,2768
"95620",3670,734,2936
"95621",5585,1117,4468
"95622",5100,1020,4080
"95623",4765,953,3812
"95624",4170,834,3336
"95625",5310,1062,4248
"95626",4490,898,3592
"95627",4750,950,3800
"95628",6015,1203,4812
"95629",4390,878,3512
"95630",5240,1048,4192
"95631",6145,1229,4916
"95632",4840,968,3872
"95633",4185,837,3348
"95634",5320,1064,4256
"95635",4030,806,3224
"95636",5740,1148,4592
"95637",3655,731,2924
"95638",4600,920,3680
"95639",4000,800,3200
"95640",4105,821,3284
"95641",4395,879,3516
"95642",3760,752,3008
"95643",4300,860,3440
"95644",4235,847,3388
"95645",3790,758,3032
"95646",5550,1110,4440
"95647",4560,912,3648
"95648",4520,904,3616
"95649",4365,873,3492
"95650",3855,771,3084
"95651",5230,1046,4184
"95652",5015,1003,4012
"95653",3570,714,2856
"95654",4230,846,3384
"95655",6115,1223,4892
"95656",4900,980,3920
"95657",4230,846,3384
"95658",4390,878,3512
"95659",5295,1059,4236
"95660",4440,888,3552
"95661",4405,881,3524
"95662",5380,1076,4304
"95663",4835,967,3868
"95664",4735,947,3788
"95665",3825,765,3060
"95666",4420,884,3536
"95667",4510,902,3608
"95668",6705,1341,5364
"95669",5400,1080,4320
"95670",4150,830,3320
"95671",4965,993,3972
"95672",5640,1128,4512
"95673",4385,877,3508
"95674",5140,1028,4112
"95675",5275,1055,4220
"95676",3955,791,3164
"95677",5555,1111,4444
"95678",4795,959,3836
"95679",4170,834,3336
"95680",4140,828,3312
"95681",4825,965,3860
"95682",4255,851,3404
"95683",5715,1143,4572
"95684",4150,830,3320
"95685",5615,1123,4492
"95686",4045,809,3236
"95687",3950,790,3160
"95688",3485,697,2788
"95689",5810,1162,4648
"95690",4040,808,3232
"95691",4875,975,3900
"95692",3955,791,3164
"95693",7585,1517,6068
"95694",3750,750,3000
"95695",5310,1062,4248
"95696",4660,932,3728
"95697",4410,882,3528
"95698",5325,1065,4260
"95699",5615,1123,4492
"95700",4825,965,3860
"95701",3515,703,2812
"95702",4920,984,3936
"95703",3855,771,3084
"95704",4745,949,3796
"95705",4560,912,3648
"95706",5015,1003,4012
"95707",4700,940,3760
"95708",5150,1030,4120
"95709",5065,1013,4052
"95710",4725,945,3780
"95711",4750,950,3800
"95712",4205,841,3364
"95713",4855,971,3884
"95714",3690,738,2952
"95715",4860,972,3888
"95716",4985,997,3988
"95717",3765,753,3012
"95718",5465,1093,4372
"95719",4565,913,3652
"95720",4160,832,3328
"95721",3690,738,2952
"95722",3580,716,2864
"95723",4910,982,3928
"95724",5485,1097,4388
"95725",4830,966,3864
"95726",5350,1070,4280
"95727",4030,806,3224
"95728",4530,906,3624
"95729",5255,1051,4204
"95730",3475,695,2780
"95731",4680,936,3744
"95732",5615,1123,4492
"95733",4915,983,3932
"95734",4040,808,3232
"95735",5285,1057,4228
"95736",6905,1381,5524
"95737",3570,714,2856
"95738",4010,802,3208
"95739",4005,801,3204
"95740",3525,705,2820
"95741",3865,773,3092
"95742",5165,1033,4132
"95743",4265,853,3412
"95744",4385,877,3508
"95745",4250,850,3400
"95746",3835,767,3068
"95747",5115,1023,4092
"95748",4045,809,3236
"95749",5045,1009,4036
"95750",7050,1410,5640
"95751",5770,1154,4616
"95752",4410,882,3528
"95753",5600,1120,4480
"95754",5755,1151,4604
"95755",3790,758,3032
"95756",4940,988,3952
"95757",4745,949,3796
"95758",4640,928,3712
"95759",5555,1111,4444
"95760",4680,936,3744
"95761",4430,886,3544
"95762",3850,770,3080
"95763",6535,1307,5228
"95764",6605,1321,5284
"95765",3915,783,3132
"95766",4405,881,3524
"95767",4215,843,3372
"95768",3880,776,3104
"95769",5965,1193,4772
"95770",6090,1218,4872
"95771",5330,1066,4264
"95772",4785,957,3828
"95773",5950,1190,4760
"95774",8950,1790,7160
"95775",5525,1105,4420
"95776",4480,896,3584
"95777",4350,870,3480
"95778",6930,1386,5544
"95779",4205,841,3364
"95780",5640,1128,4512
"95781",4955,991,3964
"95782",4445,889,3556
"95783",5295,1059,4236
"95784",4235,847,3388
"95785",4280,856,3424
"95786",5150,1030,4120
"95787",4175,835,3340
"95788",4285,857,3428
"95789",4805,961,3844
"95790",4655,931,3724
"95791",4905,981,3924
"95792",4430,886,3544
"95793",4270,854,3416
"95794",4090,818,3272
"95795",4975,995,3980
"95796",4595,919,3676
"95797",3630,726,2904
"95798",6165,1233,4932
"95799",4400,880,3520
"95800",4890,978,3912
"95801",4585,917,3668
"95802",4860,972,3888
"95803",5700,1140,4560
"95804",5995,1199,4796
"95805",3650,730,2920
"95806",6065,1213,4852
"95807",5080,1016,4064
"95808",4580,916,3664
"95809",4535,907,3628
"95810",6495,1299,5196
"95811",5565,1113,4452
"95812",3655,731,2924
"95813",4555,911,3644
"95814",4345,869,3476
"95815",4725,945,3780
"95816",4130,826,3304
"95817",5625,1125,4500
"95818",6340,1268,5072
"95819",3950,790,3160
"95820",5015,1003,4012
"95821",4745,949,3796
"95822",3555,711,2844
"95823",4435,887,3548
"95824",4605,921,3684
"95825",4040,808,3232
"95826",4430,886,3544
"95827",5390,1078,4312
"95828",3725,745,2980
"95829",3695,739,2956
"95830",4765,953,3812
"95831",3260,652,2608
"95832",4435,887,3548
"95833",4370,874,3496
"95834",4015,803,3212
"95835",4805,961,3844
"95836",4265,853,3412
"95837",5315,1063,4252
"95838",4230,846,3384
"95839",4665,933,3732
"95840",4020,804,3216
"95841",3585,717,2868
"95842",4800,960,3840
"95843",4915,983,3932
"95844",3700,740,2960
"95845",5030,1006,4024
"95846",5285,1057,4228
"95847",3680,736,2944
"95848",5100,1020,4080
"95849",5195,1039,4156
"95850",4895,979,3916
"95851",4175,835,3340
"95852",4755,951,3804
"95853",4335,867,3468
"95854",5040,1008,4032
"95855",3285,657,2628
"95856",4435,887,3548
"95857",4540,908,3632
"95858",4285,857,3428
"95859",3775,755,3020
"95860",4970,994,3976
"95861",4370,874,3496
"95862",5895,1179,4716
"95863",3860,772,3088
"95864",4825,965,3860
"95865",3545,709,2836
"95866",4600,920,3680
"95867",5515,1103,4412
"95868",3715,743,2972
"95869",4230,846,3384
"95870",4185,837,3348
"95871",4690,938,3752
"95872",4975,995,3980
"95873",5210,1042,4168
"95874",3705,741,2964
"95875",4050,810,3240
"95876",4920,984,3936
"95877",4510,902,3608
"95878",5230,1046,4184
"95879",4280,856,3424
"95880",4685,937,3748
"95881",3945,789,3156
"95882",4525,905,3620
"95883",4690,938,3752
"95884",3770,754,3016
"95885",5030,1006,4024
"95886",6095,1219,4876
"95887",4990,998,3992
"95888",4495,899,3596
"95889",5140,1028,4112
"95890",4495,899,3596
"95891",5740,1148,4592
"95892",4610,922,3688
"95893",4230,846,3384
"95894",5215,1043,4172
"95895",4700,940,3760
"95896",5510,1102,4408
"95897",4070,814,3256
"95898",4285,857,3428
"95899",4685,937,3748
"95900",3855,771,3084
"95901",6215,1243,4972
"95902",4340,868,3472
"95903",4215,843,3372
"95904",3690,738,2952
"95905",4590,918,3672
"95906",4400,880,3520
"95907",4075,815,3260
"95908",5435,1087,4348
"95909",4160,832,3328
"95910",4335,867,3468
"95911",4630,926,3704
"95912",4330,866,3464
"95913",4255,851,3404
"95914",4440,888,3552
"95915",6030,1206,4824
"95916",5285,1057,4228
"95917",4625,925,3700
"95918",3405,681,2724
"95919",5885,1177,4708
"95920",4705,941,3764
"95921",4170,834,3336
"95922",4160,832,3328
"95923",4365,873,3492
"95924",3905,781,3124
"95925",4565,913,3652
"95926",5130,1026,4104
"95927",4040,808,3232
"95928",3730,746,2984
"95929",4595,919,3676
"95930",5435,1087,4348
"95931",4050,810,3240
"95932",5330,1066,4264
"95933",5175,1035,4140
"95934",4855,971,3884
"95935",4040,808,3232
"95936",5085,1017,4068
"95937",4280,856,3424
"95938",4770,954,3816
"95939",5865,1173,4692
"95940",4495,899,3596
"95941",4830,966,3864
"95942",4665,933,3732
"95943",4835,967,3868
"95944",3755,751,3004
"95945",7825,1565,6260
"95946",3775,755,3020
"95947",5955,1191,4764
"95948",4930,986,3944
"95949",3715,743,2972
"95950",4130,826,3304
"95951",5830,1166,4664
"95952",4530,906,3624
"95953",3170,634,2536
"95954",4840,968,3872
"95955",3975,795,3180
"95956",4535,907,3628
"95957",5970,1194,4776
"95958",6135,1227,4908
"95959",5880,1176,4704
"95960",5320,1064,4256
"95961",5730,1146,4584
"95962",4965,993,3972
"95963",3510,702,2808
"95964",3420,684,2736
"95965",4495,899,3596
"95966",3930,786,3144
"95967",5685,1137,4548
"95968",4720,944,3776
"95969",5090,1018,4072
"95970",6005,1201,4804
"95971",5345,1069,4276
"95972",3495,699,2796
"95973",4435,887,3548
"95974",4015,803,3212
"95975",5170,1034,4136
"95976",5040,1008,4032
"95977",4105,821,3284
"95978",5125,1025,4100
"95979",5040,1008,4032
"95980",3995,799,3196
"95981",4005,801,3204
"95982",4640,928,3712
"95983",4045,809,3236
"95984",6190,1238,4952
"95985",4245,849,3396
"95986",4240,848,3392
"95987",3900,780,3120
"95988",4035,807,3228
"95989",4125,825,3300
"95990",3870,774,3096
"95991",4665,933,3732
"95992",4900,980,3920
"95993",4400,880,3520
"95994",4940,988,3952
"95995",4950,990,3960
"95996",4120,824,3296
"95997",4535,907,3628
"95998",3660,732,2928
"95999",5785,1157,4628
"96000",5465,1093,4372
"96001",9245,1849,7396
"96002",4280,856,3424
"96003",4820,964,3856
"96004",4720,944,3776
"96005",7360,1472,5888
"96006",4565,913,3652
"96007",5370,1074,4296
"96008",4070,814,3256
"96009",4880,976,3904
"96010",4230,846,3384
"96011",4045,809,3236
"96012",4595,919,3676
"96013",4125,825,3300
"96014",4225,845,3380
"96015",4690,938,3752
"96016",3615,723,2892
"96017",4375,875,3500
"96018",4275,855,3420
"96019",4775,955,3820
"96020",4240,848,3392
"96021",4580,916,3664
"96022",3980,796,3184
"96023",5385,1077,4308
"96024",4075,815,3260
"96025",4860,972,3888
"96026",6080,1216,4864
"96027",4115,823,3292
"96028",3595,719,2876
"96029",4210,842,3368
"96030",3915,783,3132
"96031",5595,1119,4476
"96032",6370,1274,5096
"96033",4940,988,3952
"96034",3340,668,2672
"96035",3725,745,2980
"96036",4305,861,3444
"96037",5585,1117,4468
"96038",5265,1053,4212
"96039",3840,768,3072
"96040",3345,669,2676
"96041",4325,865,3460
"96042",4295,859,3436
"96043",5255,1051,4204
"96044",6865,1373,5492
"96045",4425,885,3540
"96046",4415,883,3532
"96047",5580,1116,4464
"96048",3575,715,2860
"96049",4210,842,3368
"96050",4550,910,3640
"96051",4585,917,3668
"96052",5510,1102,4408
"96053",5270,1054,4216
"96054",4540,908,3632
"96055",4330,866,3464
"96056",3195,639,2556
"96057",3480,696,2784
"96058",4505,901,3604
"96059",5280,1056,4224
"96060",4735,947,3788
"96061",7230,1446,5784
"96062",6700,1340,5360
"96063",4290,858,3432
"96064",4040,808,3232
"96065",4305,861,3444
"96066",3755,751,3004
"96067",4350,870,3480
"96068",6390,1278,5112
"96069",4935,987,3948
"96070",4135,827,3308
"96071",3950,790,3160
"96072",3900,780,3120
"96073",4975,995,3980
"96074",4245,849,3396
"96075",6150,1230,4920
"96076",5895,1179,4716
"96077",5020,1004,4016
"96078",7905,1581,6324
"96079",4795,959,3836
"96080",7960,1592,6368
"96081",3635,727,2908
"96082",6395,1279,5116
"96083",5765,1153,4612
"96084",4235,847,3388
"96085",4145,829,3316
"96086",4690,938,3752
"96087",3975,795,3180
"96088",4365,873,3492
"96089",4400,880,3520
"96090",4490,898,3592
"96091",4490,898,3592
"96092",6365,1273,5092
"96093",4935,987,3948
"96094",4045,809,3236
"96095",7680,1536,6144
"96096",4265,853,3412
"96097",4990,998,3992
"96098",3915,783,3132
"96099",5000,1000,4000
"96100",5785,1157,4628
"96101",6060,1212,4848
"96102",4860,972,3888
"96103",3720,744,2976
"96104",4935,987,3948
"96105",4885,977,3908
"96106",3575,715,2860
"96107",5280,1056,4224
"96108",5225,1045,4180
"96109",6830,1366,5464
"96110",5355,1071,4284
"96111",4185,837,3348
"96112",5730,1146,4584
"96113",6010,1202,4808
"96114",3135,627,2508
"96115",4685,937,3748
"96116",5860,1172,4688
"96117",3760,752,3008
"96118",5230,1046,4184
"96119",4205,841,3364
"96120",3980,796,3184
"96121",4310,862,3448
"96122",5890,1178,4712
"96123",5005,1001,4004
"96124",5425,1085,4340
"96125",5390,1078,4312
"96126",5365,1073,4292
"96127",4870,974,3896
"96128",4415,883,3532
"96129",3985,797,3188
"96130",5925,1185,4740
"96131",3950,790,3160
"96132",3820,764,3056
"96133",3915,783,3132
"96134",4250,850,3400
"96135",4160,832,3328
"96136",3625,725,2900
"96137",5370,1074,4296
"96138",5420,1084,4336
"96139",3405,681,2724
"96140",4260,852,3408
"96141",5010,1002,4008
"96142",3900,780,3120
"96143",4905,981,3924
"96144",5775,1155,4620
"96145",4070,814,3256
"96146",4345,869,3476
"96147",5275,1055,4220
"96148",6835,1367,5468
"96149",6425,1285,5140
"96150",4350,870,3480
"96151",4065,813,3252
"96152",5705,1141,4564
"96153",4905,981,3924
"96154",4045,809,3236
"96155",4580,916,3664
"96156",4595,919,3676
"96157",3830,766,3064
"96158",4250,850,3400
"96159",5590,1118,4472
"96160",3965,793,3172
"96161",5120,1024,4096
"96162",5875,1175,4700
"96163",4880,976,3904
"96164",5060,1012,4048
"96165",3415,683,2732
"96166",5065,1013,4052
"96167",4815,963,3852
"96168",4130,826,3304
"96169",4210,842,3368
"96170",3575,715,2860
"96171",4580,916,3664
"96172",4420,884,3536
"96173",4435,887,3548
"96174",3715,743,2972
"96175",4070,814,3256
"96176",4315,863,3452
"96177",3795,759,3036
"96178",4560,912,3648
"96179",4560,912,3648
"96180",4845,969,3876
"96181",4150,830,3320
"96182",4190,838,3352
"96183",4655,931,3724
"96184",3940,788,3152
"96185",5075,1015,4060
"96186",4225,845,3380
"96187",3745,749,2996
"96188",4950,990,3960
"96189",3685,737,2948
"96190",4865,973,3892
"96191",5920,1184,4736
"96192",4750,950,3800
"96193",4615,923,3692
"96194",4665,933,3732
"96195",4020,804,3216
"96196",4775,955,3820
"96197",4970,994,3976
"96198",4490,898,3592
"96199",4950,990,3960
"96200",4570,914,3656
"96201",4795,959,3836
"96202",5525,1105,4420
"96203",4540,908,3632
"96204",4735,947,3788
"96205",4635,927,3708
"96206",5550,1110,4440
"96207",5040,1008,4032
"96208",5440,1088,4352
"96209",5310,1062,4248
"96210",5210,1042,4168
"96211",5070,1014,4056
"96212",4805,961,3844
"96213",4600,920,3680
"96214",4385,877,3508
"96215",4525,905,3620
"96216",4305,861,3444
"96217",4090,818,3272
"96218",3405,681,2724
"96219",4445,889,3556
"96220",4425,885,3540
"96221",6460,1292,5168
"96222",5730,1146,4584
"96223",4130,826,3304
"96224",6385,1277,5108
"96225",4080,816,3264
"96226",4965,993,3972
"96227",6555,1311,5244
"96228",5005,1001,4004
"96229",5210,1042,4168
"96230",4235,847,3388
"96231",4300,860,3440
"96232",4065,813,3252
"96233",6345,1269,5076
"96234",5180,1036,4144
"96235",4170,834,3336
"96236",4545,909,3636
"96237",4075,815,3260
"96238",5690,1138,4552
"96239",4600,920,3680
"96240",4145,829,3316
"96241",4770,954,3816
"96242",4775,955,3820
"96243",5235,1047,4188
"96244",4425,885,3540
"96245",5210,1042,4168
"96246",5460,1092,4368
"96247",8090,1618,6472
"96248",5805,1161,4644
"96249",4495,899,3596
"96250",6265,1253,5012
"96251",4330,866,3464
"96252",4435,887,3548
"96253",5310,1062,4248
"96254",4290,858,3432
"96255",4275,855,3420
"96256",4200,840,3360
"96257",4325,865,3460
"96258",3980,796,3184
"96259",3895,779,3116
"96260",4335,867,3468
"96261",3965,793,3172
"96262",3535,707,2828
"96263",4030,806,3224
"96264",4960,992,3968
"96265",4235,847,3388
"96266",4990,998,3992
"96267",4935,987,3948
"96268",4255,851,3404
"96269",5230,1046,4184
"96270",5485,1097,4388
"96271",3600,720,2880
"96272",7205,1441,5764
"96273",7855,1571,6284
"96274",5245,1049,4196
"96275",5170,1034,4136
"96276",5000,1000,4000
"96277",3735,747,2988
"96278",3980,796,3184
"96279",5045,1009,4036
"96280",6295,1259,5036
"96281",4630,926,3704
"96282",4640,928,3712
"96283",5510,1102,4408
"96284",3760,752,3008
"96285",4535,907,3628
"96286",6590,1318,5272
"96287",5450,1090,4360
"96288",5455,1091,4364
"96289",4160,832,3328
"96290",4240,848,3392
"96291",6395,1279,5116
"96292",3895,779,3116
"96293",4450,890,3560
"96294",5970,1194,4776
"96295",3940,788,3152
"96296",4650,930,3720
"96297",5185,1037,4148
"96298",4635,927,3708
"96299",4040,808,3232
"96300",4840,968,3872
"96301",6515,1303,5212
"96302",6585,1317,5268
"96303",4530,906,3624
"96304",5035,1007,4028
"96305",4440,888,3552
"96306",5190,1038,4152
"96307",4250,850,3400
"96308",5490,1098,4392
"96309",3415,683,2732
"96310",3480,696,2784
"96311",4850,970,3880
"96312",4150,830,3320
"96313",3665,733,2932
"96314",4670,934,3736
"96315",4030,806,3224
"96316",4970,994,3976
"96317",4520,904,3616
"96318",5500,1100,4400
"96319",4520,904,3616
"96320",3760,752,3008
"96321",3780,756,3024
"96322",4240,848,3392
"96323",4600,920,3680
"96324",6690,1338,5352
"96325",4015,803,3212
"96326",4860,972,3888
"96327",4755,951,3804
"96328",4985,997,3988
"96329",6130,1226,4904
"96330",5615,1123,4492
"96331",5310,1062,4248
"96332",4180,836,3344
"96333",4395,879,3516
"96334",4220,844,3376
"96335",5755,1151,4604
"96336",3440,688,2752
"96337",6000,1200,4800
"96338",5140,1028,4112
"96339",4715,943,3772
"96340",3965,793,3172
"96341",5045,1009,4036
"96342",4300,860,3440
"96343",5420,1084,4336
"96344",4815,963,3852
"96345",3935,787,3148
"96346",5155,1031,4124
"96347",4230,846,3384
"96348",4915,983,3932
"96349",4720,944,3776
"96350",4880,976,3904
"96351",4690,938,3752
"96352",4840,968,3872
"96353",5835,1167,4668
"96354",4550,910,3640
"96355",3935,787,3148
"96356",4100,820,3280
"96357",5655,1131,4524
"96358",5930,1186,4744
"96359",4515,903,3612
"96360",4020,804,3216
"96361",4340,868,3472
"96362",3600,720,2880
"96363",4110,822,3288
"96364",4565,913,3652
"96365",5750,1150,4600
"96366",4045,809,3236
"96367",5635,1127,4508
"96368",5690,1138,4552
"96369",3855,771,3084
"96370",5385,1077,4308
"96371",4695,939,3756
"96372",4685,937,3748
"96373",4610,922,3688
"96374",4870,974,3896
"96375",4160,832,3328
"96376",4425,885,3540
"96377",5330,1066,4264
"96378",3525,705,2820
"96379",5330,1066,4264
"96380",4590,918,3672
"96381",3880,776,3104
"96382",8375,1675,6700
"96383",5315,1063,4252
"96384",4115,823,3292
"96385",5430,1086,4344
"96386",4990,998,3992
"96387",4975,995,3980
"96388",4865,973,3892
"96389",4585,917,3668
"96390",5045,1009,4036
"96391",4950,990,3960
"96392",4685,937,3748
"96393",4035,807,3228
"96394",4965,993,3972
"96395",4615,923,3692
"96396",3930,786,3144
"96397",4295,859,3436
"96398",3455,691,2764
"96399",4130,826,3304
"96400",5765,1153,4612
"96401",4240,848,3392
"96402",3880,776,3104
"96403",5730,1146,4584
"96404",5360,1072,4288
"96405",3610,722,2888
"96406",5410,1082,4328
"96407",4845,969,3876
"96408",3810,762,3048
"96409",7200,1440,5760
"96410",4690,938,3752
"96411",5045,1009,4036
"96412",4235,847,3388
"96413",4250,850,3400
"96414",3780,756,3024
"96415",3895,779,3116
"96416",5035,1007,4028
"96417",4240,848,3392
"96418",4780,956,3824
"96419",5575,1115,4460
"96420",5100,1020,4080
"96421",3690,738,2952
"96422",4550,910,3640
"96423",5845,1169,4676
"96424",3865,773,3092
"96425",4850,970,3880
"96426",5830,1166,4664
"96427",4305,861,3444
"96428",3905,781,3124
"96429",4710,942,3768
"96430",5390,1078,4312
"96431",4650,930,3720
"96432",4915,983,3932
"96433",4355,871,3484
"96434",4315,863,3452
"96435",3965,793,3172
"96436",3875,775,3100
"96437",4635,927,3708
"96438",4900,980,3920
"96439",3770,754,3016
"96440",4930,986,3944
"96441",5670,1134,4536
"96442",3135,627,2508
"96443",4490,898,3592
"96444",4385,877,3508
"96445",4280,856,3424
"96446",4235,847,3388
"96447",6205,1241,4964
"96448",4305,861,3444
"96449",3480,696,2784
"96450",3710,742,2968
"96451",4465,893,3572
"96452",3640,728,2912
"96453",5345,1069,4276
"96454",3505,701,2804
"96455",4275,855,3420
"96456",4305,861,3444
"96457",4970,994,3976
"96458",4660,932,3728
"96459",3510,702,2808
"96460",3880,776,3104
"96461",4340,868,3472
"96462",4515,903,3612
"96463",5165,1033,4132
"96464",5290,1058,4232
"96465",3645,729,2916
"96466",6665,1333,5332
"96467",5345,1069,4276
"96468",4105,821,3284
"96469",4160,832,3328
"96470",4880,976,3904
"96471",5535,1107,4428
"96472",4485,897,3588
"96473",3890,778,3112
"96474",4535,907,3628
"96475",4845,969,3876
"96476",5110,1022,4088
"96477",4140,828,3312
"96478",6080,1216,4864
"96479",4135,827,3308
"96480",4130,826,3304
"96481",4025,805,3220
"96482",4715,943,3772
"96483",4165,833,3332
"96484",4935,987,3948
"96485",5220,1044,4176
"96486",4615,923,3692
"96487",5275,1055,4220
"96488",4250,850,3400
"96489",3775,755,3020
"96490",4560,912,3648
"96491",4485,897,3588
"96492",5190,1038,4152
"96493",3665,733,2932
"96494",4005,801,3204
"96495",4655,931,3724
"96496",4755,951,3804
"96497",5195,1039,4156
"96498",5095,1019,4076
"96499",4100,820,3280
"96500",5300,1060,4240
"96501",6545,1309,5236
"96502",4430,886,3544
"96503",4225,845,3380
"96504",4080,816,3264
"96505",5230,1046,4184
"96506",4015,803,3212
"96507",4730,946,3784
"96508",4625,925,3700
"96509",6280,1256,5024
"96510",6235,1247,4988
"96511",4690,938,3752
"96512",4465,893,3572
"96513",5120,1024,4096
"96514",6260,1252,5008
"96515",3700,740,2960
"96516",5245,1049,4196
"96517",3590,718,2872
"96518",3705,741,2964
"96519",5090,1018,4072
"96520",3830,766,3064
"96521",4595,919,3676
"96522",3920,784,3136
"96523",4655,931,3724
"96524",3990,798,3192
"96525",4780,956,3824
"96526",4275,855,3420
"96527",4935,987,3948
"96528",4290,858,3432
"96529",3845,769,3076
"96530",5020,1004,4016
"96531",4030,806,3224
"96532",9170,1834,7336
"96533",5500,1100,4400
"96534",5530,1106,4424
"96535",4445,889,3556
"96536",5095,1019,4076
"96537",4915,983,3932
"96538",5555,1111,4444
"96539",4945,989,3956
"96540",5405,1081,4324
"96541",4095,819,3276
"96542",5095,1019,4076
"96543",4855,971,3884
"96544",5880,1176,4704
"96545",4910,982,3928
"96546",4065,813,3252
"96547",4090,818,3272
"96548",5515,1103,4412
"96549",4845,969,3876
"96550",3680,736,2944
"96551",4830,966,3864
"96552",4335,867,3468
"96553",4850,970,3880
"96554",7855,1571,6284
"96555",5205,1041,4164
"96556",4885,977,3908
"96557",4210,842,3368
"96558",3560,712,2848
"96559",5120,1024,4096
"96560",4255,851,3404
"96561",5560,1112,4448
"96562",5370,1074,4296
"96563",5490,1098,4392
"96564",4295,859,3436
"96565",4265,853,3412
"96566",5825,1165,4660
"96567",4385,877,3508
"96568",3700,740,2960
"96569",3735,747,2988
"96570",6075,1215,4860
"96571",5135,1027,4108
"96572",4585,917,3668
"96573",4770,954,3816
"96574",5410,1082,4328
"96575",6980,1396,5584
"96576",4820,964,3856
"96577",5640,1128,4512
"96578",5185,1037,4148
"96579",4425,885,3540
"96580",4730,946,3784
"96581",5785,1157,4628
"96582",3985,797,3188
"96583",5115,1023,4092
"96584",3890,778,3112
"96585",3960,792,3168
"96586",3560,712,2848
"96587",4155,831,3324
"96588",4365,873,3492
"96589",4610,922,3688
"96590",4505,901,3604
"96591",6350,1270,5080
"96592",3900,780,3120
"96593",5835,1167,4668
"96594",3665,733,2932
"96595",6360,1272,5088
"96596",5180,1036,4144
"96597",3905,781,3124
"96598",5185,1037,4148
"96599",3485,697,2788
"96600",3820,764,3056
"96601",4345,869,3476
"96602",4620,924,3696
"96603",4535,907,3628
"96604",4085,817,3268
"96605",3645,729,2916
"96606",3410,682,2728
"96607",4345,869,3476
"96608",4140,828,3312
"96609",4675,935,3740
"96610",5925,1185,4740
"96611",4905,981,3924
"96612",4485,897,3588
"96613",4570,914,3656
"96614",4245,849,3396
"96615",4305,861,3444
"96616",5345,1069,4276
"96617",3785,757,3028
"96618",4640,928,3712
"96619",4310,862,3448
"96620",3955,791,3164
"96621",3535,707,2828
"96622",3925,785,3140
"96623",5360,1072,4288
"96624",3615,723,2892
"96625",4060,812,3248
"96626",4260,852,3408
"96627",4560,912,3648
"96628",5960,1192,4768
"96629",4125,825,3300
"96630",5035,1007,4028
"96631",4345,869,3476
"96632",4410,882,3528
"96633",3545,709,2836
"96634",7110,1422,5688
"96635",3555,711,2844
"96636",3890,778,3112
"96637",4870,974,3896
"96638",4805,961,3844
"96639",5645,1129,4516
"96640",4025,805,3220
"96641",5345,1069,4276
"96642",5185,1037,4148
"96643",3630,726,2904
"96644",5210,1042,4168
"96645",4180,836,3344
"96646",5895,1179,4716
"96647",4430,886,3544
"96648",5025,1005,4020
"96649",7560,1512,6048
"96650",5090,1018,4072
"96651",4360,872,3488
"96652",4840,968,3872
"96653",4860,972,3888
"96654",4840,968,3872
"96655",4895,979,3916
"96656",5600,1120,4480
"96657",4015,803,3212
"96658",4400,880,3520
"96659",4740,948,3792
"96660",3900,780,3120
"96661",4335,867,3468
"96662",4775,955,3820
"96663",5260,1052,4208
"96664",7630,1526,6104
"96665",5540,1108,4432
"96666",4395,879,3516
"96667",4275,855,3420
"96668",3565,713,2852
"96669",3530,706,2824
"96670",4955,991,3964
"96671",4225,845,3380
"96672",4620,924,3696
"96673",5335,1067,4268
"96674",4570,914,3656
"96675",4400,880,3520
"96676",3645,729,2916
"96677",4670,934,3736
"96678",4425,885,3540
"96679",4735,947,3788
"96680",4905,981,3924
"96681",5745,1149,4596
"96682",4035,807,3228
"96683",3590,718,2872
"96684",5085,1017,4068
"96685",4380,876,3504
"96686",4755,951,3804
"96687",5920,1184,4736
"96688",4075,815,3260
"96689",4565,913,3652
"96690",5510,1102,4408
"96691",4610,922,3688
"96692",3830,766,3064
"96693",3585,717,2868
"96694",4445,889,3556
"96695",4235,847,3388
"96696",4775,955,3820
"96697",4370,874,3496
"96698",3905,781,3124
"96699",4150,830,3320
"96700",4895,979,3916
"96701",4145,829,3316
"96702",3760,752,3008
"96703",4205,841,3364
"96704",4665,933,3732
"96705",4690,938,3752
"96706",3665,733,2932
"96707",6015,1203,4812
"96708",4405,881,3524
"96709",7040,1408,5632
"96710",4400,880,3520
"96711",4320,864,3456
"96712",4555,911,3644
"96713",4015,803,3212
"96714",3310,662,2648
"96715",5610,1122,4488
"96716",4205,841,3364
"96717",5535,1107,4428
"96718",3815,763,3052
"96719",5595,1119,4476
"96720",4535,907,3628
"96721",7385,1477,5908
"96722",4805,961,3844
"96723",3590,718,2872
"96724",4585,917,3668
"96725",4085,817,3268
"96726",4810,962,3848
"96727",3900,780,3120
"96728",6875,1375,5500
"96729",5920,1184,4736
"96730",5220,1044,4176
"96731",4555,911,3644
"96732",5820,1164,4656
"96733",4300,860,3440
"96734",4065,813,3252
"96735",4120,824,3296
"96736",3625,725,2900
"96737",5170,1034,4136
"96738",7495,1499,5996
"96739",4865,973,3892
"96740",4405,881,3524
"96741",5210,1042,4168
"96742",3790,758,3032
"96743",4290,858,3432
"96744",3750,750,3000
"96745",5125,1025,4100
"96746",4260,852,3408
"96747",6110,1222,4888
"96748",4180,836,3344
"96749",5120,1024,4096
"96750",4350,870,3480
"96751",4405,881,3524
"96752",4215,843,3372
"96753",4885,977,3908
"96754",5965,1193,4772
"96755",4230,846,3384
"96756",4685,937,3748
"96757",3460,692,2768
"96758",5640,1128,4512
"96759",7235,1447,5788
"96760",5750,1150,4600
"96761",4645,929,3716
"96762",4295,859,3436
"96763",4515,903,3612
"96764",4740,948,3792
"96765",5250,1050,4200
"96766",5970,1194,4776
"96767",6110,1222,4888
"96768",4145,829,3316
"96769",3820,764,3056
"96770",4660,932,3728
"96771",5960,1192,4768
"96772",5220,1044,4176
"96773",4215,843,3372
"96774",4490,898,3592
"96775",4225,845,3380
"96776",4715,943,3772
"96777",3515,703,2812
"96778",6555,1311,5244
"96779",4130,826,3304
"96780",4255,851,3404
"96781",3750,750,3000
"96782",4635,927,3708
"96783",3910,782,3128
"96784",5970,1194,4776
"96785",6175,1235,4940
"96786",4560,912,3648
"96787",6595,1319,5276
"96788",4135,827,3308
"96789",4430,886,3544
"96790",5630,1126,4504
"96791",4010,802,3208
"96792",6405,1281,5124
"96793",4125,825,3300
"96794",4260,852,3408
"96795",5045,1009,4036
"96796",4935,987,3948
"96797",4155,831,3324
"96798",4830,966,3864
"96799",3605,721,2884
"96800",4610,922,3688
"96801",6645,1329,5316
"96802",4335,867,3468
"96803",4260,852,3408
"96804",4970,994,3976
"96805",4505,901,3604
"96806",5760,1152,4608
"96807",5245,1049,4196
"96808",4055,811,3244
"96809",6315,1263,5052
"96810",4970,994,3976
"96811",5645,1129,4516
"96812",5505,1101,4404
"96813",4100,820,3280
"96814",7105,1421,5684
"96815",3980,796,3184
"96816",3945,789,3156
"96817",5285,1057,4228
"96818",5035,1007,4028
"96819",4070,814,3256
"96820",4190,838,3352
"96821",4735,947,3788
"96822",4910,982,3928
"96823",3895,779,3116
"96824",4300,860,3440
"96825",4385,877,3508
"96826",5890,1178,4712
"96827",7340,1468,5872
"96828",5625,1125,4500
"96829",4005,801,3204
"96830",4525,905,3620
"96831",4200,840,3360
"96832",3515,703,2812
"96833",4365,873,3492
"96834",3780,756,3024
"96835",4940,988,3952
"96836",5890,1178,4712
"96837",7260,1452,5808
"96838",5040,1008,4032
"96839",4570,914,3656
"96840",4560,912,3648
"96841",4400,880,3520
"96842",4790,958,3832
"96843",4865,973,3892
"96844",4330,866,3464
"96845",5220,1044,4176
"96846",5390,1078,4312
"96847",4280,856,3424
"96848",3810,762,3048
"96849",4420,884,3536
"96850",5110,1022,4088
"96851",4860,972,3888
"96852",5060,1012,4048
"96853",5015,1003,4012
"96854",3990,798,3192
"96855",4425,885,3540
"96856",4800,960,3840
"96857",4675,935,3740
"96858",4335,867,3468
"96859",3440,688,2752
"96860",3625,725,2900
"96861",4295,859,3436
"96862",6485,1297,5188
"96863",3900,780,3120
"96864",4225,845,3380
"96865",4580,916,3664
"96866",4585,917,3668
"96867",6525,1305,5220
"96868",4550,910,3640
"96869",4040,808,3232
"96870",4180,836,3344
"96871",4790,958,3832
"96872",3885,777,3108
"96873",4435,887,3548
"96874",3930,786,3144
"96875",4795,959,3836
"96876",6580,1316,5264
"96877",6245,1249,4996
"96878",4865,973,3892
"96879",4225,845,3380
"96880",4335,867,3468
"96881",4055,811,3244
"96882",5210,1042,4168
"96883",5190,1038,4152
"96884",4055,811,3244
"96885",4250,850,3400
"96886",5550,1110,4440
"96887",6155,1231,4924
"96888",5240,1048,4192
"96889",3880,776,3104
"96890",5985,1197,4788
"96891",4125,825,3300
"96892",4570,914,3656
"96893",4565,913,3652
"96894",4610,922,3688
"96895",5410,1082,4328
"96896",3480,696,2784
"96897",6360,1272,5088
"96898",4375,875,3500
"96899",4235,847,3388
"96900",5525,1105,4420
"96901",4105,821,3284
"96902",3680,736,2944
"96903",6930,1386,5544
"96904",5060,1012,4048
"96905",4970,994,3976
"96906",3885,777,3108
"96907",4680,936,3744
"96908",4950,990,3960
"96909",4605,921,3684
"96910",5770,1154,4616
"96911",4570,914,3656
"96912",4690,938,3752
"96913",4845,969,3876
"96914",4055,811,3244
"96915",3785,757,3028
"96916",5130,1026,4104
"96917",6335,1267,5068
"96918",4510,902,3608
"96919",5130,1026,4104
"96920",5235,1047,4188
"96921",4130,826,3304
"96922",4005,801,3204
"96923",5120,1024,4096
"96924",4435,887,3548
"96925",5580,1116,4464
"96926",5835,1167,4668
"96927",5385,1077,4308
"96928",4765,953,3812
"96929",4120,824,3296
"96930",3680,736,2944
"96931",6495,1299,5196
"96932",4140,828,3312
"96933",4670,934,3736
"96934",4980,996,3984
"96935",4165,833,3332
"96936",8490,1698,6792
"96937",5655,1131,4524
"96938",4900,980,3920
"96939",4400,880,3520
"96940",4630,926,3704
"96941",5695,1139,4556
"96942",4450,890,3560
"96943",4915,983,3932
"96944",3445,689,2756
"96945",3875,775,3100
"96946",4000,800,3200
"96947",5100,1020,4080
"96948",4825,965,3860
"96949",6135,1227,4908
"96950",3620,724,2896
"96951",6595,1319,5276
"96952",5115,1023,4092
"96953",5140,1028,4112
"96954",5050,1010,4040
"96955",5605,1121,4484
"96956",4600,920,3680
"96957",4525,905,3620
"96958",5005,1001,4004
"96959",3030,606,2424
"96960",4330,866,3464
"96961",4735,947,3788
"96962",4740,948,3792
"96963",4585,917,3668
"96964",4110,822,3288
"96965",4230,846,3384
"96966",4270,854,3416
"96967",4450,890,3560
"96968",4380,876,3504
"96969",6335,1267,5068
"96970",6115,1223,4892
"96971",6595,1319,5276
"96972",4185,837,3348
"96973",5435,1087,4348
"96974",3985,797,3188
"96975",4050,810,3240
"96976",3830,766,3064
"96977",3740,748,2992
"96978",3910,782,3128
"96979",4355,871,3484
"96980",4970,994,3976
"96981",6050,1210,4840
"96982",5510,1102,4408
"96983",4175,835,3340
"96984",3495,699,2796
"96985",5155,1031,4124
"96986",5095,1019,4076
"96987",3715,743,2972
"96988",5125,1025,4100
"96989",5515,1103,4412
"96990",4605,921,3684
"96991",4120,824,3296
"96992",4315,863,3452
"96993",4415,883,3532
"96994",6045,1209,4836
"96995",3680,736,2944
"96996",4805,961,3844
"96997",4020,804,3216
"96998",5020,1004,4016
"96999",4735,947,3788
"97000",4745,949,3796
"97001",3610,722,2888
"97002",6370,1274,5096
"97003",5110,1022,4088
"97004",3965,793,3172
"97005",4690,938,3752
"97006",5390,1078,4312
"97007",4435,887,3548
"97008",3595,719,2876
"97009",6145,1229,4916
"97010",4390,878,3512
"97011",6095,1219,4876
"97012",3770,754,3016
"97013",4905,981,3924
"97014",4520,904,3616
"97015",4780,956,3824
"97016",4725,945,3780
"97017",4580,916,3664
"97018",3720,744,2976
"97019",3715,743,2972
"97020",3835,767,3068
"97021",5560,1112,4448
"97022",4405,881,3524
"97023",3955,791,3164
"97024",4245,849,3396
"97025",5215,1043,4172
"97026",4790,958,3832
"97027",3425,685,2740
"97028",3610,722,2888
"97029",5475,1095,4380
"97030",4880,976,3904
"97031",4290,858,3432
"97032",4530,906,3624
"97033",4630,926,3704
"97034",3870,774,3096
"97035",5330,1066,4264
"97036",3560,712,2848
"97037",5005,1001,4004
"97038",4160,832,3328
"97039",4045,809,3236
"97040",4580,916,3664
"97041",5555,1111,4444
"97042",4125,825,3300
"97043",4970,994,3976
"97044",5025,1005,4020
"97045",4860,972,3888
"97046",3895,779,3116
"97047",3985,797,3188
"97048",4830,966,3864
"97049",4440,888,3552
"97050",7120,1424,5696
"97051",4615,923,3692
"97052",4045,809,3236
"97053",3825,765,3060
"97054",5320,1064,4256
"97055",6255,1251,5004
"97056",5125,1025,4100
"97057",5250,1050,4200
"97058",5280,1056,4224
"97059",5215,1043,4172
"97060",4415,883,3532
"97061",4400,880,3520
"97062",3705,741,2964
"97063",3785,757,3028
"97064",6080,1216,4864
"97065",3700,740,2960
"97066",5670,1134,4536
"97067",5185,1037,4148
"97068",5505,1101,4404
"97069",5270,1054,4216
"97070",4590,918,3672
"97071",4055,811,3244
"97072",4580,916,3664
"97073",4835,967,3868
"97074",4725,945,3780
"97075",4380,876,3504
"97076",4075,815,3260
"97077",5355,1071,4284
"97078",4570,914,3656
"97079",4435,887,3548
"97080",4690,938,3752
"97081",6440,1288,5152
"97082",4385,877,3508
"97083",4215,843,3372
"97084",6000,1200,4800
"97085",5450,1090,4360
"97086",3930,786,3144
"97087",3615,723,2892
"97088",4345,869,3476
"97089",5000,1000,4000
"97090",3875,775,3100
"97091",5795,1159,4636
"97092",4505,901,3604
"97093",5380,1076,4304
"97094",4575,915,3660
"97095",4175,835,3340
"97096",4400,880,3520
"97097",4150,830,3320
"97098",4440,888,3552
"97099",6095,1219,4876
"97100",3815,763,3052
"97101",6225,1245,4980
"97102",6305,1261,5044
"97103",4615,923,3692
"97104",5335,1067,4268
"97105",6220,1244,4976
"97106",4165,833,3332
"97107",4305,861,3444
"97108",4710,942,3768
"97109",4160,832,3328
"97110",3750,750,3000
"97111",4535,907,3628
"97112",6215,1243,4972
"97113",4410,882,3528
"97114",4420,884,3536
"97115",4160,832,3328
"97116",3485,697,2788
"97117",5890,1178,4712
"97118",3640,728,2912
"97119",5555,1111,4444
"97120",3745,749,2996
"97121",5000,1000,4000
"97122",4570,914,3656
"97123",3885,777,3108
"97124",6335,1267,5068
"97125",4685,937,3748
"97126",4810,962,3848
"97127",5000,1000,4000
"97128",4440,888,3552
"97129",5780,1156,4624
"97130",5600,1120,4480
"97131",3980,796,3184
"97132",4785,957,3828
"97133",4910,982,3928
"97134",4755,951,3804
"97135",4670,934,3736
"97136",6570,1314,5256
"97137",5030,1006,4024
"97138",6300,1260,5040
"97139",4195,839,3356
"97140",4490,898,3592
"97141",4455,891,3564
"97142",3560,712,2848
"97143",6360,1272,5088
"97144",6515,1303,5212
"97145",4170,834,3336
"97146",4200,840,3360
"97147",5845,1169,4676
"97148",5485,1097,4388
"97149",4320,864,3456
"97150",4545,909,3636
"97151",4300,860,3440
"97152",4280,856,3424
"97153",4355,871,3484
"97154",4570,914,3656
"97155",3450,690,2760
"97156",4065,813,3252
"97157",5145,1029,4116
"97158",4555,911,3644
"97159",3820,764,3056
"97160",4005,801,3204
"97161",6235,1247,4988
"97162",5235,1047,4188
"97163",3890,778,3112
"97164",5365,1073,4292
"97165",6190,1238,4952
"97166",4515,903,3612
"97167",3880,776,3104
"97168",4295,859,3436
"97169",5285,1057,4228
"97170",4085,817,3268
"97171",4265,853,3412
"97172",4295,859,3436
"97173",3745,749,2996
"97174",5375,1075,4300
"97175",4095,819,3276
"97176",4995,999,3996
"97177",4280,856,3424
"97178",6150,1230,4920
"97179",6890,1378,5512
"97180",4675,935,3740
"97181",4635,927,3708
"97182",7345,1469,5876
"97183",4115,823,3292
"97184",4490,898,3592
"97185",5010,1002,4008
"97186",3790,758,3032
"97187",4230,846,3384
"97188",4760,952,3808
"97189",3985,797,3188
"97190",3905,781,3124
"97191",5760,1152,4608
"97192",5105,1021,4084
"97193",4715,943,3772
"97194",4920,984,3936
"97195",4765,953,3812
"97196",5900,1180,4720
"97197",4490,898,3592
"97198",4065,813,3252
"97199",4105,821,3284
"97200",4975,995,3980
"97201",5205,1041,4164
"97202",4650,930,3720
"97203",7105,1421,5684
"97204",5690,1138,4552
"97205",5375,1075,4300
"97206",4200,840,3360
"97207",4840,968,3872
"97208",4400,880,3520
"97209",7045,1409,5636
"97210",4405,881,3524
"97211",3895,779,3116
"97212",4640,928,3712
"97213",5110,1022,4088
"97214",4275,855,3420
"97215",4030,806,3224
"97216",4960,992,3968
"97217",4345,869,3476
"97218",4200,840,3360
"97219",7145,1429,5716
"97220",4370,874,3496
"97221",4215,843,3372
"97222",4770,954,3816
"97223",4100,820,3280
"97224",4070,814,3256
"97225",4350,870,3480
"97226",4320,864,3456
"97227",4515,903,3612
"97228",6705,1341,5364
"97229",3715,743,2972
"97230",3885,777,3108
"97231",3450,690,2760
"97232",4775,955,3820
"97233",4420,884,3536
"97234",4445,889,3556
"97235",5955,1191,4764
"97236",4560,912,3648
"97237",4790,958,3832
"97238",4255,851,3404
"97239",5270,1054,4216
"97240",4660,932,3728
"97241",3865,773,3092
"97242",4035,807,3228
"97243",3335,667,2668
"97244",6325,1265,5060
"97245",7320,1464,5856
"97246",5460,1092,4368
"97247",3710,742,2968
"97248",5420,1084,4336
"97249",4130,826,3304
"97250",4610,922,3688
"97251",4105,821,3284
"97252",4140,828,3312
"97253",4380,876,3504
"97254",4470,894,3576
"97255",3240,648,2592
"97256",4280,856,3424
"97257",4270,854,3416
"97258",4940,988,3952
"97259",4105,821,3284
"97260",3540,708,2832
"97261",5885,1177,4708
"97262",3935,787,3148
"97263",5605,1121,4484
"97264",3950,790,3160
"97265",3640,728,2912
"97266",5110,1022,4088
"97267",5295,1059,4236
"97268",4285,857,3428
"97269",3865,773,3092
"97270",3495,699,2796
"97271",5075,1015,4060
"97272",7180,1436,5744
"97273",5505,1101,4404
"97274",4850,970,3880
"97275",4830,966,3864
"97276",5235,1047,4188
"97277",4055,811,3244
"97278",4325,865,3460
"97279",4470,894,3576
"97280",5335,1067,4268
"97281",3400,680,2720
"97282",4580,916,3664
"97283",3685,737,2948
"97284",4495,899,3596
"97285",5110,1022,4088
"97286",3555,711,2844
"97287",6100,1220,4880
"97288",5235,1047,4188
"97289",6565,1313,5252
"97290",3710,742,2968
"97291",4325,865,3460
"97292",4315,863,3452
"97293",5700,1140,4560
"97294",4380,876,3504
"97295",3900,780,3120
"97296",5100,1020,4080
"97297",3700,740,2960
"97298",5595,1119,4476
"97299",3810,762,3048
"97300",4435,887,3548
"97301",4195,839,3356
"97302",6305,1261,5044
"97303",5945,1189,4756
"97304",4730,946,3784
"97305",5620,1124,4496
"97306",4225,845,3380
"97307",4295,859,3436
"97308",4840,968,3872
"97309",4825,965,3860
"97310",4495,899,3596
"97311",3905,781,3124
"97312",6425,1285,5140
"97313",5370,1074,4296
"97314",4010,802,3208
"97315",3840,768,3072
"97316",4155,831,3324
"97317",2805,561,2244
"97318",4745,949,3796
"97319",4870,974,3896
"97320",4470,894,3576
"97321",5140,1028,4112
"97322",4225,845,3380
"97323",3515,703,2812
"97324",4105,821,3284
"97325",4485,897,3588
"97326",4295,859,3436
"97327",5385,1077,4308
"97328",6790,1358,5432
"97329",3975,795,3180
"97330",4455,891,3564
"97331",6395,1279,5116
"97332",4505,901,3604
"97333",6725,1345,5380
"97334",6905,1381,5524
"97335",5165,1033,4132
"97336",4865,973,3892
"97337",4175,835,3340
"97338",3685,737,2948
"97339",4785,957,3828
"97340",4235,847,3388
"97341",4885,977,3908
"97342",4045,809,3236
"97343",5730,1146,4584
"97344",4095,819,3276
"97345",3770,754,3016
"97346",4175,835,3340
"97347",4225,845,3380
"97348",5500,1100,4400
"97349",3725,745,2980
"97350",4425,885,3540
"97351",4720,944,3776
"97352",5865,1173,4692
"97353",7825,1565,6260
"97354",5985,1197,4788
"97355",5795,1159,4636
"97356",4805,961,3844
"97357",3785,757,3028
"97358",4115,823,3292
"97359",4645,929,3716
"97360",4440,888,3552
"97361",4570,914,3656
"97362",6275,1255,5020
"97363",5260,1052,4208
"97364",4775,955,3820
"97365",5340,1068,4272
"97366",4240,848,3392
"97367",5320,1064,4256
"97368",4800,960,3840
"97369",3640,728,2912
"97370",4780,956,3824
"97371",5410,1082,4328
"97372",4490,898,3592
"97373",4110,822,3288
"97374",7090,1418,5672
"97375",3740,748,2992
"97376",5560,1112,4448
"97377",4180,836,3344
"97378",5715,1143,4572
"97379",3870,774,3096
"97380",5080,1016,4064
"97381",5325,1065,4260
"97382",5430,1086,4344
"97383",5365,1073,4292
"97384",3400,680,2720
"97385",4660,932,3728
"97386",4265,853,3412
"97387",5045,1009,4036
"97388",4840,968,3872
"97389",4695,939,3756
"97390",4535,907,3628
"97391",3865,773,3092
"97392",4555,911,3644
"97393",6060,1212,4848
"97394",3730,746,2984
"97395",6280,1256,5024
"97396",5155,1031,4124
"97397",3620,724,2896
"97398",4450,890,3560
"97399",4120,824,3296
"97400",3890,778,3112
"97401",4395,879,3516
"97402",4170,834,3336
"97403",6590,1318,5272
"97404",4495,899,3596
"97405",4640,928,3712
"97406",7380,1476,5904
"97407",4425,885,3540
"97408",4605,921,3684
"97409",5425,1085,4340
"97410",7065,1413,5652
"97411",5040,1008,4032
"97412",3745,749,2996
"97413",6050,1210,4840
"97414",4215,843,3372
"97415",7130,1426,5704
"97416",3910,782,3128
"97417",4035,807,3228
"97418",4055,811,3244
"97419",5005,1001,4004
"97420",4880,976,3904
"97421",4315,863,3452
"97422",3540,708,2832
"97423",5505,1101,4404
"97424",4475,895,3580
"97425",3975,795,3180
"97426",5170,1034,4136
"97427",4255,851,3404
"97428",4965,993,3972
"97429",3965,793,3172
"97430",5090,1018,4072
"97431",5200,1040,4160
"97432",4155,831,3324
"97433",3590,718,2872
"97434",4645,929,3716
"97435",3585,717,2868
"97436",5650,1130,4520
"97437",4400,880,3520
"97438",4595,919,3676
"97439",6370,1274,5096
"97440",4495,899,3596
"97441",4180,836,3344
"97442",3955,791,3164
"97443",5455,1091,4364
"97444",4075,815,3260
"97445",4830,966,3864
"97446",4610,922,3688
"97447",5210,1042,4168
"97448",4865,973,3892
"97449",3890,778,3112
"97450",3550,710,2840
"97451",4245,849,3396
"97452",6105,1221,4884
"97453",4970,994,3976
"97454",4665,933,3732
"97455",3910,782,3128
"97456",4110,822,3288
"97457",4555,911,3644
"97458",5040,1008,4032
"97459",6580,1316,5264
"97460",4465,893,3572
"97461",4480,896,3584
"97462",4625,925,3700
"97463",4440,888,3552
"97464",3275,655,2620
"97465",5530,1106,4424
"97466",4445,889,3556
"97467",5295,1059,4236
"97468",4070,814,3256
"97469",5305,1061,4244
"97470",4670,934,3736
"97471",4855,971,3884
"97472",4160,832,3328
"97473",4060,812,3248
"97474",4645,929,3716
"97475",4850,970,3880
"97476",3550,710,2840
"97477",4410,882,3528
"97478",4255,851,3404
"97479",5825,1165,4660
"97480",3410,682,2728
"97481",4250,850,3400
"97482",4220,844,3376
"97483",4095,819,3276
"97484",3990,798,3192
"97485",4050,810,3240
"97486",3910,782,3128
"97487",3865,773,3092
"97488",4430,886,3544
"97489",4935,987,3948
"97490",4780,956,3824
"97491",4700,940,3760
"97492",4130,826,3304
"97493",4065,813,3252
"97494",4675,935,3740
"97495",4880,976,3904
"97496",4305,861,3444
"97497",4160,832,3328
"97498",4375,875,3500
"97499",3415,683,2732
"97500",4305,861,3444
"97501",4060,812,3248
"97502",4325,865,3460
"97503",4285,857,3428
"97504",5425,1085,4340
"97505",3745,749,2996
"97506",5525,1105,4420
"97507",4900,980,3920
"97508",4420,884,3536
"97509",4260,852,3408
"97510",4175,835,3340
"97511",4350,870,3480
"97512",4645,929,3716
"97513",3730,746,2984
"97514",4505,901,3604
"97515",3925,785,3140
"97516",3915,783,3132
"97517",4510,902,3608
"97518",4920,984,3936
"97519",4870,974,3896
"97520",4365,873,3492
"97521",5300,1060,4240
"97522",4780,956,3824
"97523",4380,876,3504
"97524",6695,1339,5356
"97525",5935,1187,4748
"97526",5485,1097,4388
"97527",4515,903,3612
"97528",4395,879,3516
"97529",3815,763,3052
"97530",4155,831,3324
"97531",3580,716,2864
"97532",5605,1121,4484
"97533",4645,929,3716
"97534",4805,961,3844
"97535",4060,812,3248
"97536",4120,824,3296
"97537",4240,848,3392
"97538",3925,785,3140
"97539",7455,1491,5964
"97540",4105,821,3284
"97541",4815,963,3852
"97542",3665,733,2932
"97543",5355,1071,4284
"97544",4640,928,3712
"97545",4590,918,3672
"97546",3910,782,3128
"97547",7110,1422,5688
"97548",4630,926,3704
"97549",5445,1089,4356
"97550",4460,892,3568
"97551",7545,1509,6036
"97552",5040,1008,4032
"97553",5770,1154,4616
"97554",4995,999,3996
"97555",5655,1131,4524
"97556",4565,913,3652
"97557",4745,949,3796
"97558",3765,753,3012
"97559",4610,922,3688
"97560",3710,742,2968
"97561",4385,877,3508
"97562",4450,890,3560
"97563",4180,836,3344
"97564",4885,977,3908
"97565",4625,925,3700
"97566",5065,1013,4052
"97567",5610,1122,4488
"97568",4860,972,3888
"97569",4685,937,3748
"97570",5475,1095,4380
"97571",3820,764,3056
"97572",4405,881,3524
"97573",5140,1028,4112
"97574",4260,852,3408
"97575",4110,822,3288
"97576",4340,868,3472
"97577",4830,966,3864
"97578",4085,817,3268
"97579",4820,964,3856
"97580",6250,1250,5000
"97581",5265,1053,4212
"97582",4545,909,3636
"97583",4645,929,3716
"97584",3900,780,3120
"97585",4275,855,3420
"97586",4805,961,3844
"97587",3800,760,3040
"97588",3745,749,2996
"97589",5435,1087,4348
"97590",3900,780,3120
"97591",4125,825,3300
"97592",4340,868,3472
"97593",4575,915,3660
"97594",6255,1251,5004
"97595",5335,1067,4268
"97596",3845,769,3076
"97597",4610,922,3688
"97598",6780,1356,5424
"97599",3975,795,3180
"97600",4305,861,3444
"97601",4825,965,3860
"97602",5825,1165,4660
"97603",4730,946,3784
"97604",3695,739,2956
"97605",4015,803,3212
"97606",4285,857,3428
"97607",3560,712,2848
"97608",4470,894,3576
"97609",5125,1025,4100
"97610",5420,1084,4336
"97611",3975,795,3180
"97612",4310,862,3448
"97613",3520,704,2816
"97614",6925,1385,5540
"97615",5210,1042,4168
"97616",4720,944,3776
"97617",3435,687,2748
"97618",6020,1204,4816
"97619",5650,1130,4520
"97620",5080,1016,4064
"97621",5320,1064,4256
"97622",4430,886,3544
"97623",5050,1010,4040
"97624",3515,703,2812
"97625",4305,861,3444
"97626",4605,921,3684
"97627",5100,1020,4080
"97628",4585,917,3668
"97629",4810,962,3848
"97630",4075,815,3260
"97631",5890,1178,4712
"97632",4085,817,3268
"97633",6060,1212,4848
"97634",3690,738,2952
"97635",4110,822,3288
"97636",4730,946,3784
"97637",5205,1041,4164
"97638",4700,940,3760
"97639",3785,757,3028
"97640",5875,1175,4700
"97641",4570,914,3656
"97642",4720,944,3776
"97643",3870,774,3096
"97644",4225,845,3380
"97645",5035,1007,4028
"97646",3540,708,2832
"97647",4335,867,3468
"97648",3940,788,3152
"97649",4490,898,3592
"97650",5135,1027,4108
"97651",3965,793,3172
"97652",4710,942,3768
"97653",3820,764,3056
"97654",5180,1036,4144
"97655",4185,837,3348
"97656",4955,991,3964
"97657",4740,948,3792
"97658",5720,1144,4576
"97659",6500,1300,5200
"97660",4940,988,3952
"97661",6705,1341,5364
"97662",4685,937,3748
"97663",5230,1046,4184
"97664",4890,978,3912
"97665",3705,741,2964
"97666",4135,827,3308
"97667",4075,815,3260
"97668",4125,825,3300
"97669",4570,914,3656
"97670",4185,837,3348
"97671",5050,1010,4040
"97672",3860,772,3088
"97673",3800,760,3040
"97674",3705,741,2964
"97675",3765,753,3012
"97676",5590,1118,4472
"97677",5180,1036,4144
"97678",5805,1161,4644
"97679",3815,763,3052
"97680",4760,952,3808
"97681",4530,906,3624
"97682",6535,1307,5228
"97683",4700,940,3760
"97684",3500,700,2800
"97685",4685,937,3748
"97686",4005,801,3204
"97687",3385,677,2708
"97688",5175,1035,4140
"97689",3900,780,3120
"97690",3330,666,2664
"97691",7130,1426,5704
"97692",4245,849,3396
"97693",5625,1125,4500
"97694",4565,913,3652
"97695",6550,1310,5240
"97696",3660,732,2928
"97697",4550,910,3640
"97698",3910,782,3128
"97699",4240,848,3392
"97700",5570,1114,4456
"97701",5045,1009,4036
"97702",4040,808,3232
"97703",3825,765,3060
"97704",4565,913,3652
"97705",4475,895,3580
"97706",5250,1050,4200
"97707",3595,719,2876
"97708",5285,1057,4228
"97709",4360,872,3488
"97710",3870,774,3096
"97711",5385,1077,4308
"97712",3925,785,3140
"97713",4930,986,3944
"97714",4545,909,3636
"97715",4250,850,3400
"97716",3540,708,2832
"97717",4425,885,3540
"97718",4995,999,3996
"97719",4055,811,3244
"97720",4625,925,3700
"97721",4245,849,3396
"97722",5505,1101,4404
"97723",4935,987,3948
"97724",4235,847,3388
"97725",4065,813,3252
"97726",5020,1004,4016
"97727",3835,767,3068
"97728",6120,1224,4896
"97729",4460,892,3568
"97730",4575,915,3660
"97731",4600,920,3680
"97732",5495,1099,4396
"97733",3870,774,3096
"97734",5550,1110,4440
"97735",5380,1076,4304
"97736",3995,799,3196
"97737",6640,1328,5312
"97738",5260,1052,4208
"97739",4630,926,3704
"97740",6090,1218,4872
"97741",3745,749,2996
"97742",4140,828,3312
"97743",5325,1065,4260
"97744",4735,947,3788
"97745",3635,727,2908
"97746",5010,1002,4008
"97747",4535,907,3628
"97748",4460,892,3568
"97749",5660,1132,4528
"97750",3830,766,3064
"97751",4285,857,3428
"97752",3925,785,3140
"97753",3940,788,3152
"97754",5260,1052,4208
"97755",5905,1181,4724
"97756",5355,1071,4284
"97757",5150,1030,4120
"97758",4035,807,3228
"97759",5095,1019,4076
"97760",3710,742,2968
"97761",4365,873,3492
"97762",5145,1029,4116
"97763",3965,793,3172
"97764",3770,754,3016
"97765",4420,884,3536
"97766",4555,911,3644
"97767",5115,1023,4092
"97768",5895,1179,4716
"97769",4845,969,3876
"97770",5250,1050,4200
"97771",5180,1036,4144
"97772",4620,924,3696
"97773",4605,921,3684
"97774",3650,730,2920
"97775",4250,850,3400
"97776",4385,877,3508
"97777",5350,1070,4280
"97778",4990,998,3992
"97779",4385,877,3508
"97780",4315,863,3452
"97781",3610,722,2888
"97782",4940,988,3952
"97783",4600,920,3680
"97784",4965,993,3972
"97785",6070,1214,4856
"97786",5065,1013,4052
"97787",5390,1078,4312
"97788",4320,864,3456
"97789",4295,859,3436
"97790",4650,930,3720
"97791",5005,1001,4004
"97792",3810,762,3048
"97793",4180,836,3344
"97794",5975,1195,4780
"97795",4465,893,3572
"97796",7120,1424,5696
"97797",4810,962,3848
"97798",4935,987,3948
"97799",4220,844,3376
"97800",4225,845,3380
"97801",4515,903,3612
"97802",5220,1044,4176
"97803",5270,1054,4216
"97804",3800,760,3040
"97805",5480,1096,4384
"97806",4160,832,3328
"97807",3825,765,3060
"97808",5250,1050,4200
"97809",6025,1205,4820
"97810",4595,919,3676
"97811",4085,817,3268
"97812",5625,1125,4500
"97813",5435,1087,4348
"97814",5465,1093,4372
"97815",5970,1194,4776
"97816",5410,1082,4328
"97817",3340,668,2672
"97818",3925,785,3140
"97819",6640,1328,5312
"97820",3380,676,2704
"97821",4100,820,3280
"97822",5085,1017,4068
"97823",4380,876,3504
"97824",5285,1057,4228
"97825",4335,867,3468
"97826",5005,1001,4004
"97827",5595,1119,4476
"97828",4465,893,3572
"97829",5235,1047,4188
"97830",5055,1011,4044
"97831",3930,786,3144
"97832",4310,862,3448
"97833",4405,881,3524
"97834",6470,1294,5176
"97835",5485,1097,4388
"97836",6295,1259,5036
"97837",4965,993,3972
"97838",3865,773,3092
"97839",4035,807,3228
"97840",4060,812,3248
"97841",5195,1039,4156
"97842",5455,1091,4364
"97843",3480,696,2784
"97844",4110,822,3288
"97845",4795,959,3836
"97846",4175,835,3340
"97847",4340,868,3472
"97848",3165,633,2532
"97849",5940,1188,4752
"97850",3745,749,2996
"97851",4025,805,3220
"97852",4215,843,3372
"97853",4475,895,3580
"97854",4185,837,3348
"97855",5705,1141,4564
"97856",4580,916,3664
"97857",4780,956,3824
"97858",4935,987,3948
"97859",3505,701,2804
"97860",3790,758,3032
"97861",3970,794,3176
"97862",7920,1584,6336
"97863",4560,912,3648
"97864",4695,939,3756
"97865",4135,827,3308
"97866",5435,1087,4348
"97867",4340,868,3472
"97868",4355,871,3484
"97869",5645,1129,4516
"97870",4510,902,3608
"97871",4425,885,3540
"97872",4085,817,3268
"97873",6375,1275,5100
"97874",4195,839,3356
"97875",4550,910,3640
"97876",4295,859,3436
"97877",4615,923,3692
"97878",4090,818,3272
"97879",3885,777,3108
"97880",3785,757,3028
"97881",4525,905,3620
"97882",4080,816,3264
"97883",5265,1053,4212
"97884",6545,1309,5236
"97885",4155,831,3324
"97886",4815,963,3852
"97887",4935,987,3948
"97888",4730,946,3784
"97889",4525,905,3620
"97890",4100,820,3280
"97891",5345,1069,4276
"97892",3870,774,3096
"97893",6400,1280,5120
"97894",3810,762,3048
"97895",4985,997,3988
"97896",4375,875,3500
"97897",4530,906,3624
"97898",6295,1259,5036
"97899",5885,1177,4708
"97900",4425,885,3540
"97901",4220,844,3376
"97902",5085,1017,4068
"97903",6495,1299,5196
"97904",4800,960,3840
"97905",5295,1059,4236
"97906",4245,849,3396
"97907",5160,1032,4128
"97908",4635,927,3708
"97909",4255,851,3404
"97910",4810,962,3848
"97911",4475,895,3580
"97912",5185,1037,4148
"97913",5095,1019,4076
"97914",6930,1386,5544
"97915",6945,1389,5556
"97916",6255,1251,5004
"97917",5970,1194,4776
"97918",5390,1078,4312
"97919",3920,784,3136
"97920",5405,1081,4324
"97921",5270,1054,4216
"97922",6970,1394,5576
"97923",4985,997,3988
"97924",4485,897,3588
"97925",3975,795,3180
"97926",4240,848,3392
"97927",5755,1151,4604
"97928",3580,716,2864
"97929",4865,973,3892
"97930",3895,779,3116
"97931",6810,1362,5448
"97932",4935,987,3948
"97933",5710,1142,4568
"97934",5425,1085,4340
"97935",3545,709,2836
"97936",4440,888,3552
"97937",4290,858,3432
"97938",4125,825,3300
"97939",4375,875,3500
"97940",4900,980,3920
"97941",4030,806,3224
"97942",3725,745,2980
"97943",4440,888,3552
"97944",5300,1060,4240
"97945",4610,922,3688
"97946",4150,830,3320
"97947",4395,879,3516
"97948",4880,976,3904
"97949",4460,892,3568
"97950",5510,1102,4408
"97951",4210,842,3368
"97952",3630,726,2904
"97953",5600,1120,4480
"97954",4605,921,3684
"97955",4495,899,3596
"97956",5715,1143,4572
"97957",5050,1010,4040
"97958",4415,883,3532
"97959",4245,849,3396
"97960",4180,836,3344
"97961",4470,894,3576
"97962",4665,933,3732
"97963",4220,844,3376
"97964",4470,894,3576
"97965",4335,867,3468
"97966",4125,825,3300
"97967",4395,879,3516
"97968",4555,911,3644
"97969",4715,943,3772
"97970",5390,1078,4312
"97971",4870,974,3896
"97972",4615,923,3692
"97973",5240,1048,4192
"97974",4775,955,3820
"97975",4045,809,3236
"97976",3880,776,3104
"97977",5625,1125,4500
"97978",4405,881,3524
"97979",7780,1556,6224
"97980",3705,741,2964
"97981",4155,831,3324
"97982",4885,977,3908
"97983",4260,852,3408
"97984",5620,1124,4496
"97985",4645,929,3716
"97986",4105,821,3284
"97987",4340,868,3472
"97988",3970,794,3176
"97989",6750,1350,5400
"97990",4810,962,3848
"97991",5845,1169,4676
"97992",3620,724,2896
"97993",4830,966,3864
"97994",5545,1109,4436
"97995",4795,959,3836
"97996",3020,604,2416
"97997",5390,1078,4312
"97998",3960,792,3168
"97999",4515,903,3612
"98000",3880,776,3104
"98001",4370,874,3496
"98002",5430,1086,4344
"98003",4215,843,3372
"98004",3455,691,2764
"98005",4190,838,3352
"98006",4300,860,3440
"98007",4360,872,3488
"98008",4860,972,3888
"98009",3510,702,2808
"98010",5240,1048,4192
"98011",3695,739,2956
"98012",5095,1019,4076
"98013",4270,854,3416
"98014",3970,794,3176
"98015",5415,1083,4332
"98016",3605,721,2884
"98017",4370,874,3496
"98018",5785,1157,4628
"98019",4080,816,3264
"98020",4210,842,3368
"98021",5585,1117,4468
"98022",3000,600,2400
"98023",4470,894,3576
"98024",4480,896,3584
"98025",5140,1028,4112
"98026",4110,822,3288
"98027",4450,890,3560
"98028",4370,874,3496
"98029",6000,1200,4800
"98030",6120,1224,4896
"98031",5230,1046,4184
"98032",5595,1119,4476
"98033",4200,840,3360
"98034",5865,1173,4692
"98035",4010,802,3208
"98036",3680,736,2944
"98037",5695,1139,4556
"98038",4820,964,3856
"98039",4285,857,3428
"98040",4245,849,3396
"98041",4310,862,3448
"98042",5805,1161,4644
"98043",3810,762,3048
"98044",5320,1064,4256
"98045",5455,1091,4364
"98046",3840,768,3072
"98047",5355,1071,4284
"98048",3390,678,2712
"98049",3195,639,2556
"98050",5230,1046,4184
"98051",4905,981,3924
"98052",5400,1080,4320
"98053",6780,1356,5424
"98054",6195,1239,4956
"98055",4575,915,3660
"98056",5850,1170,4680
"98057",4045,809,3236
"98058",4295,859,3436
"98059",5490,1098,4392
"98060",4295,859,3436
"98061",4905,981,3924
"98062",5830,1166,4664
"98063",4460,892,3568
"98064",4175,835,3340
"98065",5045,1009,4036
"98066",5165,1033,4132
"98067",7995,1599,6396
"98068",3905,781,3124
"98069",3995,799,3196
"98070",4215,843,3372
"98071",4905,981,3924
"98072",5130,1026,4104
"98073",4540,908,3632
"98074",7125,1425,5700
"98075",5020,1004,4016
"98076",4725,945,3780
"98077",4360,872,3488
"98078",4290,858,3432
"98079",4500,900,3600
"98080",4170,834,3336
"98081",4165,833,3332
"98082",4620,924,3696
"98083",4085,817,3268
"98084",4055,811,3244
"98085",4990,998,3992
"98086",3935,787,3148
"98087",3665,733,2932
"98088",5035,1007,4028
"98089",4900,980,3920
"98090",4025,805,3220
"98091",4485,897,3588
"98092",5535,1107,4428
"98093",4880,976,3904
"98094",3995,799,3196
"98095",4870,974,3896
"98096",5585,1117,4468
"98097",5010,1002,4008
"98098",4685,937,3748
"98099",3980,796,3184
"98100",4790,958,3832
"98101",6210,1242,4968
"98102",4855,971,3884
"98103",4645,929,3716
"98104",4025,805,3220
"98105",3950,790,3160
"98106",3580,716,2864
"98107",6705,1341,5364
"98108",4470,894,3576
"98109",4735,947,3788
"98110",3745,749,2996
"98111",4170,834,3336
"98112",4535,907,3628
"98113",5820,1164,4656
"98114",4165,833,3332
"98115",3175,635,2540
"98116",5360,1072,4288
"98117",5350,1070,4280
"98118",4695,939,3756
"98119",4770,954,3816
"98120",4755,951,3804
"98121",5500,1100,4400
"98122",5025,1005,4020
"98123",4365,873,3492
"98124",4000,800,3200
"98125",3765,753,3012
"98126",5270,1054,4216
"98127",5525,1105,4420
"98128",4245,849,3396
"98129",3850,770,3080
"98130",5090,1018,4072
"98131",5495,1099,4396
"98132",5055,1011,4044
"98133",4300,860,3440
"98134",4400,880,3520
"98135",4125,825,3300
"98136",8150,1630,6520
"98137",3460,692,2768
"98138",3700,740,2960
"98139",6225,1245,4980
"98140",4245,849,3396
"98141",6880,1376,5504
"98142",5635,1127,4508
"98143",4955,991,3964
"98144",4430,886,3544
"98145",4120,824,3296
"98146",3945,789,3156
"98147",5715,1143,4572
"98148",4070,814,3256
"98149",5235,1047,4188
"98150",4995,999,3996
"98151",4335,867,3468
"98152",4585,917,3668
"98153",4140,828,3312
"98154",4195,839,3356
"98155",3970,794,3176
"98156",5330,1066,4264
"98157",5175,1035,4140
"98158",5685,1137,4548
"98159",6080,1216,4864
"98160",4925,985,3940
"98161",3930,786,3144
"98162",5420,1084,4336
"98163",5560,1112,4448
"98164",4855,971,3884
"98165",5385,1077,4308
"98166",4265,853,3412
"98167",3960,792,3168
"98168",4280,856,3424
"98169",4445,889,3556
"98170",4690,938,3752
"98171",4550,910,3640
"98172",4800,960,3840
"98173",3305,661,2644
"98174",3490,698,2792
"98175",4025,805,3220
"98176",5115,1023,4092
"98177",3800,760,3040
"98178",4010,802,3208
"98179",6375,1275,5100
"98180",5060,1012,4048
"98181",3080,616,2464
"98182",5625,1125,4500
"98183",4995,999,3996
"98184",5140,1028,4112
"98185",6230,1246,4984
"98186",4975,995,3980
"98187",3230,646,2584
"98188",4905,981,3924
"98189",5610,1122,4488
"98190",5120,1024,4096
"98191",4005,801,3204
"98192",5070,1014,4056
"98193",4080,816,3264
"98194",3895,779,3116
"98195",4605,921,3684
"98196",3565,713,2852
"98197",4925,985,3940
"98198",3650,730,2920
"98199",3765,753,3012
"98200",4230,846,3384
"98201",3750,750,3000
"98202",4145,829,3316
"98203",5125,1025,4100
"98204",3510,702,2808
"98205",5915,1183,4732
"98206",4140,828,3312
"98207",5085,1017,4068
"98208",4655,931,3724
"98209",5145,1029,4116
"98210",3590,718,2872
"98211",4235,847,3388
"98212",3865,773,3092
"98213",4770,954,3816
"98214",3815,763,3052
"98215",4105,821,3284
"98216",4910,982,3928
"98217",5535,1107,4428
"98218",4870,974,3896
"98219",4030,806,3224
"98220",6900,1380,5520
"98221",4545,909,3636
"98222",4085,817,3268
"98223",4550,910,3640
"98224",4080,816,3264
"98225",5040,1008,4032
"98226",5970,1194,4776
"98227",5350,1070,4280
"98228",4450,890,3560
"98229",4385,877,3508
"98230",4295,859,3436
"98231",5445,1089,4356
"98232",4035,807,3228
"98233",3755,751,3004
"98234",3895,779,3116
"98235",4540,908,3632
"98236",5040,1008,4032
"98237",4590,918,3672
"98238",5795,1159,4636
"98239",4185,837,3348
"98240",5155,1031,4124
"98241",5725,1145,4580
"98242",4310,862,3448
"98243",6570,1314,5256
"98244",5170,1034,4136
"98245",4505,901,3604
"98246",4300,860,3440
"98247",5330,1066,4264
"98248",4070,814,3256
"98249",4710,942,3768
"98250",4955,991,3964
"98251",4495,899,3596
"98252",4735,947,3788
"98253",4960,992,3968
"98254",4650,930,3720
"98255",3430,686,2744
"98256",4310,862,3448
"98257",4960,992,3968
"98258",3680,736,2944
"98259",8670,1734,6936
"98260",4115,823,3292
"98261",6925,1385,5540
"98262",4105,821,3284
"98263",3915,783,3132
"98264",5910,1182,4728
"98265",4545,909,3636
"98266",6070,1214,4856
"98267",4625,925,3700
"98268",3760,752,3008
"98269",4545,909,3636
"98270",6365,1273,5092
"98271",4590,918,3672
"98272",5365,1073,4292
"98273",4735,947,3788
"98274",3945,789,3156
"98275",5060,1012,4048
"98276",5135,1027,4108
"98277",4675,935,3740
"98278",4340,868,3472
"98279",3795,759,3036
"98280",4115,823,3292
"98281",4480,896,3584
"98282",4580,916,3664
"98283",4065,813,3252
"98284",4950,990,3960
"98285",5490,1098,4392
"98286",5285,1057,4228
"98287",4265,853,3412
"98288",5145,1029,4116
"98289",4700,940,3760
"98290",5215,1043,4172
"98291",5180,1036,4144
"98292",4270,854,3416
"98293",4280,856,3424
"98294",4740,948,3792
"98295",5520,1104,4416
"98296",8420,1684,6736
"98297",5130,1026,4104
"98298",3680,736,2944
"98299",4630,926,3704
"98300",3695,739,2956
"98301",4435,887,3548
"98302",4365,873,3492
"98303",4165,833,3332
"98304",5250,1050,4200
"98305",5560,1112,4448
"98306",5555,1111,4444
"98307",6000,1200,4800
"98308",4210,842,3368
"98309",5890,1178,4712
"98310",4260,852,3408
"98311",3995,799,3196
"98312",3905,781,3124
"98313",5365,1073,4292
"98314",4700,940,3760
"98315",4595,919,3676
"98316",5330,1066,4264
"98317",5980,1196,4784
"98318",5105,1021,4084
"98319",5195,1039,4156
"98320",4615,923,3692
"98321",4435,887,3548
"98322",4795,959,3836
"98323",4295,859,3436
"98324",5105,1021,4084
"98325",3540,708,2832
"98326",3470,694,2776
"98327",4095,819,3276
"98328",4540,908,3632
"98329",5360,1072,4288
"98330",4245,849,3396
"98331",4905,981,3924
"98332",4610,922,3688
"98333",3840,768,3072
"98334",4620,924,3696
"98335",5785,1157,4628
"98336",5465,1093,4372
"98337",2975,595,2380
"98338",5055,1011,4044
"98339",6160,1232,4928
"98340",3755,751,3004
"98341",5110,1022,4088
"98342",4775,955,3820
"98343",4460,892,3568
"98344",4795,959,3836
"98345",7265,1453,5812
"98346",4145,829,3316
"98347",4720,944,3776
"98348",4365,873,3492
"98349",5025,1005,4020
"98350",4705,941,3764
"98351",3580,716,2864
"98352",5080,1016,4064
"98353",4115,823,3292
"98354",6065,1213,4852
"98355",4540,908,3632
"98356",4105,821,3284
"98357",3935,787,3148
"98358",4290,858,3432
"98359",4330,866,3464
"98360",3890,778,3112
"98361",4495,899,3596
"98362",6605,1321,5284
"98363",4890,978,3912
"98364",4510,902,3608
"98365",3555,711,2844
"98366",4595,919,3676
"98367",4700,940,3760
"98368",4085,817,3268
"98369",4615,923,3692
"98370",4685,937,3748
"98371",9000,1800,7200
"98372",4490,898,3592
"98373",5575,1115,4460
"98374",5340,1068,4272
"98375",4100,820,3280
"98376",5850,1170,4680
"98377",4805,961,3844
"98378",4560,912,3648
"98379",4340,868,3472
"98380",4640,928,3712
"98381",4680,936,3744
"98382",4335,867,3468
"98383",4850,970,3880
"98384",4385,877,3508
"98385",5140,1028,4112
"98386",5675,1135,4540
"98387",4675,935,3740
"98388",3635,727,2908
"98389",5245,1049,4196
"98390",5260,1052,4208
"98391",4380,876,3504
"98392",3635,727,2908
"98393",4015,803,3212
"98394",4745,949,3796
"98395",4365,873,3492
"98396",4950,990,3960
"98397",4105,821,3284
"98398",4130,826,3304
"98399",3800,760,3040
"98400",6665,1333,5332
"98401",5400,1080,4320
"98402",4460,892,3568
"98403",5660,1132,4528
"98404",5060,1012,4048
"98405",5860,1172,4688
"98406",4120,824,3296
"98407",4770,954,3816
"98408",4220,844,3376
"98409",5770,1154,4616
"98410",4380,876,3504
"98411",5220,1044,4176
"98412",5640,1128,4512
"98413",4375,875,3500
"98414",4405,881,3524
"98415",4430,886,3544
"98416",4960,992,3968
"98417",4100,820,3280
"98418",6795,1359,5436
"98419",4860,972,3888
"98420",7750,1550,6200
"98421",5215,1043,4172
"98422",4315,863,3452
"98423",3995,799,3196
"98424",4030,806,3224
"98425",5500,1100,4400
"98426",4975,995,3980
"98427",4540,908,3632
"98428",5015,1003,4012
"98429",4305,861,3444
"98430",5730,1146,4584
"98431",3690,738,2952
"98432",5145,1029,4116
"98433",4395,879,3516
"98434",5705,1141,4564
"98435",5530,1106,4424
"98436",4240,848,3392
"98437",4485,897,3588
"98438",5635,1127,4508
"98439",4585,917,3668
"98440",4940,988,3952
"98441",3830,766,3064
"98442",5325,1065,4260
"98443",5010,1002,4008
"98444",4965,993,3972
"98445",6165,1233,4932
"98446",4235,847,3388
"98447",4600,920,3680
"98448",4240,848,3392
"98449",6000,1200,4800
"98450",4730,946,3784
"98451",6865,1373,5492
"98452",4535,907,3628
"98453",3925,785,3140
"98454",5090,1018,4072
"98455",4385,877,3508
"98456",7400,1480,5920
"98457",5240,1048,4192
"98458",3995,799,3196
"98459",3975,795,3180
"98460",5245,1049,4196
"98461",3310,662,2648
"98462",5125,1025,4100
"98463",3595,719,2876
"98464",4310,862,3448
"98465",9125,1825,7300
"98466",4825,965,3860
"98467",5300,1060,4240
"98468",4530,906,3624
"98469",4550,910,3640
"98470",5360,1072,4288
"98471",3370,674,2696
"98472",4240,848,3392
"98473",5460,1092,4368
"98474",4190,838,3352
"98475",4810,962,3848
"98476",5360,1072,4288
"98477",5075,1015,4060
"98478",4510,902,3608
"98479",4635,927,3708
"98480",4565,913,3652
"98481",3580,716,2864
"98482",4260,852,3408
"98483",3635,727,2908
"98484",5075,1015,4060
"98485",4100,820,3280
"98486",3815,763,3052
"98487",4705,941,3764
"98488",4765,953,3812
"98489",4605,921,3684
"98490",4800,960,3840
"98491",4550,910,3640
"98492",4460,892,3568
"98493",4295,859,3436
"98494",5075,1015,4060
"98495",5625,1125,4500
"98496",3725,745,2980
"98497",4595,919,3676
"98498",3980,796,3184
"98499",4235,847,3388
"98500",4100,820,3280
"98501",4185,837,3348
"98502",3515,703,2812
"98503",4300,860,3440
"98504",6620,1324,5296
"98505",5125,1025,4100
"98506",5465,1093,4372
"98507",3780,756,3024
"98508",4290,858,3432
"98509",3960,792,3168
"98510",5620,1124,4496
"98511",4585,917,3668
"98512",3965,793,3172
"98513",4220,844,3376
"98514",4010,802,3208
"98515",4450,890,3560
"98516",4380,876,3504
"98517",4520,904,3616
"98518",4380,876,3504
"98519",5690,1138,4552
"98520",5595,1119,4476
"98521",3895,779,3116
"98522",4630,926,3704
"98523",5515,1103,4412
"98524",5235,1047,4188
"98525",4740,948,3792
"98526",4405,881,3524
"98527",4260,852,3408
"98528",6280,1256,5024
"98529",3990,798,3192
"98530",3985,797,3188
"98531",3760,752,3008
"98532",3535,707,2828
"98533",5420,1084,4336
"98534",4185,837,3348
"98535",4650,930,3720
"98536",6055,1211,4844
"98537",5075,1015,4060
"98538",3455,691,2764
"98539",5050,1010,4040
"98540",4800,960,3840
"98541",4190,838,3352
"98542",6120,1224,4896
"98543",3550,710,2840
"98544",4520,904,3616
"98545",3625,725,2900
"98546",4735,947,3788
"98547",5675,1135,4540
"98548",4105,821,3284
"98549",5615,1123,4492
"98550",4485,897,3588
"98551",6060,1212,4848
"98552",4940,988,3952
"98553",5065,1013,4052
"98554",4890,978,3912
"98555",4885,977,3908
"98556",4475,895,3580
"98557",4945,989,3956
"98558",3355,671,2684
"98559",8385,1677,6708
"98560",6125,1225,4900
"98561",4175,835,3340
"98562",4185,837,3348
"98563",5685,1137,4548
"98564",3750,750,3000
"98565",5010,1002,4008
"98566",5275,1055,4220
"98567",4655,931,3724
"98568",5070,1014,4056
"98569",3990,798,3192
"98570",5695,1139,4556
"98571",5675,1135,4540
"98572",5100,1020,4080
"98573",4225,845,3380
"98574",3750,750,3000
"98575",4395,879,3516
"98576",5305,1061,4244
"98577",6000,1200,4800
"98578",3900,780,3120
"98579",5415,1083,4332
"98580",6815,1363,5452
"98581",4085,817,3268
"98582",4300,860,3440
"98583",4330,866,3464
"98584",4625,925,3700
"98585",8120,1624,6496
"98586",4720,944,3776
"98587",6580,1316,5264
"98588",3535,707,2828
"98589",4160,832,3328
"98590",4165,833,3332
"98591",4195,839,3356
"98592",3865,773,3092
"98593",3795,759,3036
"98594",5165,1033,4132
"98595",4485,897,3588
"98596",4710,942,3768
"98597",4415,883,3532
"98598",5380,1076,4304
"98599",4845,969,3876
"98600",5850,1170,4680
"98601",4535,907,3628
"98602",3745,749,2996
"98603",4150,830,3320
"98604",4725,945,3780
"98605",4845,969,3876
"98606",3740,748,2992
"98607",4595,919,3676
"98608",6310,1262,5048
"98609",4980,996,3984
"98610",5585,1117,4468
"98611",4975,995,3980
"98612",5300,1060,4240
"98613",3940,788,3152
"98614",6380,1276,5104
"98615",5365,1073,4292
"98616",5390,1078,4312
"98617",5290,1058,4232
"98618",5705,1141,4564
"98619",4945,989,3956
"98620",4520,904,3616
"98621",5030,1006,4024
"98622",5705,1141,4564
"98623",4740,948,3792
"98624",4265,853,3412
"98625",3400,680,2720
"98626",4060,812,3248
"98627",5520,1104,4416
"98628",5010,1002,4008
"98629",5150,1030,4120
"98630",4620,924,3696
"98631",4270,854,3416
"98632",6415,1283,5132
"98633",3985,797,3188
"98634",3990,798,3192
"98635",5320,1064,4256
"98636",4540,908,3632
"98637",4245,849,3396
"98638",5605,1121,4484
"98639",4790,958,3832
"98640",4395,879,3516
"98641",5470,1094,4376
"98642",4040,808,3232
"98643",4005,801,3204
"98644",4850,970,3880
"98645",4170,834,3336
"98646",4430,886,3544
"98647",4045,809,3236
"98648",4665,933,3732
"98649",4320,864,3456
"98650",3200,640,2560
"98651",5585,1117,4468
"98652",4955,991,3964
"98653",4750,950,3800
"98654",4405,881,3524
"98655",5025,1005,4020
"98656",4515,903,3612
"98657",4130,826,3304
"98658",5235,1047,4188
"98659",3960,792,3168
"98660",4600,920,3680
"98661",3655,731,2924
"98662",3770,754,3016
"98663",4855,971,3884
"98664",5345,1069,4276
"98665",3900,780,3120
"98666",6500,1300,5200
"98667",5115,1023,4092
"98668",4520,904,3616
"98669",4330,866,3464
"98670",3520,704,2816
"98671",4600,920,3680
"98672",5115,1023,4092
"98673",5210,1042,4168
"98674",4720,944,3776
"98675",5085,1017,4068
"98676",4860,972,3888
"98677",4050,810,3240
"98678",4375,875,3500
"98679",4380,876,3504
"98680",6500,1300,5200
"98681",5350,1070,4280
"98682",4025,805,3220
"98683",5675,1135,4540
"98684",4350,870,3480
"98685",4650,930,3720
"98686",4095,819,3276
"98687",5015,1003,4012
"98688",4265,853,3412
"98689",3945,789,3156
"98690",3595,719,2876
"98691",4940,988,3952
"98692",4645,929,3716
"98693",3840,768,3072
"98694",4405,881,3524
"98695",3630,726,2904
"98696",4280,856,3424
"98697",4655,931,3724
"98698",5520,1104,4416
"98699",4235,847,3388
"98700",5400,1080,4320
"98701",5225,1045,4180
"98702",5005,1001,4004
"98703",5185,1037,4148
"98704",8010,1602,6408
"98705",4345,869,3476
"98706",4175,835,3340
"98707",4285,857,3428
"98708",3875,775,3100
"98709",5775,1155,4620
"98710",4230,846,3384
"98711",4700,940,3760
"98712",5700,1140,4560
"98713",3765,753,3012
"98714",3655,731,2924
"98715",4245,849,3396
"98716",4540,908,3632
"98717",4780,956,3824
"98718",4820,964,3856
"98719",4245,849,3396
"98720",4375,875,3500
"98721",5125,1025,4100
"98722",5760,1152,4608
"98723",3815,763,3052
"98724",4120,824,3296
"98725",5185,1037,4148
"98726",3940,788,3152
"98727",3775,755,3020
"98728",4685,937,3748
"98729",3300,660,2640
"98730",3850,770,3080
"98731",3415,683,2732
"98732",3380,676,2704
"98733",4285,857,3428
"98734",4170,834,3336
"98735",4830,966,3864
"98736",4905,981,3924
"98737",5125,1025,4100
"98738",5605,1121,4484
"98739",5975,1195,4780
"98740",4770,954,3816
"98741",4965,993,3972
"98742",3695,739,2956
"98743",6330,1266,5064
"98744",4445,889,3556
"98745",4405,881,3524
"98746",4435,887,3548
"98747",5715,1143,4572
"98748",4770,954,3816
"98749",4385,877,3508
"98750",7460,1492,5968
"98751",4930,986,3944
"98752",4580,916,3664
"98753",6230,1246,4984
"98754",4160,832,3328
"98755",3845,769,3076
"98756",5940,1188,4752
"98757",4470,894,3576
"98758",4345,869,3476
"98759",4165,833,3332
"98760",4905,981,3924
"98761",3825,765,3060
"98762",5090,1018,4072
"98763",4415,883,3532
"98764",3895,779,3116
"98765",3905,781,3124
"98766",5340,1068,4272
"98767",4905,981,3924
"98768",4860,972,3888
"98769",5885,1177,4708
"98770",5185,1037,4148
"98771",4915,983,3932
"98772",5100,1020,4080
"98773",5300,1060,4240
"98774",6020,1204,4816
"98775",4005,801,3204
"98776",4465,893,3572
"98777",4050,810,3240
"98778",10105,2021,8084
"98779",4965,993,3972
"98780",3590,718,2872
"98781",4400,880,3520
"98782",4360,872,3488
"98783",5385,1077,4308
"98784",4310,862,3448
"98785",4665,933,3732
"98786",5045,1009,4036
"98787",5235,1047,4188
"98788",4215,843,3372
"98789",4015,803,3212
"98790",4860,972,3888
"98791",5185,1037,4148
"98792",5710,1142,4568
"98793",4290,858,3432
"98794",4715,943,3772
"98795",5525,1105,4420
"98796",4635,927,3708
"98797",4640,928,3712
"98798",4430,886,3544
"98799",5270,1054,4216
"98800",4340,868,3472
"98801",3880,776,3104
"98802",4745,949,3796
"98803",5730,1146,4584
"98804",4395,879,3516
"98805",4055,811,3244
"98806",5450,1090,4360
"98807",4205,841,3364
"98808",4940,988,3952
"98809",3225,645,2580
"98810",5375,1075,4300
"98811",5480,1096,4384
"98812",6505,1301,5204
"98813",5005,1001,4004
"98814",4200,840,3360
"98815",6295,1259,5036
"98816",4540,908,3632
"98817",4440,888,3552
"98818",5240,1048,4192
"98819",4020,804,3216
"98820",4245,849,3396
"98821",4545,909,3636
"98822",3690,738,2952
"98823",4975,995,3980
"98824",5410,1082,4328
"98825",4375,875,3500
"98826",4450,890,3560
"98827",4435,887,3548
"98828",4865,973,3892
"98829",5525,1105,4420
"98830",5595,1119,4476
"98831",4965,993,3972
"98832",4985,997,3988
"98833",4390,878,3512
"98834",4490,898,3592
"98835",3595,719,2876
"98836",5180,1036,4144
"98837",6515,1303,5212
"98838",4330,866,3464
"98839",5665,1133,4532
"98840",4800,960,3840
"98841",5300,1060,4240
"98842",5060,1012,4048
"98843",5965,1193,4772
"98844",4655,931,3724
"98845",3915,783,3132
"98846",4540,908,3632
"98847",5080,1016,4064
"98848",4865,973,3892
"98849",4655,931,3724
"98850",4865,973,3892
"98851",4820,964,3856
"98852",5140,1028,4112
"98853",5365,1073,4292
"98854",4720,944,3776
"98855",5055,1011,4044
"98856",4515,903,3612
"98857",4155,831,3324
"98858",4695,939,3756
"98859",5260,1052,4208
"98860",4795,959,3836
"98861",4180,836,3344
"98862",4025,805,3220
"98863",4025,805,3220
"98864",4275,855,3420
"98865",4800,960,3840
"98866",4565,913,3652
"98867",3850,770,3080
"98868",4135,827,3308
"98869",4550,910,3640
"98870",4515,903,3612
"98871",4340,868,3472
"98872",5415,1083,4332
"98873",3985,797,3188
"98874",3590,718,2872
"98875",5515,1103,4412
"98876",4025,805,3220
"98877",4135,827,3308
"98878",5175,1035,4140
"98879",3785,757,3028
"98880",3770,754,3016
"98881",4465,893,3572
"98882",4080,816,3264
"98883",3895,779,3116
"98884",4415,883,3532
"98885",5115,1023,4092
"98886",3705,741,2964
"98887",4810,962,3848
"98888",5385,1077,4308
"98889",4520,904,3616
"98890",5985,1197,4788
"98891",4895,979,3916
"98892",4340,868,3472
"98893",4075,815,3260
"98894",4060,812,3248
"98895",4620,924,3696
"98896",3645,729,2916
"98897",4320,864,3456
"98898",4410,882,3528
"98899",4530,906,3624
"98900",5405,1081,4324
"98901",4595,919,3676
"98902",6785,1357,5428
"98903",3530,706,2824
"98904",4760,952,3808
"98905",5295,1059,4236
"98906",4475,895,3580
"98907",4085,817,3268
"98908",4035,807,3228
"98909",5605,1121,4484
"98910",6005,1201,4804
"98911",3730,746,2984
"98912",5570,1114,4456
"98913",6895,1379,5516
"98914",5605,1121,4484
"98915",4460,892,3568
"98916",4015,803,3212
"98917",5545,1109,4436
"98918",4475,895,3580
"98919",6085,1217,4868
"98920",5595,1119,4476
"98921",4390,878,3512
"98922",3810,762,3048
"98923",4270,854,3416
"98924",4500,900,3600
"98925",4455,891,3564
"98926",3915,783,3132
"98927",3955,791,3164
"98928",4935,987,3948
"98929",4535,907,3628
"98930",4425,885,3540
"98931",4405,881,3524
"98932",4625,925,3700
"98933",5305,1061,4244
"98934",5880,1176,4704
"98935",4010,802,3208
"98936",3815,763,3052
"98937",4330,866,3464
"98938",4220,844,3376
"98939",5260,1052,4208
"98940",3775,755,3020
"98941",4470,894,3576
"98942",4735,947,3788
"98943",4300,860,3440
"98944",5770,1154,4616
"98945",4600,920,3680
"98946",4585,917,3668
"98947",4940,988,3952
"98948",4300,860,3440
"98949",4725,945,3780
"98950",4535,907,3628
"98951",6395,1279,5116
"98952",8675,1735,6940
"98953",4295,859,3436
"98954",4760,952,3808
"98955",3785,757,3028
"98956",3400,680,2720
"98957",4140,828,3312
"98958",4830,966,3864
"98959",5975,1195,4780
"98960",4845,969,3876
"98961",4640,928,3712
"98962",3705,741,2964
"98963",4450,890,3560
"98964",3375,675,2700
"98965",6055,1211,4844
"98966",4370,874,3496
"98967",4250,850,3400
"98968",4025,805,3220
"98969",3750,750,3000
"98970",4130,826,3304
"98971",4200,840,3360
"98972",4460,892,3568
"98973",3930,786,3144
"98974",4885,977,3908
"98975",4735,947,3788
"98976",6300,1260,5040
"98977",3635,727,2908
"98978",5775,1155,4620
"98979",5925,1185,4740
"98980",3920,784,3136
"98981",7500,1500,6000
"98982",4105,821,3284
"98983",5360,1072,4288
"98984",4160,832,3328
"98985",3875,775,3100
"98986",5565,1113,4452
"98987",4715,943,3772
"98988",3995,799,3196
"98989",5115,1023,4092
"98990",4205,841,3364
"98991",4495,899,3596
"98992",4035,807,3228
"98993",5050,1010,4040
"98994",10140,2028,8112
"98995",3930,786,3144
"98996",4185,837,3348
"98997",4250,850,3400
"98998",3525,705,2820
"98999",4145,829,3316
"99000",5115,1023,4092
"99001",4395,879,3516
"99002",5440,1088,4352
"99003",4225,845,3380
"99004",3740,748,2992
"99005",4625,925,3700
"99006",4005,801,3204
"99007",9065,1813,7252
"99008",4410,882,3528
"99009",5170,1034,4136
"99010",4800,960,3840
"99011",4370,874,3496
"99012",5075,1015,4060
"99013",4330,866,3464
"99014",4935,987,3948
"99015",5675,1135,4540
"99016",4100,820,3280
"99017",6105,1221,4884
"99018",5415,1083,4332
"99019",4815,963,3852
"99020",3670,734,2936
"99021",3730,746,2984
"99022",7180,1436,5744
"99023",4115,823,3292
"99024",4525,905,3620
"99025",4725,945,3780
"99026",6450,1290,5160
"99027",5100,1020,4080
"99028",5015,1003,4012
"99029",6295,1259,5036
"99030",5515,1103,4412
"99031",5035,1007,4028
"99032",4070,814,3256
"99033",6510,1302,5208
"99034",4520,904,3616
"99035",5505,1101,4404
"99036",5405,1081,4324
"99037",3950,790,3160
"99038",4640,928,3712
"99039",6930,1386,5544
"99040",5885,1177,4708
"99041",5080,1016,4064
"99042",4890,978,3912
"99043",5260,1052,4208
"99044",6210,1242,4968
"99045",5075,1015,4060
"99046",3750,750,3000
"99047",4365,873,3492
"99048",4545,909,3636
"99049",3970,794,3176
"99050",4170,834,3336
"99051",4120,824,3296
"99052",5470,1094,4376
"99053",4090,818,3272
"99054",4570,914,3656
"99055",4330,866,3464
"99056",3795,759,3036
"99057",4060,812,3248
"99058",5560,1112,4448
"99059",4025,805,3220
"99060",4425,885,3540
"99061",4930,986,3944
"99062",4720,944,3776
"99063",3395,679,2716
"99064",4230,846,3384
"99065",3855,771,3084
"99066",4285,857,3428
"99067",4720,944,3776
"99068",3995,799,3196
"99069",5655,1131,4524
"99070",3855,771,3084
"99071",4415,883,3532
"99072",5070,1014,4056
"99073",4300,860,3440
"99074",3475,695,2780
"99075",6200,1240,4960
"99076",3430,686,2744
"99077",4835,967,3868
"99078",5210,1042,4168
"99079",4540,908,3632
"99080",4730,946,3784
"99081",6105,1221,4884
"99082",4055,811,3244
"99083",4460,892,3568
"99084",4745,949,3796
"99085",5385,1077,4308
"99086",3320,664,2656
"99087",4065,813,3252
"99088",3660,732,2928
"99089",4715,943,3772
"99090",5195,1039,4156
"99091",5375,1075,4300
"99092",5695,1139,4556
"99093",4015,803,3212
"99094",6610,1322,5288
"99095",3645,729,2916
"99096",5550,1110,4440
"99097",4405,881,3524
"99098",5775,1155,4620
"99099",3885,777,3108
"99100",3430,686,2744
"99101",4540,908,3632
"99102",4020,804,3216
"99103",5990,1198,4792
"99104",5335,1067,4268
"99105",4320,864,3456
"99106",4425,885,3540
"99107",5165,1033,4132
"99108",3700,740,2960
"99109",5005,1001,4004
"99110",4450,890,3560
"99111",6495,1299,5196
"99112",4700,940,3760
"99113",5130,1026,4104
"99114",4225,845,3380
"99115",5810,1162,4648
"99116",5355,1071,4284
"99117",4900,980,3920
"99118",4195,839,3356
"99119",4350,870,3480
"99120",5940,1188,4752
"99121",5565,1113,4452
"99122",5575,1115,4460
"99123",5190,1038,4152
"99124",3220,644,2576
"99125",3720,744,2976
"99126",5085,1017,4068
"99127",4300,860,3440
"99128",4090,818,3272
"99129",3735,747,2988
"99130",4675,935,3740
"99131",3975,795,3180
"99132",4840,968,3872
"99133",5450,1090,4360
"99134",4650,930,3720
"99135",5420,1084,4336
"99136",4700,940,3760
"99137",3980,796,3184
"99138",5215,1043,4172
"99139",4905,981,3924
"99140",4800,960,3840
"99141",3585,717,2868
"99142",4180,836,3344
"99143",5025,1005,4020
"99144",4135,827,3308
"99145",4855,971,3884
"99146",4050,810,3240
"99147",4470,894,3576
"99148",4800,960,3840
"99149",5510,1102,4408
"99150",3925,785,3140
"99151",5495,1099,4396
"99152",5285,1057,4228
"99153",4075,815,3260
"99154",4520,904,3616
"99155",4760,952,3808
"99156",4755,951,3804
"99157",4360,872,3488
"99158",5000,1000,4000
"99159",5380,1076,4304
"99160",6035,1207,4828
"99161",3800,760,3040
"99162",5325,1065,4260
"99163",6130,1226,4904
"99164",3775,755,3020
"99165",5390,1078,4312
"99166",5625,1125,4500
"99167",5310,1062,4248
"99168",4350,870,3480
"99169",6040,1208,4832
"99170",4670,934,3736
"99171",4460,892,3568
"99172",4150,830,3320
"99173",5100,1020,4080
"99174",4530,906,3624
"99175",4420,884,3536
"99176",5705,1141,4564
"99177",4020,804,3216
"99178",4350,870,3480
"99179",4635,927,3708
"99180",4805,961,3844
"99181",5185,1037,4148
"99182",5565,1113,4452
"99183",4570,914,3656
"99184",5325,1065,4260
"99185",4565,913,3652
"99186",4070,814,3256
"99187",4870,974,3896
"99188",4265,853,3412
"99189",4585,917,3668
"99190",5230,1046,4184
"99191",4500,900,3600
"99192",5355,1071,4284
"99193",5060,1012,4048
"99194",5670,1134,4536
"99195",4275,855,3420
"99196",6015,1203,4812
"99197",6600,1320,5280
"99198",5340,1068,4272
"99199",3790,758,3032
"99200",3460,692,2768
"99201",4325,865,3460
"99202",4340,868,3472
"99203",3945,789,3156
"99204",4790,958,3832
"99205",4710,942,3768
"99206",3690,738,2952
"99207",4495,899,3596
"99208",4725,945,3780
"99209",4150,830,3320
"99210",4190,838,3352
"99211",3645,729,2916
"99212",3875,775,3100
"99213",6395,1279,5116
"99214",4840,968,3872
"99215",3980,796,3184
"99216",5610,1122,4488
"99217",3800,760,3040
"99218",3560,712,2848
"99219",5445,1089,4356
"99220",3755,751,3004
"99221",3710,742,2968
"99222",4620,924,3696
"99223",3835,767,3068
"99224",4905,981,3924
"99225",3905,781,3124
"99226",5070,1014,4056
"99227",4300,860,3440
"99228",5125,1025,4100
"99229",7195,1439,5756
"99230",5670,1134,4536
"99231",3835,767,3068
"99232",4725,945,3780
"99233",4230,846,3384
"99234",4105,821,3284
"99235",3930,786,3144
"99236",3765,753,3012
"99237",4240,848,3392
"99238",5205,1041,4164
"99239",6160,1232,4928
"99240",5220,1044,4176
"99241",5360,1072,4288
"99242",4780,956,3824
"99243",5790,1158,4632
"99244",5235,1047,4188
"99245",4100,820,3280
"99246",5195,1039,4156
"99247",4585,917,3668
"99248",4730,946,3784
"99249",3815,763,3052
"99250",5300,1060,4240
"99251",3880,776,3104
"99252",5170,1034,4136
"99253",6015,1203,4812
"99254",4370,874,3496
"99255",5785,1157,4628
"99256",6025,1205,4820
"99257",4415,883,3532
"99258",4530,906,3624
"99259",3465,693,2772
"99260",5380,1076,4304
"99261",6570,1314,5256
"99262",4675,935,3740
"99263",4540,908,3632
"99264",3835,767,3068
"99265",3590,718,2872
"99266",6060,1212,4848
"99267",5520,1104,4416
"99268",6005,1201,4804
"99269",5355,1071,4284
"99270",5330,1066,4264
"99271",6455,1291,5164
"99272",4390,878,3512
"99273",4185,837,3348
"99274",4190,838,3352
"99275",4680,936,3744
"99276",5245,1049,4196
"99277",3920,784,3136
"99278",3685,737,2948
"99279",4350,870,3480
"99280",6685,1337,5348
"99281",6670,1334,5336
"99282",4170,834,3336
"99283",5755,1151,4604
"99284",5125,1025,4100
"99285",4070,814,3256
"99286",3985,797,3188
"99287",5085,1017,4068
"99288",4045,809,3236
"99289",5185,1037,4148
"99290",4485,897,3588
"99291",5275,1055,4220
"99292",4700,940,3760
"99293",4215,843,3372
"99294",3930,786,3144
"99295",4635,927,3708
"99296",4725,945,3780
"99297",4920,984,3936
"99298",4665,933,3732
"99299",5535,1107,4428
"99300",4790,958,3832
"99301",5500,1100,4400
"99302",4625,925,3700
"99303",5140,1028,4112
"99304",4235,847,3388
"99305",4920,984,3936
"99306",3355,671,2684
"99307",4160,832,3328
"99308",4280,856,3424
"99309",7115,1423,5692
"99310",4240,848,3392
"99311",5165,1033,4132
"99312",3795,759,3036
"99313",5490,1098,4392
"99314",4130,826,3304
"99315",4735,947,3788
"99316",5395,1079,4316
"99317",8195,1639,6556
"99318",7760,1552,6208
"99319",7190,1438,5752
"99320",5960,1192,4768
"99321",5945,1189,4756
"99322",4235,847,3388
"99323",5435,1087,4348
"99324",3910,782,3128
"99325",4840,968,3872
"99326",5405,1081,4324
"99327",5135,1027,4108
"99328",5375,1075,4300
"99329",5320,1064,4256
"99330",3960,792,3168
"99331",4510,902,3608
"99332",4535,907,3628
"99333",3385,677,2708
"99334",4885,977,3908
"99335",4985,997,3988
"99336",6275,1255,5020
"99337",5515,1103,4412
"99338",4105,821,3284
"99339",5850,1170,4680
"99340",5265,1053,4212
"99341",4275,855,3420
"99342",4575,915,3660
"99343",4490,898,3592
"99344",4135,827,3308
"99345",3790,758,3032
"99346",3605,721,2884
"99347",4400,880,3520
"99348",8060,1612,6448
"99349",4045,809,3236
"99350",5110,1022,4088
"99351",4685,937,3748
"99352",4730,946,3784
"99353",4020,804,3216
"99354",4075,815,3260
"99355",3925,785,3140
"99356",5580,1116,4464
"99357",5050,1010,4040
"99358",6075,1215,4860
"99359",3670,734,2936
"99360",4350,870,3480
"99361",4960,992,3968
"99362",6095,1219,4876
"99363",4435,887,3548
"99364",5155,1031,4124
"99365",3405,681,2724
"99366",3990,798,3192
"99367",4045,809,3236
"99368",4425,885,3540
"99369",3950,790,3160
"99370",6275,1255,5020
"99371",5335,1067,4268
"99372",5185,1037,4148
"99373",5050,1010,4040
"99374",5080,1016,4064
"99375",3895,779,3116
"99376",4795,959,3836
"99377",4220,844,3376
"99378",5110,1022,4088
"99379",4295,859,3436
"99380",4755,951,3804
"99381",4695,939,3756
"99382",3995,799,3196
"99383",5920,1184,4736
"99384",4745,949,3796
"99385",6970,1394,5576
"99386",4095,819,3276
"99387",5035,1007,4028
"99388",4360,872,3488
"99389",4100,820,3280
"99390",4205,841,3364
"99391",4410,882,3528
"99392",4965,993,3972
"99393",5415,1083,4332
"99394",4460,892,3568
"99395",4215,843,3372
"99396",5435,1087,4348
"99397",5160,1032,4128
"99398",4545,909,3636
"99399",5675,1135,4540
"99400",4580,916,3664
"99401",3965,793,3172
"99402",4135,827,3308
"99403",5340,1068,4272
"99404",5105,1021,4084
"99405",5480,1096,4384
"99406",4795,959,3836
"99407",3895,779,3116
"99408",3525,705,2820
"99409",4555,911,3644
"99410",4945,989,3956
"99411",4865,973,3892
"99412",4440,888,3552
"99413",3975,795,3180
"99414",4455,891,3564
"99415",4235,847,3388
"99416",4995,999,3996
"99417",3730,746,2984
"99418",4140,828,3312
"99419",4620,924,3696
"99420",5325,1065,4260
"99421",5315,1063,4252
"99422",4400,880,3520
"99423",3820,764,3056
"99424",5235,1047,4188
"99425",3620,724,2896
"99426",4375,875,3500
"99427",5260,1052,4208
"99428",5285,1057,4228
"99429",4650,930,3720
"99430",4875,975,3900
"99431",5580,1116,4464
"99432",3620,724,2896
"99433",3725,745,2980
"99434",4465,893,3572
"99435",5015,1003,4012
"99436",5545,1109,4436
"99437",3375,675,2700
"99438",4760,952,3808
"99439",5935,1187,4748
"99440",7250,1450,5800
"99441",3685,737,2948
"99442",3870,774,3096
"99443",4960,992,3968
"99444",4500,900,3600
"99445",4535,907,3628
"99446",5180,1036,4144
"99447",5335,1067,4268
"99448",5625,1125,4500
"99449",5070,1014,4056
"99450",6175,1235,4940
"99451",5610,1122,4488
"99452",5985,1197,4788
"99453",5015,1003,4012
"99454",5125,1025,4100
"99455",4890,978,3912
"99456",5155,1031,4124
"99457",3630,726,2904
"99458",5420,1084,4336
"99459",5505,1101,4404
"99460",4330,866,3464
"99461",4445,889,3556
"99462",4545,909,3636
"99463",4595,919,3676
"99464",5425,1085,4340
"99465",4165,833,3332
"99466",4015,803,3212
"99467",4575,915,3660
"99468",6115,1223,4892
"99469",4295,859,3436
"99470",4375,875,3500
"99471",4510,902,3608
"99472",5090,1018,4072
"99473",5075,1015,4060
"99474",4885,977,3908
"99475",3520,704,2816
"99476",4405,881,3524
"99477",5865,1173,4692
"99478",5535,1107,4428
"99479",6670,1334,5336
"99480",4520,904,3616
"99481",3835,767,3068
"99482",3865,773,3092
"99483",3770,754,3016
"99484",7895,1579,6316
"99485",3570,714,2856
"99486",4150,830,3320
"99487",3585,717,2868
"99488",4395,879,3516
"99489",4450,890,3560
"99490",3990,798,3192
"99491",5215,1043,4172
"99492",4415,883,3532
"99493",4200,840,3360
"99494",3915,783,3132
"99495",5335,1067,4268
"99496",6520,1304,5216
"99497",4630,926,3704
"99498",3670,734,2936
"99499",3985,797,3188
"99500",4770,954,3816
"99501",4550,910,3640
"99502",3530,706,2824
"99503",4545,909,3636
"99504",4505,901,3604
"99505",5840,1168,4672
"99506",3900,780,3120
"99507",4445,889,3556
"99508",3770,754,3016
"99509",3840,768,3072
"99510",5495,1099,4396
"99511",4390,878,3512
"99512",4385,877,3508
"99513",5175,1035,4140
"99514",5540,1108,4432
"99515",5395,1079,4316
"99516",3915,783,3132
"99517",3740,748,2992
"99518",3905,781,3124
"99519",4635,927,3708
"99520",3760,752,3008
"99521",4185,837,3348
"99522",4390,878,3512
"99523",4480,896,3584
"99524",5595,1119,4476
"99525",5460,1092,4368
"99526",3720,744,2976
"99527",4265,853,3412
"99528",4380,876,3504
"99529",4510,902,3608
"99530",6270,1254,5016
"99531",4605,921,3684
"99532",5180,1036,4144
"99533",4500,900,3600
"99534",4215,843,3372
"99535",3845,769,3076
"99536",4410,882,3528
"99537",5640,1128,4512
"99538",4120,824,3296
"99539",4765,953,3812
"99540",3980,796,3184
"99541",4110,822,3288
"99542",3975,795,3180
"99543",6880,1376,5504
"99544",4410,882,3528
"99545",4635,927,3708
"99546",3665,733,2932
"99547",4770,954,3816
"99548",5535,1107,4428
"99549",5385,1077,4308
"99550",4520,904,3616
"99551",3885,777,3108
"99552",5265,1053,4212
"99553",4050,810,3240
"99554",3935,787,3148
"99555",4505,901,3604
"99556",4025,805,3220
"99557",3780,756,3024
"99558",4820,964,3856
"99559",4105,821,3284
"99560",3645,729,2916
"99561",3375,675,2700
"99562",4060,812,3248
"99563",6120,1224,4896
"99564",3690,738,2952
"99565",4305,861,3444
"99566",5180,1036,4144
"99567",3850,770,3080
"99568",3755,751,3004
"99569",3765,753,3012
"99570",5420,1084,4336
"99571",4385,877,3508
"99572",4385,877,3508
"99573",5455,1091,4364
"99574",4760,952,3808
"99575",4970,994,3976
"99576",5765,1153,4612
"99577",4315,863,3452
"99578",3280,656,2624
"99579",4295,859,3436
"99580",4850,970,3880
"99581",6060,1212,4848
"99582",3835,767,3068
"99583",4825,965,3860
"99584",4430,886,3544
"99585",4100,820,3280
"99586",3925,785,3140
"99587",5010,1002,4008
"99588",4800,960,3840
"99589",3895,779,3116
"99590",6315,1263,5052
"99591",6530,1306,5224
"99592",5285,1057,4228
"99593",4750,950,3800
"99594",3925,785,3140
"99595",6095,1219,4876
"99596",4030,806,3224
"99597",3530,706,2824
"99598",4980,996,3984
"99599",4590,918,3672
"99600",4520,904,3616
"99601",4000,800,3200
"99602",4805,961,3844
"99603",4730,946,3784
"99604",4675,935,3740
"99605",6100,1220,4880
"99606",4580,916,3664
"99607",3400,680,2720
"99608",4255,851,3404
"99609",4460,892,3568
"99610",6650,1330,5320
"99611",4650,930,3720
"99612",3795,759,3036
"99613",4675,935,3740
"99614",4470,894,3576
"99615",4660,932,3728
"99616",4710,942,3768
"99617",4445,889,3556
"99618",5185,1037,4148
"99619",4800,960,3840
"99620",3530,706,2824
"99621",4710,942,3768
"99622",3710,742,2968
"99623",4800,960,3840
"99624",4430,886,3544
"99625",5470,1094,4376
"99626",4650,930,3720
"99627",5025,1005,4020
"99628",3870,774,3096
"99629",4245,849,3396
"99630",3825,765,3060
"99631",6115,1223,4892
"99632",3820,764,3056
"99633",4675,935,3740
"99634",5720,1144,4576
"99635",4985,997,3988
"99636",5215,1043,4172
"99637",7445,1489,5956
"99638",3565,713,2852
"99639",4055,811,3244
"99640",5320,1064,4256
"99641",6630,1326,5304
"99642",5345,1069,4276
"99643",4635,927,3708
"99644",4985,997,3988
"99645",5045,1009,4036
"99646",4340,868,3472
"99647",3710,742,2968
"99648",4700,940,3760
"99649",4645,929,3716
"99650",4115,823,3292
"99651",5180,1036,4144
"99652",3645,729,2916
"99653",4255,851,3404
"99654",4435,887,3548
"99655",3980,796,3184
"99656",4715,943,3772
"99657",6360,1272,5088
"99658",4960,992,3968
"99659",4030,806,3224
"99660",4635,927,3708
"99661",4435,887,3548
"99662",4685,937,3748
"99663",4945,989,3956
"99664",4825,965,3860
"99665",4660,932,3728
"99666",6335,1267,5068
"99667",3825,765,3060
"99668",4570,914,3656
"99669",4155,831,3324
"99670",6585,1317,5268
"99671",3760,752,3008
"99672",3895,779,3116
"99673",5170,1034,4136
"99674",4550,910,3640
"99675",4550,910,3640
"99676",4260,852,3408
"99677",4430,886,3544
"99678",5950,1190,4760
"99679",5400,1080,4320
"99680",4295,859,3436
"99681",4980,996,3984
"99682",3740,748,2992
"99683",4255,851,3404
"99684",5570,1114,4456
"99685",4425,885,3540
"99686",5185,1037,4148
"99687",4965,993,3972
"99688",5595,1119,4476
"99689",5135,1027,4108
"99690",4030,806,3224
"99691",4655,931,3724
"99692",3825,765,3060
"99693",5065,1013,4052
"99694",4265,853,3412
"99695",5520,1104,4416
"99696",4910,982,3928
"99697",4185,837,3348
"99698",4610,922,3688
"99699",4520,904,3616
"99700",4215,843,3372
"99701",4180,836,3344
"99702",4660,932,3728
"99703",4570,914,3656
"99704",5490,1098,4392
"99705",4710,942,3768
"99706",4000,800,3200
"99707",4440,888,3552
"99708",5365,1073,4292
"99709",3995,799,3196
"99710",6125,1225,4900
"99711",7310,1462,5848
"99712",4065,813,3252
"99713",4490,898,3592
"99714",4250,850,3400
"99715",4230,846,3384
"99716",4645,929,3716
"99717",4100,820,3280
"99718",4920,984,3936
"99719",4715,943,3772
"99720",4870,974,3896
"99721",6295,1259,5036
"99722",4540,908,3632
"99723",3630,726,2904
"99724",5025,1005,4020
"99725",4280,856,3424
"99726",4725,945,3780
"99727",4565,913,3652
"99728",4155,831,3324
"99729",5735,1147,4588
"99730",4905,981,3924
"99731",4885,977,3908
"99732",4200,840,3360
"99733",4635,927,3708
"99734",4450,890,3560
"99735",3895,779,3116
"99736",3995,799,3196
"99737",4380,876,3504
"99738",4715,943,3772
"99739",4180,836,3344
"99740",4140,828,3312
"99741",4440,888,3552
"99742",4460,892,3568
"99743",5645,1129,4516
"99744",4615,923,3692
"99745",4765,953,3812
"99746",7260,1452,5808
"99747",5315,1063,4252
"99748",4375,875,3500
"99749",5280,1056,4224
"99750",3280,656,2624
"99751",5330,1066,4264
"99752",4665,933,3732
"99753",5390,1078,4312
"99754",4795,959,3836
"99755",4825,965,3860
"99756",4650,930,3720
"99757",4255,851,3404
"99758",4510,902,3608
"99759",4220,844,3376
"99760",4985,997,3988
"99761",3570,714,2856
"99762",3905,781,3124
"99763",4150,830,3320
"99764",3570,714,2856
"99765",5175,1035,4140
"99766",4580,916,3664
"99767",4180,836,3344
"99768",4760,952,3808
"99769",4490,898,3592
"99770",4085,817,3268
"99771",4720,944,3776
"99772",5420,1084,4336
"99773",4375,875,3500
"99774",5450,1090,4360
"99775",4695,939,3756
"99776",4705,941,3764
"99777",4025,805,3220
"99778",4440,888,3552
"99779",3765,753,3012
"99780",4730,946,3784
"99781",4915,983,3932
"99782",4710,942,3768
"99783",6215,1243,4972
"99784",4830,966,3864
"99785",4545,909,3636
"99786",5180,1036,4144
"99787",4405,881,3524
"99788",5285,1057,4228
"99789",4600,920,3680
"99790",3915,783,3132
"99791",4050,810,3240
"99792",3925,785,3140
"99793",7690,1538,6152
"99794",4880,976,3904
"99795",5820,1164,4656
"99796",3640,728,2912
"99797",3575,715,2860
"99798",3870,774,3096
"99799",5035,1007,4028
"99800",4840,968,3872
"99801",3895,779,3116
"99802",4965,993,3972
"99803",4780,956,3824
"99804",5020,1004,4016
"99805",4570,914,3656
"99806",4010,802,3208
"99807",3100,620,2480
"99808",4505,901,3604
"99809",4825,965,3860
"99810",5340,1068,4272
"99811",5255,1051,4204
"99812",3600,720,2880
"99813",5025,1005,4020
"99814",4570,914,3656
"99815",7250,1450,5800
"99816",5600,1120,4480
"99817",4840,968,3872
"99818",4535,907,3628
"99819",4105,821,3284
"99820",3750,750,3000
"99821",4775,955,3820
"99822",4945,989,3956
"99823",5030,1006,4024
"99824",4465,893,3572
"99825",5155,1031,4124
"99826",4945,989,3956
"99827",3780,756,3024
"99828",7480,1496,5984
"99829",5040,1008,4032
"99830",6375,1275,5100
"99831",5530,1106,4424
"99832",4445,889,3556
"99833",4660,932,3728
"99834",3655,731,2924
"99835",4435,887,3548
"99836",4325,865,3460
"99837",4025,805,3220
"99838",4040,808,3232
"99839",4880,976,3904
"99840",4310,862,3448
"99841",3750,750,3000
"99842",4895,979,3916
"99843",5635,1127,4508
"99844",4900,980,3920
"99845",5185,1037,4148
"99846",4620,924,3696
"99847",4520,904,3616
"99848",4815,963,3852
"99849",4220,844,3376
"99850",4165,833,3332
"99851",6215,1243,4972
"99852",4225,845,3380
"99853",5325,1065,4260
"99854",6635,1327,5308
"99855",4100,820,3280
"99856",4200,840,3360
"99857",6310,1262,5048
"99858",4890,978,3912
"99859",7945,1589,6356
"99860",5240,1048,4192
"99861",3970,794,3176
"99862",5005,1001,4004
"99863",3830,766,3064
"99864",4480,896,3584
"99865",3750,750,3000
"99866",4080,816,3264
"99867",5295,1059,4236
"99868",4390,878,3512
"99869",5800,1160,4640
"99870",5195,1039,4156
"99871",5655,1131,4524
"99872",5330,1066,4264
"99873",5345,1069,4276
"99874",5230,1046,4184
"99875",5840,1168,4672
"99876",4405,881,3524
"99877",5220,1044,4176
"99878",5620,1124,4496
"99879",6020,1204,4816
"99880",4045,809,3236
"99881",3480,696,2784
"99882",6355,1271,5084
"99883",4585,917,3668
"99884",4755,951,3804
"99885",3615,723,2892
"99886",7140,1428,5712
"99887",4410,882,3528
"99888",4770,954,3816
"99889",3985,797,3188
"99890",4735,947,3788
"99891",4150,830,3320
"99892",5245,1049,4196
"99893",5090,1018,4072
"99894",4000,800,3200
"99895",4230,846,3384
"99896",4870,974,3896
"99897",3810,762,3048
"99898",3895,779,3116
"99899",5330,1066,4264
"99900",5000,1000,4000
"99901",5305,1061,4244
"99902",5530,1106,4424
"99903",6775,1355,5420
"99904",4870,974,3896
"99905",5575,1115,4460
"99906",3655,731,2924
"99907",4785,957,3828
"99908",3955,791,3164
"99909",4775,955,3820
"99910",5300,1060,4240
"99911",6475,1295,5180
"99912",5625,1125,4500
"99913",5145,1029,4116
"99914",4170,834,3336
"99915",4900,980,3920
"99916",5280,1056,4224
"99917",3990,798,3192
"99918",5020,1004,4016
"99919",3975,795,3180
"99920",4920,984,3936
"99921",3975,795,3180
"99922",4580,916,3664
"99923",4250,850,3400
"99924",4595,919,3676
"99925",4875,975,3900
"99926",4355,871,3484
"99927",4225,845,3380
"99928",4080,816,3264
"99929",4215,843,3372
"99930",3690,738,2952
"99931",3785,757,3028
"99932",4035,807,3228
"99933",4935,987,3948
"99934",4440,888,3552
"99935",3910,782,3128
"99936",4235,847,3388
"99937",4790,958,3832
"99938",4400,880,3520
"99939",4260,852,3408
"99940",4885,977,3908
"99941",4950,990,3960
"99942",5115,1023,4092
"99943",5020,1004,4016
"99944",4980,996,3984
"99945",3655,731,2924
"99946",4955,991,3964
"99947",4005,801,3204
"99948",5735,1147,4588
"99949",4050,810,3240
"99950",5000,1000,4000
"99951",5635,1127,4508
"99952",3745,749,2996
"99953",4035,807,3228
"99954",4605,921,3684
"99955",5885,1177,4708
"99956",3275,655,2620
"99957",3815,763,3052
"99958",5400,1080,4320
"99959",5715,1143,4572
"99960",4335,867,3468
"99961",4690,938,3752
"99962",5315,1063,4252
"99963",5635,1127,4508
"99964",4420,884,3536
"99965",4300,860,3440
"99966",4665,933,3732
"99967",4740,948,3792
"99968",4580,916,3664
"99969",4400,880,3520
"99970",4830,966,3864
"99971",4340,868,3472
"99972",4745,949,3796
"99973",4325,865,3460
"99974",6875,1375,5500
"99975",4035,807,3228
"99976",3735,747,2988
"99977",4100,820,3280
"99978",5485,1097,4388
"99979",4735,947,3788
"99980",4950,990,3960
"99981",6365,1273,5092
"99982",3355,671,2684
"99983",4760,952,3808
"99984",3920,784,3136
"99985",4145,829,3316
"99986",5255,1051,4204
"99987",5210,1042,4168
"99988",5350,1070,4280
"99989",3725,745,2980
"99990",4675,935,3740
"99991",4285,857,3428
"99992",6175,1235,4940
"99993",4470,894,3576
"99994",4525,905,3620
"99995",5285,1057,4228
"99996",5185,1037,4148
"99997",5285,1057,4228
"99998",4615,923,3692
"99999",4610,922,3688
"100000",3880,776,3104
